Iteration; Fitness nach Rekombination; Fitness nach Mutation; Anzahl aktiver Knoten; Anteil aktiver Knoten
1; 0,30859375; 0,296875; 492,2857142857143; 0,081775054
2; 0,296875; 0,2890625; 467,25; 0,077616274
3; 0,2890625; 0,2890625; 438,07142857142856; 0,072769344
4; 0,23046875; 0,23046875; 434,375; 0,07215531
5; 0,23046875; 0,23046875; 454,94642857142856; 0,07557249
6; 0,23046875; 0,2265625; 400,42857142857144; 0,066516355
7; 0,2265625; 0,20703125; 401,6607142857143; 0,06672104
8; 0,20703125; 0,20703125; 401,60714285714283; 0,06671215
9; 0,20703125; 0,20703125; 399,9642857142857; 0,066439256
10; 0,20703125; 0,20703125; 399,98214285714283; 0,06644222
11; 0,20703125; 0,20703125; 398,48214285714283; 0,06619306
12; 0,20703125; 0,1953125; 400,01785714285717; 0,06644815
13; 0,1953125; 0,15234375; 398,44642857142856; 0,06618713
14; 0,15234375; 0,15234375; 398,73214285714283; 0,06623461
15; 0,15234375; 0,15234375; 398,60714285714283; 0,06621383
16; 0,15234375; 0,1484375; 399,19642857142856; 0,06631171
17; 0,1484375; 0,09765625; 400,25; 0,06648672
18; 0,09375; 0,09375; 402,82142857142856; 0,06691386
19; 0,09375; 0,09375; 426,76785714285717; 0,07089166
20; 0,09375; 0,0859375; 428,64285714285717; 0,07120311
21; 0,0859375; 0,0859375; 429,19642857142856; 0,07129507
22; 0,0859375; 0,08203125; 428,69642857142856; 0,07121202
23; 0,08203125; 0,06640625; 426,0892857142857; 0,07077893
24; 0,06640625; 0,06640625; 428,60714285714283; 0,071197174
25; 0,0625; 0,0625; 419,9642857142857; 0,06976151
26; 0,0625; 0,0625; 406,80357142857144; 0,06757535
27; 0,0625; 0,0625; 411,98214285714283; 0,06843559
28; 0,0625; 0,0625; 409,0357142857143; 0,067946136
29; 0,0625; 0,0625; 415,85714285714283; 0,06907928
30; 0,0625; 0,0625; 413,17857142857144; 0,06863434
31; 0,0625; 0,0625; 413,5; 0,068687715
32; 0,0625; 0,0625; 415,92857142857144; 0,06909115
33; 0,0625; 0,0625; 417,14285714285717; 0,069292836
34; 0,0625; 0,0625; 417,73214285714283; 0,069390714
35; 0,0625; 0,0625; 417,55357142857144; 0,06936107
36; 0,0625; 0,0625; 415,85714285714283; 0,06907926
37; 0,0625; 0,0625; 420,25; 0,06980897
38; 0,0625; 0,0625; 421,5357142857143; 0,07002254
39; 0,0625; 0,0625; 418,14285714285717; 0,069458954
40; 0,0625; 0,0625; 418,25; 0,06947676
41; 0,0625; 0,0625; 417,8392857142857; 0,06940854
42; 0,0625; 0,0625; 417,4642857142857; 0,06934625
43; 0,0625; 0,0625; 417,7857142857143; 0,06939964
44; 0,0625; 0,0625; 416,55357142857144; 0,069194965
45; 0,0625; 0,0625; 416,5892857142857; 0,069200896
46; 0,0625; 0,0625; 416,07142857142856; 0,069114864
47; 0,0625; 0,0625; 416,125; 0,06912377
48; 0,0625; 0,0625; 414,7857142857143; 0,06890129
49; 0,0625; 0,0625; 413,9107142857143; 0,06875595
50; 0,0625; 0,0625; 414,2857142857143; 0,068818234
51; 0,0625; 0,0625; 410,85714285714283; 0,068248704
52; 0,0625; 0,0625; 410,30357142857144; 0,06815676
53; 0,0625; 0,0625; 410,5892857142857; 0,06820422
54; 0,0625; 0,0625; 407,5; 0,06769105
55; 0,0625; 0,0625; 406,85714285714283; 0,06758426
56; 0,0625; 0,0625; 404,9107142857143; 0,067260936
57; 0,0625; 0,0625; 402,51785714285717; 0,066863455
58; 0,0625; 0,0625; 403,17857142857144; 0,0669732
59; 0,0625; 0,0625; 405,7142857142857; 0,06739442
60; 0,0625; 0,0625; 410,07142857142856; 0,06811819
61; 0,0625; 0,0625; 409,5892857142857; 0,06803809
62; 0,0625; 0,0625; 411,875; 0,06841777
63; 0,0625; 0,0625; 414,125; 0,068791516
64; 0,0625; 0,0625; 419,23214285714283; 0,069639884
65; 0,0625; 0,0625; 421,67857142857144; 0,07004627
66; 0,0625; 0,0625; 423,07142857142856; 0,070277646
67; 0,0625; 0,0625; 421,0; 0,06993354
68; 0,0625; 0,0625; 423,42857142857144; 0,07033697
69; 0,0625; 0,0625; 425,51785714285717; 0,07068403
70; 0,0625; 0,0625; 423,89285714285717; 0,07041409
71; 0,0625; 0,0625; 424,05357142857144; 0,07044079
72; 0,0625; 0,0625; 423,94642857142856; 0,070423
73; 0,0625; 0,0625; 425,32142857142856; 0,070651405
74; 0,0625; 0,0625; 426,67857142857144; 0,070876844
75; 0,0625; 0,0625; 425,5357142857143; 0,070687
76; 0,0625; 0,0625; 429,0357142857143; 0,071268395
77; 0,0625; 0,0625; 431,48214285714283; 0,07167477
78; 0,0625; 0,0625; 429,10714285714283; 0,071280256
79; 0,0625; 0,0625; 432,7857142857143; 0,071891315
80; 0,0625; 0,0625; 432,9642857142857; 0,071921
81; 0,0625; 0,0625; 438,8392857142857; 0,0728969
82; 0,0625; 0,0625; 438,39285714285717; 0,07282275
83; 0,0625; 0,0625; 440,48214285714283; 0,07316979
84; 0,0625; 0,0625; 438,94642857142856; 0,0729147
85; 0,0625; 0,0625; 441,25; 0,07329736
86; 0,0625; 0,0625; 440,25; 0,073131226
87; 0,0625; 0,0625; 438,55357142857144; 0,07284944
88; 0,0625; 0,0625; 439,39285714285717; 0,07298885
89; 0,0625; 0,0625; 440,25; 0,07313122
90; 0,0625; 0,0625; 441,07142857142856; 0,07326768
91; 0,0625; 0,0625; 440,0892857142857; 0,07310452
92; 0,0625; 0,0625; 439,0; 0,07292359
93; 0,0625; 0,0625; 441,125; 0,07327659
94; 0,0625; 0,0625; 438,0892857142857; 0,07277232
95; 0,0625; 0,0625; 439,94642857142856; 0,0730808
96; 0,0625; 0,0625; 439,7857142857143; 0,07305411
97; 0,0625; 0,0625; 434,42857142857144; 0,07216423
98; 0,0625; 0,0625; 438,69642857142856; 0,07287317
99; 0,0625; 0,0625; 442,4107142857143; 0,07349015
100; 0,0625; 0,0625; 442,82142857142856; 0,073558375
101; 0,0625; 0,0625; 445,2142857142857; 0,07395587
102; 0,0625; 0,0625; 449,05357142857144; 0,07459362
103; 0,0625; 0,0625; 444,51785714285717; 0,07384018
104; 0,0625; 0,0625; 444,23214285714283; 0,07379271
105; 0,0625; 0,0625; 444,0; 0,07375418
106; 0,0625; 0,05859375; 444,80357142857144; 0,07388763
107; 0,05859375; 0,05859375; 444,07142857142856; 0,073766045
108; 0,05859375; 0,05859375; 442,92857142857144; 0,0735762
109; 0,05859375; 0,05859375; 443,67857142857144; 0,07370077
110; 0,05859375; 0,05859375; 444,7142857142857; 0,07387281
111; 0,05859375; 0,05859375; 445,57142857142856; 0,0740152
112; 0,05859375; 0,05859375; 447,0; 0,07425249
113; 0,05859375; 0,05859375; 447,4107142857143; 0,07432071
114; 0,05859375; 0,05859375; 445,3392857142857; 0,07397663
115; 0,05859375; 0,05859375; 445,875; 0,07406562
116; 0,05859375; 0,05859375; 444,9107142857143; 0,07390542
117; 0,05859375; 0,05859375; 443,2142857142857; 0,07362362
118; 0,05859375; 0,05859375; 443,39285714285717; 0,07365329
119; 0,05859375; 0,05859375; 443,5892857142857; 0,07368592
120; 0,05859375; 0,05859375; 442,14285714285717; 0,07344567
121; 0,05859375; 0,05859375; 442,98214285714283; 0,07358505
122; 0,05859375; 0,05859375; 442,98214285714283; 0,073585056
123; 0,05859375; 0,05859375; 444,89285714285717; 0,073902465
124; 0,05859375; 0,05859375; 445,4107142857143; 0,0739885
125; 0,05859375; 0,05859375; 446,23214285714283; 0,07412494
126; 0,05859375; 0,05859375; 445,92857142857144; 0,074074514
127; 0,05859375; 0,05859375; 445,10714285714283; 0,07393806
128; 0,05859375; 0,05859375; 443,39285714285717; 0,073653296
129; 0,05859375; 0,05859375; 443,3392857142857; 0,07364439
130; 0,05859375; 0,05859375; 442,35714285714283; 0,073481224
131; 0,05859375; 0,05859375; 441,05357142857144; 0,073264696
132; 0,05859375; 0,05859375; 442,44642857142856; 0,073496066
133; 0,05859375; 0,05859375; 442,25; 0,07346345
134; 0,05859375; 0,05859375; 443,5892857142857; 0,07368591
135; 0,05859375; 0,05859375; 441,875; 0,07340115
136; 0,05859375; 0,05859375; 440,4107142857143; 0,07315791
137; 0,05859375; 0,0546875; 442,69642857142856; 0,0735376
138; 0,0546875; 0,0546875; 441,82142857142856; 0,07339226
139; 0,0546875; 0,0546875; 440,2857142857143; 0,07313716
140; 0,0546875; 0,0546875; 440,48214285714283; 0,073169775
141; 0,0546875; 0,0546875; 440,01785714285717; 0,07309266
142; 0,0546875; 0,05078125; 442,2142857142857; 0,07345753
143; 0,05078125; 0,05078125; 442,94642857142856; 0,07357914
144; 0,05078125; 0,05078125; 478,32142857142856; 0,07945539
145; 0,05078125; 0,05078125; 492,85714285714283; 0,08186996
146; 0,05078125; 0,05078125; 493,32142857142856; 0,08194707
147; 0,05078125; 0,05078125; 491,125; 0,08158223
148; 0,05078125; 0,05078125; 492,6607142857143; 0,08183734
149; 0,05078125; 0,05078125; 492,32142857142856; 0,08178097
150; 0,05078125; 0,05078125; 492,4642857142857; 0,08180469
151; 0,05078125; 0,05078125; 492,0357142857143; 0,0817335
152; 0,05078125; 0,05078125; 490,42857142857144; 0,08146654
153; 0,05078125; 0,05078125; 487,80357142857144; 0,081030495
154; 0,05078125; 0,05078125; 489,125; 0,08125001
155; 0,05078125; 0,05078125; 487,98214285714283; 0,08106015
156; 0,05078125; 0,05078125; 487,51785714285717; 0,080983035
157; 0,05078125; 0,05078125; 488,875; 0,08120847
158; 0,05078125; 0,05078125; 489,17857142857144; 0,08125889
159; 0,05078125; 0,05078125; 488,89285714285717; 0,08121143
160; 0,05078125; 0,05078125; 486,19642857142856; 0,080763526
161; 0,05078125; 0,05078125; 487,2142857142857; 0,08093262
162; 0,05078125; 0,05078125; 485,98214285714283; 0,08072793
163; 0,05078125; 0,05078125; 484,64285714285717; 0,080505475
164; 0,05078125; 0,05078125; 484,1607142857143; 0,080425374
165; 0,05078125; 0,05078125; 485,1607142857143; 0,08059149
166; 0,05078125; 0,05078125; 484,4642857142857; 0,08047579
167; 0,05078125; 0,05078125; 482,0357142857143; 0,08007239
168; 0,05078125; 0,05078125; 480,9107142857143; 0,0798855
169; 0,05078125; 0,05078125; 479,60714285714283; 0,079668954
170; 0,05078125; 0,05078125; 477,9107142857143; 0,07938717
171; 0,05078125; 0,05078125; 478,01785714285717; 0,079404965
172; 0,05078125; 0,05078125; 474,3392857142857; 0,0787939
173; 0,05078125; 0,05078125; 477,98214285714283; 0,07939903
174; 0,05078125; 0,05078125; 476,3392857142857; 0,07912611
175; 0,05078125; 0,05078125; 475,5; 0,078986704
176; 0,05078125; 0,05078125; 476,69642857142856; 0,07918545
177; 0,05078125; 0,05078125; 481,10714285714283; 0,07991813
178; 0,05078125; 0,05078125; 480,57142857142856; 0,07982914
179; 0,05078125; 0,05078125; 478,07142857142856; 0,07941385
180; 0,05078125; 0,05078125; 478,4107142857143; 0,07947021
181; 0,05078125; 0,05078125; 479,1607142857143; 0,07959479
182; 0,05078125; 0,05078125; 474,01785714285717; 0,078740515
183; 0,05078125; 0,05078125; 474,5; 0,07882059
184; 0,05078125; 0,05078125; 476,7142857142857; 0,079188414
185; 0,05078125; 0,05078125; 478,1607142857143; 0,07942869
186; 0,05078125; 0,05078125; 481,5892857142857; 0,07999821
187; 0,05078125; 0,05078125; 480,05357142857144; 0,0797431
188; 0,05078125; 0,05078125; 478,69642857142856; 0,07951768
189; 0,05078125; 0,05078125; 477,92857142857144; 0,07939013
190; 0,05078125; 0,05078125; 478,9107142857143; 0,07955327
191; 0,05078125; 0,05078125; 480,55357142857144; 0,07982617
192; 0,05078125; 0,05078125; 479,64285714285717; 0,07967489
193; 0,05078125; 0,05078125; 476,5357142857143; 0,079158746
194; 0,05078125; 0,05078125; 474,51785714285717; 0,07882357
195; 0,05078125; 0,05078125; 471,82142857142856; 0,078375645
196; 0,05078125; 0,05078125; 476,39285714285717; 0,079135016
197; 0,05078125; 0,05078125; 474,125; 0,07875829
198; 0,05078125; 0,05078125; 473,5892857142857; 0,07866931
199; 0,05078125; 0,05078125; 475,39285714285717; 0,07896892
200; 0,05078125; 0,05078125; 476,2142857142857; 0,079105355
201; 0,05078125; 0,05078125; 479,26785714285717; 0,079612605
202; 0,05078125; 0,05078125; 480,375; 0,07979651
203; 0,05078125; 0,05078125; 480,26785714285717; 0,079778716
204; 0,05078125; 0,05078125; 477,5; 0,07931894
205; 0,05078125; 0,05078125; 477,98214285714283; 0,079399034
206; 0,05078125; 0,05078125; 478,98214285714283; 0,07956512
207; 0,05078125; 0,05078125; 477,625; 0,07933969
208; 0,05078125; 0,05078125; 477,5357142857143; 0,07932488
209; 0,05078125; 0,05078125; 477,48214285714283; 0,079315975
210; 0,05078125; 0,05078125; 480,07142857142856; 0,079746075
211; 0,05078125; 0,05078125; 479,42857142857144; 0,0796393
212; 0,05078125; 0,05078125; 484,4642857142857; 0,08047581
213; 0,05078125; 0,05078125; 485,4642857142857; 0,0806419
214; 0,05078125; 0,05078125; 487,5; 0,080980055
215; 0,05078125; 0,05078125; 486,57142857142856; 0,08082581
216; 0,05078125; 0,05078125; 486,26785714285717; 0,080775395
217; 0,05078125; 0,05078125; 486,6607142857143; 0,08084065
218; 0,05078125; 0,05078125; 488,48214285714283; 0,08114322
219; 0,05078125; 0,05078125; 486,67857142857144; 0,08084362
220; 0,05078125; 0,05078125; 483,57142857142856; 0,08032747
221; 0,05078125; 0,05078125; 482,2142857142857; 0,08010204
222; 0,05078125; 0,05078125; 482,57142857142856; 0,080161355
223; 0,05078125; 0,05078125; 482,0357142857143; 0,080072366
224; 0,05078125; 0,05078125; 482,2857142857143; 0,080113895
225; 0,05078125; 0,05078125; 481,375; 0,07996261
226; 0,05078125; 0,05078125; 481,98214285714283; 0,08006348
227; 0,05078125; 0,05078125; 482,3392857142857; 0,080122784
228; 0,05078125; 0,05078125; 483,51785714285717; 0,08031857
229; 0,05078125; 0,05078125; 483,07142857142856; 0,08024441
230; 0,05078125; 0,05078125; 482,875; 0,08021178
231; 0,05078125; 0,05078125; 483,875; 0,08037789
232; 0,05078125; 0,05078125; 483,7857142857143; 0,08036306
233; 0,05078125; 0,05078125; 484,67857142857144; 0,08051137
234; 0,05078125; 0,05078125; 484,01785714285717; 0,08040162
235; 0,05078125; 0,05078125; 483,82142857142856; 0,08036898
236; 0,05078125; 0,05078125; 484,2142857142857; 0,08043426
237; 0,05078125; 0,05078125; 484,875; 0,08054401
238; 0,05078125; 0,05078125; 484,48214285714283; 0,08047875
239; 0,05078125; 0,05078125; 487,19642857142856; 0,08092963
240; 0,05078125; 0,05078125; 488,9642857142857; 0,08122332
241; 0,05078125; 0,05078125; 490,125; 0,08141611
242; 0,05078125; 0,05078125; 492,19642857142856; 0,08176021
243; 0,05078125; 0,05078125; 492,73214285714283; 0,081849195
244; 0,05078125; 0,05078125; 493,01785714285717; 0,08189666
245; 0,05078125; 0,05078125; 490,85714285714283; 0,08153774
246; 0,05078125; 0,05078125; 490,07142857142856; 0,081407234
247; 0,05078125; 0,05078125; 488,67857142857144; 0,08117585
248; 0,05078125; 0,05078125; 487,1607142857143; 0,0809237
249; 0,05078125; 0,05078125; 487,6607142857143; 0,08100676
250; 0,05078125; 0,05078125; 487,64285714285717; 0,08100379
251; 0,05078125; 0,05078125; 489,75; 0,08135382
252; 0,05078125; 0,05078125; 488,8392857142857; 0,08120253
253; 0,05078125; 0,05078125; 489,2857142857143; 0,0812767
254; 0,05078125; 0,05078125; 488,01785714285717; 0,08106609
255; 0,05078125; 0,05078125; 490,10714285714283; 0,08141315
256; 0,05078125; 0,046875; 491,80357142857144; 0,081694946
257; 0,046875; 0,046875; 492,17857142857144; 0,081757225
258; 0,046875; 0,046875; 494,1607142857143; 0,082086466
259; 0,046875; 0,046875; 505,85714285714283; 0,084029414
260; 0,046875; 0,046875; 505,4642857142857; 0,08396416
261; 0,046875; 0,046875; 506,57142857142856; 0,084148094
262; 0,046875; 0,046875; 505,64285714285717; 0,083993815
263; 0,046875; 0,046875; 507,0892857142857; 0,0842341
264; 0,046875; 0,046875; 506,3392857142857; 0,08410951
265; 0,046875; 0,046875; 506,0357142857143; 0,084059104
266; 0,046875; 0,046875; 505,875; 0,08403242
267; 0,046875; 0,046875; 506,94642857142856; 0,08421038
268; 0,046875; 0,046875; 507,7857142857143; 0,084349796
269; 0,046875; 0,046875; 507,82142857142856; 0,08435573
270; 0,046875; 0,046875; 507,64285714285717; 0,08432605
271; 0,046875; 0,046875; 509,60714285714283; 0,08465236
272; 0,046875; 0,046875; 508,2142857142857; 0,08442098
273; 0,046875; 0,046875; 506,4642857142857; 0,08413029
274; 0,046875; 0,046875; 507,57142857142856; 0,08431418
275; 0,046875; 0,046875; 507,39285714285717; 0,08428454
276; 0,046875; 0,046875; 507,48214285714283; 0,08429937
277; 0,046875; 0,046875; 507,57142857142856; 0,08431419
278; 0,046875; 0,046875; 507,80357142857144; 0,08435277
279; 0,046875; 0,046875; 505,5; 0,08397011
280; 0,046875; 0,046875; 506,07142857142856; 0,08406503
281; 0,046875; 0,046875; 504,94642857142856; 0,08387815
282; 0,046875; 0,046875; 503,9107142857143; 0,083706096
283; 0,046875; 0,046875; 504,9642857142857; 0,08388112
284; 0,046875; 0,046875; 504,01785714285717; 0,08372389
285; 0,046875; 0,046875; 504,1607142857143; 0,08374762
286; 0,046875; 0,046875; 502,39285714285717; 0,083453946
287; 0,046875; 0,046875; 502,19642857142856; 0,083421335
288; 0,046875; 0,046875; 502,85714285714283; 0,08353109
289; 0,046875; 0,046875; 502,75; 0,0835133
290; 0,046875; 0,046875; 500,39285714285717; 0,08312174
291; 0,046875; 0,046875; 502,25; 0,08343024
292; 0,046875; 0,046875; 502,51785714285717; 0,08347474
293; 0,046875; 0,046875; 502,94642857142856; 0,083545916
294; 0,046875; 0,046875; 503,73214285714283; 0,08367642
295; 0,046875; 0,046875; 503,9642857142857; 0,083714984
296; 0,046875; 0,046875; 507,01785714285717; 0,08422221
297; 0,046875; 0,046875; 506,51785714285717; 0,08413916
298; 0,046875; 0,046875; 509,0; 0,084551476
299; 0,046875; 0,046875; 509,82142857142856; 0,084687956
300; 0,046875; 0,046875; 511,375; 0,08494602
301; 0,046875; 0,046875; 511,14285714285717; 0,08490747
302; 0,046875; 0,046875; 510,17857142857144; 0,08474727
303; 0,046875; 0,046875; 510,67857142857144; 0,08483032
304; 0,046875; 0,046875; 512,7857142857143; 0,08518034
305; 0,046875; 0,046875; 513,6785714285714; 0,085328676
306; 0,046875; 0,046875; 519,6071428571429; 0,08631348
307; 0,046875; 0,046875; 520,3214285714286; 0,08643215
308; 0,046875; 0,046875; 519,2678571428571; 0,08625712
309; 0,046875; 0,046875; 520,3571428571429; 0,08643807
310; 0,046875; 0,046875; 516,4821428571429; 0,08579438
311; 0,046875; 0,046875; 513,9821428571429; 0,0853791
312; 0,046875; 0,046875; 515,5714285714286; 0,0856431
313; 0,046875; 0,046875; 515,8035714285714; 0,08568168
314; 0,046875; 0,046875; 518,0; 0,08604653
315; 0,046875; 0,046875; 513,9107142857143; 0,08536724
316; 0,046875; 0,046875; 514,5; 0,085465126
317; 0,046875; 0,046875; 513,9642857142857; 0,08537615
318; 0,046875; 0,046875; 514,4642857142857; 0,08545922
319; 0,046875; 0,046875; 515,0535714285714; 0,0855571
320; 0,046875; 0,046875; 514,4107142857143; 0,0854503
321; 0,046875; 0,046875; 514,8214285714286; 0,08551853
322; 0,046875; 0,046875; 514,5892857142857; 0,08547994
323; 0,046875; 0,046875; 514,2142857142857; 0,08541767
324; 0,046875; 0,046875; 515,7857142857143; 0,085678704
325; 0,046875; 0,046875; 516,0; 0,08571428
326; 0,046875; 0,046875; 516,1964285714286; 0,085746944
327; 0,046875; 0,046875; 515,7857142857143; 0,08567871
328; 0,046875; 0,046875; 517,1607142857143; 0,08590711
329; 0,046875; 0,046875; 515,6071428571429; 0,085649036
330; 0,046875; 0,046875; 517,1607142857143; 0,08590712
331; 0,046875; 0,046875; 517,2857142857143; 0,08592788
332; 0,046875; 0,046875; 517,6785714285714; 0,085993126
333; 0,046875; 0,046875; 518,0714285714286; 0,0860584
334; 0,046875; 0,046875; 517,875; 0,08602576
335; 0,046875; 0,046875; 519,1071428571429; 0,086230434
336; 0,046875; 0,046875; 518,4642857142857; 0,08612363
337; 0,046875; 0,046875; 519,0; 0,08621263
338; 0,046875; 0,046875; 517,6785714285714; 0,08599312
339; 0,046875; 0,046875; 519,8035714285714; 0,086346135
340; 0,046875; 0,046875; 520,625; 0,08648254
341; 0,046875; 0,046875; 522,7857142857143; 0,08684148
342; 0,046875; 0,046875; 527,9821428571429; 0,08770465
343; 0,046875; 0,046875; 525,75; 0,08733388
344; 0,046875; 0,046875; 524,5714285714286; 0,08713811
345; 0,046875; 0,046875; 529,625; 0,08797758
346; 0,046875; 0,046875; 534,4821428571429; 0,088784404
347; 0,046875; 0,046875; 529,2857142857143; 0,08792122
348; 0,046875; 0,046875; 533,1785714285714; 0,088567875
349; 0,046875; 0,046875; 527,7321428571429; 0,08766317
350; 0,046875; 0,046875; 533,125; 0,08855899
351; 0,046875; 0,046875; 534,5178571428571; 0,08879035
352; 0,046875; 0,046875; 535,25; 0,088911995
353; 0,046875; 0,046875; 537,4821428571429; 0,089282766
354; 0,046875; 0,046875; 531,8571428571429; 0,08834839
355; 0,046875; 0,046875; 532,1071428571429; 0,088389926
356; 0,046875; 0,046875; 535,6964285714286; 0,08898615
357; 0,046875; 0,046875; 531,8571428571429; 0,08834839
358; 0,046875; 0,046875; 535,0714285714286; 0,08888231
359; 0,046875; 0,046875; 532,9821428571429; 0,08853526
360; 0,046875; 0,046875; 525,8928571428571; 0,08735763
361; 0,046875; 0,046875; 530,2321428571429; 0,08807844
362; 0,046875; 0,046875; 518,9642857142857; 0,0862067
363; 0,046875; 0,046875; 519,1607142857143; 0,08623934
364; 0,046875; 0,046875; 521,625; 0,08664866
365; 0,046875; 0,046875; 522,6428571428571; 0,08681774
366; 0,046875; 0,046875; 520,2142857142857; 0,08641433
367; 0,046875; 0,046875; 521,5892857142857; 0,086642735
368; 0,046875; 0,046875; 521,7678571428571; 0,0866724
369; 0,046875; 0,046875; 526,125; 0,08739619
370; 0,046875; 0,046875; 526,5357142857143; 0,087464385
371; 0,046875; 0,046875; 529,0714285714286; 0,08788561
372; 0,046875; 0,046875; 534,3392857142857; 0,08876066
373; 0,046875; 0,046875; 530,6071428571429; 0,08814072
374; 0,046875; 0,046875; 529,7321428571429; 0,08799536
375; 0,046875; 0,046875; 523,8928571428571; 0,0870254
376; 0,046875; 0,046875; 518,7857142857143; 0,08617703
377; 0,046875; 0,046875; 526,6785714285714; 0,08748812
378; 0,046875; 0,046875; 528,6607142857143; 0,08781739
379; 0,046875; 0,046875; 531,3928571428571; 0,088271216
380; 0,046875; 0,046875; 532,5357142857143; 0,088461064
381; 0,046875; 0,046875; 530,875; 0,0881852
382; 0,046875; 0,046875; 531,9285714285714; 0,0883602
383; 0,046875; 0,046875; 535,3214285714286; 0,0889238
384; 0,046875; 0,046875; 531,2142857142857; 0,08824157
385; 0,046875; 0,046875; 532,7142857142857; 0,08849074
386; 0,046875; 0,046875; 530,8214285714286; 0,0881763
387; 0,046875; 0,046875; 531,7678571428571; 0,088333525
388; 0,046875; 0,046875; 529,5535714285714; 0,087965705
389; 0,046875; 0,046875; 529,5892857142857; 0,087971635
390; 0,046875; 0,046875; 529,25; 0,087915264
391; 0,046875; 0,046875; 533,1428571428571; 0,08856193
392; 0,046875; 0,046875; 543,2321428571429; 0,09023787
393; 0,046875; 0,046875; 540,7857142857143; 0,089831494
394; 0,046875; 0,046875; 539,0714285714286; 0,08954674
395; 0,046875; 0,046875; 539,5; 0,089617945
396; 0,046875; 0,046875; 537,875; 0,089348
397; 0,046875; 0,046875; 534,4642857142857; 0,08878146
398; 0,046875; 0,046875; 534,8392857142857; 0,08884375
399; 0,046875; 0,046875; 536,1428571428571; 0,08906027
400; 0,046875; 0,046875; 534,9464285714286; 0,088861525
401; 0,046875; 0,046875; 529,4821428571429; 0,08795386
402; 0,046875; 0,046875; 524,3392857142857; 0,08709955
403; 0,046875; 0,046875; 524,9642857142857; 0,08720339
404; 0,046875; 0,046875; 525,75; 0,08733391
405; 0,046875; 0,046875; 527,1964285714286; 0,08757417
406; 0,046875; 0,046875; 528,8571428571429; 0,08785003
407; 0,046875; 0,046875; 527,7321428571429; 0,08766315
408; 0,046875; 0,046875; 533,3035714285714; 0,08858862
409; 0,046875; 0,046875; 531,4821428571429; 0,08828604
410; 0,046875; 0,046875; 525,9107142857143; 0,08736058
411; 0,046875; 0,046875; 523,8392857142857; 0,087016486
412; 0,046875; 0,046875; 523,2857142857143; 0,08692453
413; 0,046875; 0,046875; 522,6785714285714; 0,08682368
414; 0,046875; 0,046875; 523,4821428571429; 0,08695716
415; 0,046875; 0,046875; 520,7321428571429; 0,08650035
416; 0,046875; 0,046875; 521,1607142857143; 0,08657155
417; 0,046875; 0,046875; 518,2142857142857; 0,08608211
418; 0,046875; 0,046875; 519,0535714285714; 0,08622152
419; 0,046875; 0,046875; 521,1428571428571; 0,08656859
420; 0,046875; 0,046875; 521,4285714285714; 0,08661604
421; 0,046875; 0,046875; 521,8928571428571; 0,08669316
422; 0,046875; 0,046875; 520,875; 0,08652408
423; 0,046875; 0,046875; 521,7321428571429; 0,086666465
424; 0,046875; 0,046875; 519,1071428571429; 0,08623044
425; 0,046875; 0,046875; 519,2857142857143; 0,08626009
426; 0,046875; 0,046875; 517,4642857142857; 0,08595752
427; 0,046875; 0,046875; 515,1071428571429; 0,08556599
428; 0,046875; 0,046875; 514,6428571428571; 0,085488856
429; 0,046875; 0,046875; 514,5714285714286; 0,085476995
430; 0,046875; 0,046875; 511,30357142857144; 0,08493416
431; 0,046875; 0,046875; 510,57142857142856; 0,08481254
432; 0,046875; 0,046875; 511,0; 0,08488371
433; 0,046875; 0,046875; 507,2857142857143; 0,08426672
434; 0,046875; 0,046875; 508,26785714285717; 0,084429875
435; 0,046875; 0,046875; 506,73214285714283; 0,084174775
436; 0,046875; 0,046875; 507,0892857142857; 0,08423408
437; 0,046875; 0,046875; 506,75; 0,084177725
438; 0,046875; 0,046875; 508,75; 0,08450995
439; 0,046875; 0,046875; 506,69642857142856; 0,084168814
440; 0,046875; 0,046875; 508,30357142857144; 0,0844358
441; 0,046875; 0,046875; 506,9642857142857; 0,084213324
442; 0,046875; 0,046875; 503,6607142857143; 0,08366456
443; 0,046875; 0,046875; 505,76785714285717; 0,08401459
444; 0,046875; 0,04296875; 505,26785714285717; 0,08393151
445; 0,04296875; 0,04296875; 502,55357142857144; 0,083480656
446; 0,04296875; 0,04296875; 515,8928571428571; 0,08569648
447; 0,04296875; 0,04296875; 518,6785714285714; 0,08615925
448; 0,04296875; 0,04296875; 519,5; 0,08629568
449; 0,04296875; 0,04296875; 517,8214285714286; 0,086016856
450; 0,04296875; 0,04296875; 517,6071428571429; 0,08598126
451; 0,04296875; 0,04296875; 516,4285714285714; 0,085785486
452; 0,04296875; 0,04296875; 513,5178571428571; 0,08530198
453; 0,04296875; 0,04296875; 514,6071428571429; 0,0854829
454; 0,04296875; 0,04296875; 512,3214285714286; 0,08510325
455; 0,04296875; 0,04296875; 507,42857142857144; 0,08429046
456; 0,04296875; 0,04296875; 507,35714285714283; 0,0842786
457; 0,04296875; 0,04296875; 504,10714285714283; 0,08373874
458; 0,04296875; 0,04296875; 504,6607142857143; 0,08383069
459; 0,04296875; 0,04296875; 500,0357142857143; 0,08306241
460; 0,04296875; 0,04296875; 496,73214285714283; 0,08251367
461; 0,04296875; 0,04296875; 499,60714285714283; 0,08299123
462; 0,04296875; 0,04296875; 496,82142857142856; 0,08252848
463; 0,04296875; 0,04296875; 499,73214285714283; 0,08301197
464; 0,04296875; 0,04296875; 499,5892857142857; 0,08298826
465; 0,04296875; 0,04296875; 501,10714285714283; 0,08324039
466; 0,04296875; 0,04296875; 499,5892857142857; 0,082988255
467; 0,04296875; 0,04296875; 502,7857142857143; 0,08351923
468; 0,04296875; 0,04296875; 501,10714285714283; 0,08324039
469; 0,04296875; 0,04296875; 502,73214285714283; 0,083510324
470; 0,04296875; 0,04296875; 502,625; 0,08349253
471; 0,04296875; 0,04296875; 500,1607142857143; 0,08308317
472; 0,04296875; 0,04296875; 499,60714285714283; 0,08299122
473; 0,04296875; 0,04296875; 502,98214285714283; 0,08355185
474; 0,04296875; 0,04296875; 502,32142857142856; 0,0834421
475; 0,04296875; 0,04296875; 503,8392857142857; 0,08369424
476; 0,04296875; 0,04296875; 508,19642857142856; 0,084418006
477; 0,04296875; 0,04296875; 508,07142857142856; 0,08439724
478; 0,04296875; 0,04296875; 506,9642857142857; 0,08421333
479; 0,04296875; 0,04296875; 507,2857142857143; 0,08426672
480; 0,04296875; 0,04296875; 508,69642857142856; 0,084501065
481; 0,04296875; 0,04296875; 505,5; 0,08397009
482; 0,04296875; 0,04296875; 502,39285714285717; 0,08345396
483; 0,04296875; 0,04296875; 501,7142857142857; 0,08334125
484; 0,04296875; 0,04296875; 503,39285714285717; 0,08362008
485; 0,04296875; 0,04296875; 499,0; 0,08289037
486; 0,04296875; 0,04296875; 498,64285714285717; 0,08283105
487; 0,04296875; 0,04296875; 503,35714285714283; 0,08361415
488; 0,04296875; 0,04296875; 497,6607142857143; 0,082667895
489; 0,04296875; 0,04296875; 498,44642857142856; 0,08279843
490; 0,04296875; 0,04296875; 498,85714285714283; 0,08286665
491; 0,04296875; 0,04296875; 497,69642857142856; 0,08267383
492; 0,04296875; 0,04296875; 498,51785714285717; 0,08281029
493; 0,04296875; 0,04296875; 501,67857142857144; 0,08333532
494; 0,04296875; 0,04296875; 503,48214285714283; 0,08363491
495; 0,04296875; 0,04296875; 499,3392857142857; 0,082946725
496; 0,04296875; 0,04296875; 498,3392857142857; 0,082780614
497; 0,04296875; 0,04296875; 494,26785714285717; 0,08210431
498; 0,04296875; 0,04296875; 492,6607142857143; 0,08183734
499; 0,04296875; 0,04296875; 492,26785714285717; 0,081772074
500; 0,04296875; 0,04296875; 490,89285714285717; 0,08154368
501; 0,04296875; 0,04296875; 490,9107142857143; 0,08154664
502; 0,04296875; 0,04296875; 492,42857142857144; 0,081798755
503; 0,04296875; 0,04296875; 493,55357142857144; 0,08198565
504; 0,04296875; 0,04296875; 494,0892857142857; 0,082074635
505; 0,04296875; 0,04296875; 496,30357142857144; 0,08244246
506; 0,04296875; 0,04296875; 496,1607142857143; 0,082418725
507; 0,04296875; 0,04296875; 497,375; 0,08262043
508; 0,04296875; 0,04296875; 497,55357142857144; 0,0826501
509; 0,04296875; 0,04296875; 495,44642857142856; 0,08230006
510; 0,04296875; 0,04296875; 496,6607142857143; 0,08250177
511; 0,04296875; 0,04296875; 496,67857142857144; 0,08250476
512; 0,04296875; 0,04296875; 495,9642857142857; 0,08238609
513; 0,04296875; 0,04296875; 495,875; 0,08237127
514; 0,04296875; 0,04296875; 496,64285714285717; 0,0824988
515; 0,04296875; 0,04296875; 495,82142857142856; 0,08236234
516; 0,04296875; 0,04296875; 496,5892857142857; 0,0824899
517; 0,04296875; 0,04296875; 499,0892857142857; 0,082905196
518; 0,04296875; 0,04296875; 497,51785714285717; 0,08264416
519; 0,04296875; 0,04296875; 498,75; 0,08284884
520; 0,04296875; 0,04296875; 499,26785714285717; 0,08293487
521; 0,04296875; 0,04296875; 500,875; 0,083201826
522; 0,04296875; 0,04296875; 503,2142857142857; 0,08359041
523; 0,04296875; 0,04296875; 501,80357142857144; 0,083356075
524; 0,04296875; 0,04296875; 498,75; 0,08284885
525; 0,04296875; 0,04296875; 499,30357142857144; 0,08294078
526; 0,04296875; 0,04296875; 498,64285714285717; 0,08283104
527; 0,04296875; 0,04296875; 497,92857142857144; 0,08271237
528; 0,04296875; 0,04296875; 497,80357142857144; 0,082691625
529; 0,04296875; 0,04296875; 496,85714285714283; 0,082534395
530; 0,04296875; 0,04296875; 495,76785714285717; 0,08235346
531; 0,04296875; 0,04296875; 496,0; 0,08239202
532; 0,04296875; 0,04296875; 493,9107142857143; 0,082044944
533; 0,04296875; 0,04296875; 492,69642857142856; 0,08184324
534; 0,04296875; 0,04296875; 492,0; 0,08172757
535; 0,04296875; 0,04296875; 490,3392857142857; 0,08145171
536; 0,04296875; 0,04296875; 491,30357142857144; 0,08161188
537; 0,04296875; 0,04296875; 492,80357142857144; 0,08186106
538; 0,04296875; 0,04296875; 493,80357142857144; 0,08202716
539; 0,04296875; 0,04296875; 490,2142857142857; 0,081430934
540; 0,04296875; 0,04296875; 487,125; 0,08091778
541; 0,04296875; 0,04296875; 488,75; 0,08118771
542; 0,04296875; 0,04296875; 485,39285714285717; 0,08063004
543; 0,04296875; 0,04296875; 484,64285714285717; 0,080505446
544; 0,04296875; 0,04296875; 489,32142857142856; 0,08128263
545; 0,04296875; 0,04296875; 482,76785714285717; 0,080194004
546; 0,04296875; 0,04296875; 485,5; 0,08064785
547; 0,04296875; 0,04296875; 485,9642857142857; 0,08072495
548; 0,04296875; 0,04296875; 489,07142857142856; 0,08124109
549; 0,04296875; 0,04296875; 487,32142857142856; 0,08095038
550; 0,04296875; 0,04296875; 485,01785714285717; 0,08056774
551; 0,04296875; 0,04296875; 485,85714285714283; 0,080707155
552; 0,04296875; 0,04296875; 482,875; 0,080211796
553; 0,04296875; 0,04296875; 485,0357142857143; 0,08057071
554; 0,04296875; 0,04296875; 479,73214285714283; 0,07968972
555; 0,04296875; 0,04296875; 480,07142857142856; 0,07974608
556; 0,04296875; 0,04296875; 481,7142857142857; 0,08001898
557; 0,04296875; 0,04296875; 485,89285714285717; 0,0807131
558; 0,04296875; 0,04296875; 485,98214285714283; 0,080727935
559; 0,04296875; 0,04296875; 483,17857142857144; 0,08026221
560; 0,04296875; 0,04296875; 485,10714285714283; 0,08058257
561; 0,04296875; 0,04296875; 489,26785714285717; 0,08127373
562; 0,04296875; 0,04296875; 492,94642857142856; 0,081884764
563; 0,04296875; 0,04296875; 489,3392857142857; 0,0812856
564; 0,04296875; 0,04296875; 492,55357142857144; 0,08181953
565; 0,04296875; 0,04296875; 487,98214285714283; 0,081060156
566; 0,04296875; 0,04296875; 490,26785714285717; 0,08143985
567; 0,04296875; 0,04296875; 486,1607142857143; 0,08075758
568; 0,04296875; 0,04296875; 491,42857142857144; 0,08163266
569; 0,04296875; 0,04296875; 492,48214285714283; 0,08180767
570; 0,04296875; 0,04296875; 491,125; 0,08158223
571; 0,04296875; 0,04296875; 491,1607142857143; 0,08158816
572; 0,04296875; 0,04296875; 493,92857142857144; 0,08204794
573; 0,04296875; 0,04296875; 494,69642857142856; 0,082175486
574; 0,04296875; 0,04296875; 496,625; 0,08249585
575; 0,04296875; 0,04296875; 496,76785714285717; 0,08251958
576; 0,04296875; 0,04296875; 497,7142857142857; 0,08267678
577; 0,04296875; 0,04296875; 498,05357142857144; 0,082733154
578; 0,04296875; 0,04296875; 497,23214285714283; 0,0825967
579; 0,04296875; 0,04296875; 496,6607142857143; 0,082501784
580; 0,04296875; 0,04296875; 497,57142857142856; 0,08265306
581; 0,04296875; 0,04296875; 497,7142857142857; 0,082676806
582; 0,04296875; 0,04296875; 497,98214285714283; 0,082721286
583; 0,04296875; 0,04296875; 498,32142857142856; 0,08277766
584; 0,04296875; 0,04296875; 498,2857142857143; 0,08277171
585; 0,04296875; 0,04296875; 498,125; 0,08274502
586; 0,04296875; 0,04296875; 497,76785714285717; 0,082685694
587; 0,04296875; 0,04296875; 498,375; 0,08278655
588; 0,04296875; 0,04296875; 499,07142857142856; 0,08290223
589; 0,04296875; 0,04296875; 497,30357142857144; 0,082608566
590; 0,04296875; 0,04296875; 497,14285714285717; 0,08258188
591; 0,04296875; 0,04296875; 496,76785714285717; 0,082519576
592; 0,04296875; 0,04296875; 497,4107142857143; 0,08262636
593; 0,04296875; 0,04296875; 497,67857142857144; 0,08267087
594; 0,04296875; 0,04296875; 498,98214285714283; 0,082887396
595; 0,04296875; 0,04296875; 497,76785714285717; 0,08268569
596; 0,04296875; 0,04296875; 497,35714285714283; 0,08261746
597; 0,04296875; 0,04296875; 497,35714285714283; 0,08261747
598; 0,04296875; 0,04296875; 497,0892857142857; 0,08257296
599; 0,04296875; 0,04296875; 497,2857142857143; 0,08260561
600; 0,04296875; 0,04296875; 497,42857142857144; 0,082629316
601; 0,04296875; 0,04296875; 496,98214285714283; 0,08255518
602; 0,04296875; 0,04296875; 498,0892857142857; 0,08273908
603; 0,04296875; 0,04296875; 497,98214285714283; 0,08272129
604; 0,04296875; 0,04296875; 498,19642857142856; 0,08275689
605; 0,04296875; 0,04296875; 497,32142857142856; 0,082611546
606; 0,04296875; 0,04296875; 497,7857142857143; 0,08268867
607; 0,04296875; 0,04296875; 498,0; 0,08272426
608; 0,04296875; 0,04296875; 497,44642857142856; 0,0826323
609; 0,04296875; 0,04296875; 496,98214285714283; 0,082555175
610; 0,04296875; 0,04296875; 498,32142857142856; 0,08277764
611; 0,04296875; 0,04296875; 496,23214285714283; 0,082430586
612; 0,04296875; 0,04296875; 496,7142857142857; 0,08251067
613; 0,04296875; 0,04296875; 498,98214285714283; 0,082887396
614; 0,04296875; 0,04296875; 497,6607142857143; 0,08266789
615; 0,04296875; 0,04296875; 497,01785714285717; 0,0825611
616; 0,04296875; 0,04296875; 497,9107142857143; 0,082709424
617; 0,04296875; 0,04296875; 497,7142857142857; 0,08267679
618; 0,04296875; 0,04296875; 497,30357142857144; 0,082608566
619; 0,04296875; 0,04296875; 496,89285714285717; 0,08254035
620; 0,04296875; 0,04296875; 498,4107142857143; 0,08279247
621; 0,04296875; 0,04296875; 499,26785714285717; 0,08293486
622; 0,04296875; 0,04296875; 498,375; 0,082786545
623; 0,04296875; 0,04296875; 496,875; 0,082537375
624; 0,04296875; 0,04296875; 497,44642857142856; 0,0826323
625; 0,04296875; 0,04296875; 497,60714285714283; 0,082659006
626; 0,04296875; 0,04296875; 497,82142857142856; 0,08269461
627; 0,04296875; 0,04296875; 498,0892857142857; 0,08273908
628; 0,04296875; 0,04296875; 497,25; 0,08259966
629; 0,04296875; 0,04296875; 497,73214285714283; 0,08267976
630; 0,04296875; 0,04296875; 497,5892857142857; 0,082656026
631; 0,04296875; 0,04296875; 497,98214285714283; 0,082721286
632; 0,04296875; 0,04296875; 497,98214285714283; 0,082721286
633; 0,04296875; 0,04296875; 497,7857142857143; 0,08268865
634; 0,04296875; 0,04296875; 498,0357142857143; 0,082730174
635; 0,04296875; 0,04296875; 497,8392857142857; 0,082697555
636; 0,04296875; 0,04296875; 497,92857142857144; 0,082712375
637; 0,04296875; 0,04296875; 498,125; 0,08274502
638; 0,04296875; 0,04296875; 498,05357142857144; 0,08273316
639; 0,04296875; 0,04296875; 498,35714285714283; 0,08278359
640; 0,04296875; 0,04296875; 496,5892857142857; 0,082489915
641; 0,04296875; 0,04296875; 497,76785714285717; 0,08268569
642; 0,04296875; 0,04296875; 497,07142857142856; 0,082569994
643; 0,04296875; 0,04296875; 498,80357142857144; 0,082857735
644; 0,04296875; 0,04296875; 498,14285714285717; 0,08274799
645; 0,04296875; 0,04296875; 497,64285714285717; 0,08266492
646; 0,04296875; 0,04296875; 498,2142857142857; 0,08275985
647; 0,04296875; 0,04296875; 497,85714285714283; 0,08270051
648; 0,04296875; 0,04296875; 497,75; 0,08268272
649; 0,04296875; 0,04296875; 497,42857142857144; 0,08262934
650; 0,04296875; 0,04296875; 497,76785714285717; 0,0826857
651; 0,04296875; 0,04296875; 498,98214285714283; 0,082887396
652; 0,04296875; 0,04296875; 497,7142857142857; 0,08267679
653; 0,04296875; 0,04296875; 497,9107142857143; 0,082709424
654; 0,04296875; 0,04296875; 497,07142857142856; 0,08257
655; 0,04296875; 0,04296875; 496,64285714285717; 0,08249881
656; 0,04296875; 0,04296875; 498,69642857142856; 0,08283995
657; 0,04296875; 0,04296875; 498,39285714285717; 0,08278952
658; 0,04296875; 0,04296875; 497,9107142857143; 0,08270943
659; 0,04296875; 0,04296875; 498,35714285714283; 0,08278357
660; 0,04296875; 0,04296875; 497,0; 0,08255815
661; 0,04296875; 0,04296875; 497,98214285714283; 0,08272128
662; 0,04296875; 0,04296875; 498,10714285714283; 0,082742035
663; 0,04296875; 0,04296875; 497,82142857142856; 0,0826946
664; 0,04296875; 0,04296875; 498,67857142857144; 0,08283698
665; 0,04296875; 0,04296875; 497,5; 0,08264121
666; 0,04296875; 0,04296875; 497,55357142857144; 0,0826501
667; 0,04296875; 0,04296875; 497,98214285714283; 0,082721286
668; 0,04296875; 0,04296875; 497,98214285714283; 0,082721286
669; 0,04296875; 0,04296875; 497,625; 0,08266197
670; 0,04296875; 0,04296875; 497,94642857142856; 0,08271535
671; 0,04296875; 0,04296875; 497,7142857142857; 0,082676806
672; 0,04296875; 0,04296875; 498,0357142857143; 0,08273018
673; 0,04296875; 0,04296875; 497,30357142857144; 0,082608566
674; 0,04296875; 0,04296875; 497,64285714285717; 0,082664944
675; 0,04296875; 0,04296875; 497,0; 0,08255814
676; 0,04296875; 0,04296875; 497,51785714285717; 0,08264417
677; 0,04296875; 0,04296875; 497,55357142857144; 0,08265009
678; 0,04296875; 0,04296875; 496,82142857142856; 0,08252847
679; 0,04296875; 0,04296875; 497,55357142857144; 0,0826501
680; 0,04296875; 0,04296875; 497,0; 0,082558155
681; 0,04296875; 0,04296875; 497,875; 0,082703486
682; 0,04296875; 0,04296875; 497,6607142857143; 0,082667895
683; 0,04296875; 0,04296875; 497,32142857142856; 0,08261152
684; 0,04296875; 0,04296875; 497,92857142857144; 0,0827124
685; 0,04296875; 0,04296875; 498,32142857142856; 0,08277764
686; 0,04296875; 0,04296875; 498,8392857142857; 0,08286367
687; 0,04296875; 0,04296875; 497,82142857142856; 0,08269459
688; 0,04296875; 0,04296875; 497,9642857142857; 0,08271831
689; 0,04296875; 0,04296875; 497,25; 0,08259966
690; 0,04296875; 0,04296875; 497,7857142857143; 0,08268867
691; 0,04296875; 0,04296875; 498,39285714285717; 0,082789496
692; 0,04296875; 0,04296875; 497,23214285714283; 0,082596704
693; 0,04296875; 0,04296875; 497,5357142857143; 0,08264713
694; 0,04296875; 0,04296875; 499,10714285714283; 0,08290816
695; 0,04296875; 0,04296875; 497,42857142857144; 0,08262934
696; 0,04296875; 0,04296875; 497,5892857142857; 0,082656026
697; 0,04296875; 0,04296875; 497,25; 0,08259966
698; 0,04296875; 0,04296875; 498,10714285714283; 0,08274205
699; 0,04296875; 0,04296875; 498,76785714285717; 0,082851805
700; 0,04296875; 0,04296875; 497,42857142857144; 0,08262933
701; 0,04296875; 0,04296875; 497,32142857142856; 0,082611546
702; 0,04296875; 0,04296875; 497,17857142857144; 0,0825878
703; 0,04296875; 0,04296875; 498,5892857142857; 0,08282214
704; 0,04296875; 0,04296875; 498,30357142857144; 0,082774684
705; 0,04296875; 0,04296875; 497,69642857142856; 0,08267384
706; 0,04296875; 0,04296875; 497,94642857142856; 0,08271534
707; 0,04296875; 0,04296875; 499,2142857142857; 0,08292596
708; 0,04296875; 0,04296875; 496,69642857142856; 0,08250771
709; 0,04296875; 0,04296875; 497,42857142857144; 0,08262932
710; 0,04296875; 0,04296875; 497,375; 0,082620434
711; 0,04296875; 0,04296875; 497,23214285714283; 0,0825967
712; 0,04296875; 0,04296875; 498,1607142857143; 0,082750954
713; 0,04296875; 0,04296875; 497,55357142857144; 0,08265008
714; 0,04296875; 0,04296875; 496,75; 0,08251661
715; 0,04296875; 0,04296875; 497,2142857142857; 0,08259374
716; 0,04296875; 0,04296875; 497,9107142857143; 0,082709424
717; 0,04296875; 0,04296875; 498,80357142857144; 0,08285773
718; 0,04296875; 0,04296875; 498,0357142857143; 0,08273018
719; 0,04296875; 0,04296875; 497,25; 0,082599655
720; 0,04296875; 0,04296875; 497,875; 0,082703486
721; 0,04296875; 0,04296875; 497,55357142857144; 0,08265009
722; 0,04296875; 0,04296875; 497,89285714285717; 0,08270646
723; 0,04296875; 0,04296875; 497,8392857142857; 0,08269756
724; 0,04296875; 0,04296875; 497,92857142857144; 0,08271239
725; 0,04296875; 0,04296875; 497,89285714285717; 0,08270645
726; 0,04296875; 0,04296875; 497,89285714285717; 0,08270645
727; 0,04296875; 0,04296875; 496,98214285714283; 0,082555175
728; 0,04296875; 0,04296875; 498,26785714285717; 0,08276874
729; 0,04296875; 0,04296875; 497,7142857142857; 0,08267678
730; 0,04296875; 0,04296875; 497,10714285714283; 0,08257593
731; 0,04296875; 0,04296875; 498,35714285714283; 0,08278359
732; 0,04296875; 0,04296875; 497,48214285714283; 0,08263823
733; 0,04296875; 0,04296875; 498,94642857142856; 0,08288145
734; 0,04296875; 0,04296875; 496,89285714285717; 0,08254035
735; 0,04296875; 0,04296875; 498,01785714285717; 0,08272723
736; 0,04296875; 0,04296875; 497,9642857142857; 0,08271833
737; 0,04296875; 0,04296875; 498,73214285714283; 0,08284587
738; 0,04296875; 0,04296875; 497,23214285714283; 0,082596704
739; 0,04296875; 0,04296875; 497,5357142857143; 0,08264714
740; 0,04296875; 0,04296875; 498,125; 0,08274501
741; 0,04296875; 0,04296875; 498,3392857142857; 0,08278061
742; 0,04296875; 0,04296875; 498,19642857142856; 0,082756884
743; 0,04296875; 0,04296875; 497,60714285714283; 0,08265899
744; 0,04296875; 0,04296875; 497,10714285714283; 0,08257594
745; 0,04296875; 0,04296875; 497,39285714285717; 0,082623415
746; 0,04296875; 0,04296875; 498,23214285714283; 0,0827628
747; 0,04296875; 0,04296875; 498,17857142857144; 0,08275392
748; 0,04296875; 0,04296875; 497,5; 0,0826412
749; 0,04296875; 0,04296875; 497,55357142857144; 0,08265009
750; 0,04296875; 0,04296875; 498,35714285714283; 0,08278358
751; 0,04296875; 0,04296875; 498,64285714285717; 0,082831025
752; 0,04296875; 0,04296875; 497,10714285714283; 0,08257594
753; 0,04296875; 0,04296875; 498,3392857142857; 0,08278061
754; 0,04296875; 0,04296875; 497,75; 0,082682714
755; 0,04296875; 0,04296875; 497,05357142857144; 0,08256704
756; 0,04296875; 0,04296875; 497,51785714285717; 0,08264416
757; 0,04296875; 0,04296875; 498,23214285714283; 0,0827628
758; 0,04296875; 0,04296875; 499,17857142857144; 0,08292002
759; 0,04296875; 0,04296875; 497,69642857142856; 0,082673825
760; 0,04296875; 0,04296875; 498,01785714285717; 0,08272721
761; 0,04296875; 0,04296875; 497,51785714285717; 0,08264417
762; 0,04296875; 0,04296875; 497,60714285714283; 0,08265899
763; 0,04296875; 0,04296875; 500,01785714285717; 0,08305947
764; 0,04296875; 0,04296875; 498,57142857142856; 0,08281917
765; 0,04296875; 0,04296875; 496,8392857142857; 0,08253145
766; 0,04296875; 0,04296875; 497,10714285714283; 0,08257593
767; 0,04296875; 0,04296875; 497,9107142857143; 0,082709424
768; 0,04296875; 0,04296875; 497,3392857142857; 0,0826145
769; 0,04296875; 0,04296875; 497,0; 0,08255815
770; 0,04296875; 0,04296875; 497,76785714285717; 0,082685694
771; 0,04296875; 0,04296875; 498,10714285714283; 0,08274204
772; 0,04296875; 0,04296875; 496,4107142857143; 0,08246027
773; 0,04296875; 0,04296875; 498,0357142857143; 0,08273019
774; 0,04296875; 0,04296875; 498,23214285714283; 0,082762815
775; 0,04296875; 0,04296875; 498,32142857142856; 0,082777634
776; 0,04296875; 0,04296875; 497,5892857142857; 0,08265603
777; 0,04296875; 0,04296875; 498,3392857142857; 0,082780614
778; 0,04296875; 0,04296875; 498,6607142857143; 0,082834
779; 0,04296875; 0,04296875; 498,07142857142856; 0,08273613
780; 0,04296875; 0,04296875; 497,42857142857144; 0,08262932
781; 0,04296875; 0,04296875; 497,6607142857143; 0,08266789
782; 0,04296875; 0,04296875; 496,7142857142857; 0,08251069
783; 0,04296875; 0,04296875; 498,01785714285717; 0,08272724
784; 0,04296875; 0,04296875; 497,60714285714283; 0,082659
785; 0,04296875; 0,04296875; 497,375; 0,08262043
786; 0,04296875; 0,04296875; 497,2857142857143; 0,08260561
787; 0,04296875; 0,04296875; 497,73214285714283; 0,082679756
788; 0,04296875; 0,04296875; 497,5; 0,0826412
789; 0,04296875; 0,04296875; 498,4642857142857; 0,08280138
790; 0,04296875; 0,04296875; 497,4107142857143; 0,08262636
791; 0,04296875; 0,04296875; 497,64285714285717; 0,08266493
792; 0,04296875; 0,04296875; 498,375; 0,08278655
793; 0,04296875; 0,04296875; 497,3392857142857; 0,082614504
794; 0,04296875; 0,04296875; 497,85714285714283; 0,08270053
795; 0,04296875; 0,04296875; 496,875; 0,08253737
796; 0,04296875; 0,04296875; 497,9107142857143; 0,08270943
797; 0,04296875; 0,04296875; 497,5; 0,08264119
798; 0,04296875; 0,04296875; 498,98214285714283; 0,0828874
799; 0,04296875; 0,04296875; 497,8392857142857; 0,082697555
800; 0,04296875; 0,04296875; 497,42857142857144; 0,08262933
801; 0,04296875; 0,04296875; 498,05357142857144; 0,082733154
802; 0,04296875; 0,04296875; 497,3392857142857; 0,0826145
803; 0,04296875; 0,04296875; 497,0892857142857; 0,08257296
804; 0,04296875; 0,04296875; 496,51785714285717; 0,08247805
805; 0,04296875; 0,04296875; 497,07142857142856; 0,08257001
806; 0,04296875; 0,04296875; 498,60714285714283; 0,08282512
807; 0,04296875; 0,04296875; 497,67857142857144; 0,08267086
808; 0,04296875; 0,04296875; 497,39285714285717; 0,08262341
809; 0,04296875; 0,04296875; 498,375; 0,082786545
810; 0,04296875; 0,04296875; 498,0357142857143; 0,0827302
811; 0,04296875; 0,04296875; 498,05357142857144; 0,08273316
812; 0,04296875; 0,04296875; 497,55357142857144; 0,08265009
813; 0,04296875; 0,04296875; 497,5; 0,0826412
814; 0,04296875; 0,04296875; 499,51785714285717; 0,082976386
815; 0,04296875; 0,04296875; 497,85714285714283; 0,08270053
816; 0,04296875; 0,04296875; 499,05357142857144; 0,082899265
817; 0,04296875; 0,04296875; 497,23214285714283; 0,0825967
818; 0,04296875; 0,04296875; 497,39285714285717; 0,082623415
819; 0,04296875; 0,04296875; 496,94642857142856; 0,08254925
820; 0,04296875; 0,04296875; 497,35714285714283; 0,08261746
821; 0,04296875; 0,04296875; 497,75; 0,082682714
822; 0,04296875; 0,04296875; 497,76785714285717; 0,0826857
823; 0,04296875; 0,04296875; 497,57142857142856; 0,08265306
824; 0,04296875; 0,04296875; 498,01785714285717; 0,082727216
825; 0,04296875; 0,04296875; 497,67857142857144; 0,08267087
826; 0,04296875; 0,04296875; 496,98214285714283; 0,08255517
827; 0,04296875; 0,04296875; 498,7142857142857; 0,08284291
828; 0,04296875; 0,04296875; 498,23214285714283; 0,08276282
829; 0,04296875; 0,04296875; 497,4642857142857; 0,08263527
830; 0,04296875; 0,04296875; 498,10714285714283; 0,08274207
831; 0,04296875; 0,04296875; 497,69642857142856; 0,082673825
832; 0,04296875; 0,04296875; 498,3392857142857; 0,08278061
833; 0,04296875; 0,04296875; 498,67857142857144; 0,08283698
834; 0,04296875; 0,04296875; 497,25; 0,082599685
835; 0,04296875; 0,04296875; 498,01785714285717; 0,082727216
836; 0,04296875; 0,04296875; 497,55357142857144; 0,0826501
837; 0,04296875; 0,04296875; 498,23214285714283; 0,08276283
838; 0,04296875; 0,04296875; 497,64285714285717; 0,08266493
839; 0,04296875; 0,04296875; 497,5892857142857; 0,08265603
840; 0,04296875; 0,04296875; 497,3392857142857; 0,082614504
841; 0,04296875; 0,04296875; 498,23214285714283; 0,082762815
842; 0,04296875; 0,04296875; 497,73214285714283; 0,08267976
843; 0,04296875; 0,04296875; 496,82142857142856; 0,08252847
844; 0,04296875; 0,04296875; 497,30357142857144; 0,08260858
845; 0,04296875; 0,04296875; 497,82142857142856; 0,08269459
846; 0,04296875; 0,04296875; 497,17857142857144; 0,082587816
847; 0,04296875; 0,04296875; 498,4642857142857; 0,08280138
848; 0,04296875; 0,04296875; 498,23214285714283; 0,082762815
849; 0,04296875; 0,04296875; 497,76785714285717; 0,0826857
850; 0,04296875; 0,04296875; 499,0357142857143; 0,08289631
851; 0,04296875; 0,04296875; 497,17857142857144; 0,0825878
852; 0,04296875; 0,04296875; 497,375; 0,08262044
853; 0,04296875; 0,04296875; 497,05357142857144; 0,082567036
854; 0,04296875; 0,0390625; 498,4107142857143; 0,082792476
855; 0,0390625; 0,0390625; 499,0357142857143; 0,08289631
856; 0,0390625; 0,0390625; 501,7857142857143; 0,083353095
857; 0,0390625; 0,0390625; 506,2142857142857; 0,08408875
858; 0,0390625; 0,0390625; 505,76785714285717; 0,084014595
859; 0,0390625; 0,0390625; 505,30357142857144; 0,08393747
860; 0,0390625; 0,0390625; 507,23214285714283; 0,084257826
861; 0,0390625; 0,0390625; 511,9107142857143; 0,085035
862; 0,0390625; 0,0390625; 510,69642857142856; 0,0848333
863; 0,0390625; 0,0390625; 510,75; 0,0848422
864; 0,0390625; 0,0390625; 515,3392857142857; 0,08560451
865; 0,0390625; 0,0390625; 511,125; 0,08490449
866; 0,0390625; 0,0390625; 510,01785714285717; 0,0847206
867; 0,0390625; 0,0390625; 514,3035714285714; 0,08543251
868; 0,0390625; 0,0390625; 517,6428571428571; 0,085987195
869; 0,0390625; 0,0390625; 515,75; 0,08567277
870; 0,0390625; 0,0390625; 516,1785714285714; 0,08574395
871; 0,0390625; 0,0390625; 514,625; 0,08548589
872; 0,0390625; 0,0390625; 511,07142857142856; 0,0848956
873; 0,0390625; 0,0390625; 506,7142857142857; 0,08417183
874; 0,0390625; 0,0390625; 514,7321428571429; 0,08550368
875; 0,0390625; 0,0390625; 522,3392857142857; 0,08676731
876; 0,0390625; 0,0390625; 526,8571428571429; 0,08751778
877; 0,0390625; 0,0390625; 527,0178571428571; 0,087544486
878; 0,0390625; 0,0390625; 533,3928571428571; 0,088603444
879; 0,0390625; 0,0390625; 526,5535714285714; 0,08746736
880; 0,0390625; 0,0390625; 529,5714285714286; 0,087968655
881; 0,0390625; 0,0390625; 533,0535714285714; 0,08854709
882; 0,0390625; 0,0390625; 531,7857142857143; 0,08833648
883; 0,0390625; 0,0390625; 533,4107142857143; 0,08860642
884; 0,0390625; 0,0390625; 538,3214285714286; 0,08942216
885; 0,0390625; 0,0390625; 539,25; 0,08957641
886; 0,0390625; 0,0390625; 538,8392857142857; 0,08950818
887; 0,0390625; 0,0390625; 540,3035714285714; 0,08975144
888; 0,0390625; 0,0390625; 542,2857142857143; 0,090080686
889; 0,0390625; 0,0390625; 540,3214285714286; 0,089754395
890; 0,0390625; 0,0390625; 541,3928571428571; 0,08993238
891; 0,0390625; 0,0390625; 543,5535714285714; 0,09029131
892; 0,0390625; 0,0390625; 544,5535714285714; 0,0904574
893; 0,0390625; 0,0390625; 542,4107142857143; 0,09010144
894; 0,0390625; 0,0390625; 542,0535714285714; 0,09004214
895; 0,0390625; 0,0390625; 542,4464285714286; 0,09010739
896; 0,0390625; 0,0390625; 542,5892857142857; 0,09013113
897; 0,0390625; 0,0390625; 540,875; 0,089846335
898; 0,0390625; 0,0390625; 539,5178571428571; 0,08962091
899; 0,0390625; 0,0390625; 538,5714285714286; 0,0894637
900; 0,0390625; 0,0390625; 537,9464285714286; 0,08935989
901; 0,0390625; 0,0390625; 536,6785714285714; 0,089149274
902; 0,0390625; 0,0390625; 537,3392857142857; 0,08925903
903; 0,0390625; 0,0390625; 536,9821428571429; 0,08919971
904; 0,0390625; 0,0390625; 538,5357142857143; 0,08945776
905; 0,0390625; 0,0390625; 538,2678571428571; 0,08941326
906; 0,0390625; 0,0390625; 539,5714285714286; 0,08962982
907; 0,0390625; 0,0390625; 538,9642857142857; 0,089528956
908; 0,0390625; 0,0390625; 538,9464285714286; 0,08952599
909; 0,0390625; 0,0390625; 540,9107142857143; 0,08985228
910; 0,0390625; 0,0390625; 541,2678571428571; 0,0899116
911; 0,0390625; 0,0390625; 539,7678571428571; 0,08966244
912; 0,0390625; 0,0390625; 541,875; 0,09001245
913; 0,0390625; 0,0390625; 541,6785714285714; 0,089979835
914; 0,0390625; 0,0390625; 541,4285714285714; 0,08993829
915; 0,0390625; 0,0390625; 542,25; 0,090074755
916; 0,0390625; 0,0390625; 542,4642857142857; 0,09011035
917; 0,0390625; 0,0390625; 541,25; 0,08990862
918; 0,0390625; 0,0390625; 540,7321428571429; 0,08982263
919; 0,0390625; 0,0390625; 540,6964285714286; 0,08981668
920; 0,0390625; 0,0390625; 541,2678571428571; 0,089911595
921; 0,0390625; 0,0390625; 541,3392857142857; 0,08992346
922; 0,0390625; 0,0390625; 541,3392857142857; 0,089923464
923; 0,0390625; 0,0390625; 542,625; 0,09013704
924; 0,0390625; 0,0390625; 541,375; 0,08992938
925; 0,0390625; 0,0390625; 541,8035714285714; 0,09000059
926; 0,0390625; 0,0390625; 543,3571428571429; 0,09025866
927; 0,0390625; 0,0390625; 543,4107142857143; 0,09026756
928; 0,0390625; 0,0390625; 542,5357142857143; 0,09012222
929; 0,0390625; 0,0390625; 542,0357142857143; 0,09003914
930; 0,0390625; 0,0390625; 541,4642857142857; 0,08994423
931; 0,0390625; 0,0390625; 541,6428571428571; 0,089973874
932; 0,0390625; 0,0390625; 541,875; 0,09001244
933; 0,0390625; 0,0390625; 542,0714285714286; 0,09004508
934; 0,0390625; 0,0390625; 541,7321428571429; 0,08998872
935; 0,0390625; 0,0390625; 541,1071428571429; 0,0898849
936; 0,0390625; 0,0390625; 541,9821428571429; 0,09003025
937; 0,0390625; 0,0390625; 540,875; 0,089846335
938; 0,0390625; 0,0390625; 541,0535714285714; 0,089876
939; 0,0390625; 0,0390625; 541,5535714285714; 0,08995906
940; 0,0390625; 0,0390625; 541,0535714285714; 0,089875996
941; 0,0390625; 0,0390625; 541,6428571428571; 0,08997389
942; 0,0390625; 0,0390625; 541,1071428571429; 0,0898849
943; 0,0390625; 0,0390625; 540,8928571428571; 0,08984933
944; 0,0390625; 0,0390625; 542,4285714285714; 0,09010441
945; 0,0390625; 0,0390625; 540,3928571428571; 0,089766264
946; 0,0390625; 0,0390625; 540,3571428571429; 0,08976032
947; 0,0390625; 0,0390625; 540,1785714285714; 0,08973066
948; 0,0390625; 0,0390625; 540,0535714285714; 0,089709885
949; 0,0390625; 0,0390625; 538,9285714285714; 0,08952301
950; 0,0390625; 0,0390625; 539,7142857142857; 0,08965354
951; 0,0390625; 0,0390625; 543,5357142857143; 0,090288326
952; 0,0390625; 0,0390625; 548,6428571428571; 0,09113667
953; 0,0390625; 0,0390625; 548,2857142857143; 0,091077335
954; 0,0390625; 0,0390625; 543,5714285714286; 0,09029425
955; 0,0390625; 0,0390625; 540,5714285714286; 0,08979591
956; 0,0390625; 0,0390625; 542,75; 0,090157814
957; 0,0390625; 0,0390625; 542,4107142857143; 0,09010144
958; 0,0390625; 0,0390625; 545,0357142857143; 0,09053749
959; 0,0390625; 0,0390625; 545,0892857142857; 0,090546384
960; 0,0390625; 0,0390625; 549,2857142857143; 0,09124347
961; 0,0390625; 0,0390625; 547,3928571428571; 0,09092904
962; 0,0390625; 0,0390625; 546,7857142857143; 0,09082818
963; 0,0390625; 0,0390625; 547,9821428571429; 0,09102694
964; 0,0390625; 0,0390625; 549,1071428571429; 0,09121382
965; 0,0390625; 0,0390625; 546,5535714285714; 0,09078961
966; 0,0390625; 0,0390625; 553,6428571428571; 0,091967225
967; 0,0390625; 0,0390625; 545,4107142857143; 0,09059977
968; 0,0390625; 0,0390625; 545,1785714285714; 0,0905612
969; 0,0390625; 0,0390625; 542,5178571428571; 0,090119235
970; 0,0390625; 0,0390625; 537,5714285714286; 0,08929757
971; 0,0390625; 0,0390625; 536,5357142857143; 0,08912552
972; 0,0390625; 0,0390625; 532,4285714285714; 0,08844329
973; 0,0390625; 0,0390625; 527,0178571428571; 0,087544486
974; 0,0390625; 0,0390625; 530,8035714285714; 0,088173345
975; 0,0390625; 0,0390625; 530,7321428571429; 0,08816147
976; 0,0390625; 0,0390625; 528,0535714285714; 0,08771651
977; 0,0390625; 0,0390625; 526,9107142857143; 0,08752668
978; 0,0390625; 0,0390625; 523,0892857142857; 0,08689189
979; 0,0390625; 0,0390625; 527,3928571428571; 0,087606765
980; 0,0390625; 0,0390625; 527,4107142857143; 0,087609746
981; 0,0390625; 0,0390625; 526,6785714285714; 0,08748812
982; 0,0390625; 0,0390625; 524,1071428571429; 0,08706098
983; 0,0390625; 0,0390625; 526,1964285714286; 0,08740805
984; 0,0390625; 0,0390625; 523,125; 0,08689784
985; 0,0390625; 0,0390625; 525,5178571428571; 0,087295316
986; 0,0390625; 0,0390625; 530,8035714285714; 0,08817337
987; 0,0390625; 0,0390625; 531,25; 0,08824753
988; 0,0390625; 0,0390625; 526,4642857142857; 0,08745253
989; 0,0390625; 0,0390625; 529,1964285714286; 0,0879064
990; 0,0390625; 0,0390625; 532,1428571428571; 0,0883958
991; 0,0390625; 0,0390625; 525,75; 0,08733388
992; 0,0390625; 0,0390625; 530,1071428571429; 0,088057645
993; 0,0390625; 0,0390625; 531,2678571428571; 0,088250495
994; 0,0390625; 0,0390625; 529,2857142857143; 0,087921225
995; 0,0390625; 0,0390625; 532,5535714285714; 0,08846404
996; 0,0390625; 0,0390625; 529,3392857142857; 0,08793013
997; 0,0390625; 0,0390625; 528,125; 0,087728396
998; 0,0390625; 0,0390625; 531,3392857142857; 0,08826234
999; 0,0390625; 0,0390625; 532,3392857142857; 0,088428475
1000; 0,0390625; 0,0390625; 530,5535714285714; 0,08813184
1001; 0,0390625; 0,0390625; 532,0535714285714; 0,088380985
1002; 0,0390625; 0,0390625; 528,4285714285714; 0,087778814
1003; 0,0390625; 0,0390625; 534,625; 0,088808134
1004; 0,0390625; 0,0390625; 531,5; 0,08828903
1005; 0,0390625; 0,0390625; 529,3214285714286; 0,087927155
1006; 0,0390625; 0,0390625; 531,7678571428571; 0,08833354
1007; 0,0390625; 0,0390625; 528,3214285714286; 0,08776105
1008; 0,0390625; 0,0390625; 530,4642857142857; 0,088116996
1009; 0,0390625; 0,0390625; 528,375; 0,08776995
1010; 0,0390625; 0,0390625; 533,5178571428571; 0,088624224
1011; 0,0390625; 0,0390625; 524,8392857142857; 0,087182604
1012; 0,0390625; 0,0390625; 532,4107142857143; 0,08844032
1013; 0,0390625; 0,0390625; 530,75; 0,088164456
1014; 0,0390625; 0,0390625; 529,5714285714286; 0,087968685
1015; 0,0390625; 0,0390625; 530,8571428571429; 0,088182256
1016; 0,0390625; 0,0390625; 531,2142857142857; 0,08824157
1017; 0,0390625; 0,0390625; 532,2678571428571; 0,088416584
1018; 0,0390625; 0,0390625; 529,9107142857143; 0,08802503
1019; 0,0390625; 0,0390625; 533,7678571428571; 0,088665746
1020; 0,0390625; 0,0390625; 530,1071428571429; 0,08805765
1021; 0,0390625; 0,0390625; 532,0892857142857; 0,088386916
1022; 0,0390625; 0,0390625; 527,625; 0,087645344
1023; 0,0390625; 0,0390625; 528,6785714285714; 0,087820366
1024; 0,0390625; 0,0390625; 533,0714285714286; 0,088550076
1025; 0,0390625; 0,0390625; 531,5892857142857; 0,08830388
1026; 0,0390625; 0,0390625; 531,2142857142857; 0,08824157
1027; 0,0390625; 0,0390625; 529,5892857142857; 0,087971635
1028; 0,0390625; 0,0390625; 528,8392857142857; 0,087847054
1029; 0,0390625; 0,0390625; 529,6785714285714; 0,08798647
1030; 0,0390625; 0,0390625; 528,1071428571429; 0,087725446
1031; 0,0390625; 0,0390625; 530,4107142857143; 0,0881081
1032; 0,0390625; 0,0390625; 530,875; 0,088185206
1033; 0,0390625; 0,0390625; 529,3392857142857; 0,08793013
1034; 0,0390625; 0,0390625; 530,0; 0,08803987
1035; 0,0390625; 0,0390625; 532,3392857142857; 0,088428445
1036; 0,0390625; 0,0390625; 533,1071428571429; 0,088556014
1037; 0,0390625; 0,0390625; 530,1428571428571; 0,0880636
1038; 0,0390625; 0,0390625; 532,5714285714286; 0,08846702
1039; 0,0390625; 0,0390625; 529,9642857142857; 0,08803394
1040; 0,0390625; 0,0390625; 532,7857142857143; 0,08850262
1041; 0,0390625; 0,0390625; 528,4821428571429; 0,08778775
1042; 0,0390625; 0,0390625; 531,1785714285714; 0,08823564
1043; 0,0390625; 0,0390625; 530,9821428571429; 0,088203005
1044; 0,0390625; 0,0390625; 529,3928571428571; 0,08793902
1045; 0,0390625; 0,0390625; 533,3035714285714; 0,08858864
1046; 0,0390625; 0,0390625; 530,7857142857143; 0,088170394
1047; 0,0390625; 0,0390625; 529,3214285714286; 0,087927155
1048; 0,0390625; 0,0390625; 529,1964285714286; 0,087906376
1049; 0,0390625; 0,0390625; 529,9821428571429; 0,08803691
1050; 0,0390625; 0,0390625; 529,5892857142857; 0,087971635
1051; 0,0390625; 0,0390625; 526,2142857142857; 0,087410994
1052; 0,0390625; 0,0390625; 528,25; 0,08774917
1053; 0,0390625; 0,0390625; 528,9107142857143; 0,08785892
1054; 0,0390625; 0,0390625; 529,1428571428571; 0,08789749
1055; 0,0390625; 0,0390625; 531,125; 0,08822674
1056; 0,0390625; 0,0390625; 529,7321428571429; 0,08799536
1057; 0,0390625; 0,0390625; 530,2142857142857; 0,08807546
1058; 0,0390625; 0,0390625; 530,875; 0,08818521
1059; 0,0390625; 0,0390625; 532,2321428571429; 0,08841067
1060; 0,0390625; 0,0390625; 530,75; 0,08816445
1061; 0,0390625; 0,0390625; 531,8392857142857; 0,088345416
1062; 0,0390625; 0,0390625; 530,5357142857143; 0,088128865
1063; 0,0390625; 0,0390625; 532,8928571428571; 0,088520415
1064; 0,0390625; 0,0390625; 530,4821428571429; 0,08811995
1065; 0,0390625; 0,0390625; 529,7321428571429; 0,08799537
1066; 0,0390625; 0,0390625; 528,25; 0,08774916
1067; 0,0390625; 0,0390625; 527,3214285714286; 0,087594934
1068; 0,0390625; 0,0390625; 527,5357142857143; 0,0876305
1069; 0,0390625; 0,0390625; 529,5535714285714; 0,08796571
1070; 0,0390625; 0,0390625; 529,2678571428571; 0,08791826
1071; 0,0390625; 0,0390625; 530,3035714285714; 0,0880903
1072; 0,0390625; 0,0390625; 529,5178571428571; 0,087959774
1073; 0,0390625; 0,0390625; 528,6071428571429; 0,0878085
1074; 0,0390625; 0,0390625; 528,6428571428571; 0,08781441
1075; 0,0390625; 0,0390625; 530,2321428571429; 0,08807844
1076; 0,0390625; 0,0390625; 531,6071428571429; 0,088306844
1077; 0,0390625; 0,0390625; 529,8571428571429; 0,088016145
1078; 0,0390625; 0,0390625; 528,3392857142857; 0,08776401
1079; 0,0390625; 0,0390625; 530,75; 0,08816444
1080; 0,0390625; 0,0390625; 530,8571428571429; 0,088182256
1081; 0,0390625; 0,0390625; 531,1964285714286; 0,08823861
1082; 0,0390625; 0,0390625; 532,2142857142857; 0,0884077
1083; 0,0390625; 0,0390625; 531,0714285714286; 0,088217854
1084; 0,0390625; 0,0390625; 529,6964285714286; 0,08798944
1085; 0,0390625; 0,0390625; 529,5357142857143; 0,08796275
1086; 0,0390625; 0,0390625; 530,7857142857143; 0,088170394
1087; 0,0390625; 0,0390625; 531,2321428571429; 0,08824454
1088; 0,0390625; 0,0390625; 531,3928571428571; 0,08827124
1089; 0,0390625; 0,0390625; 529,5; 0,0879568
1090; 0,0390625; 0,0390625; 536,9107142857143; 0,089187846
1091; 0,0390625; 0,0390625; 531,125; 0,088226736
1092; 0,0390625; 0,0390625; 528,9464285714286; 0,08786484
1093; 0,0390625; 0,0390625; 530,0892857142857; 0,088054694
1094; 0,0390625; 0,0390625; 531,9285714285714; 0,08836023
1095; 0,0390625; 0,0390625; 533,8392857142857; 0,08867764
1096; 0,0390625; 0,0390625; 531,2321428571429; 0,088244535
1097; 0,0390625; 0,0390625; 532,6964285714286; 0,0884878
1098; 0,0390625; 0,0390625; 532,6785714285714; 0,088484816
1099; 0,0390625; 0,0390625; 531,0714285714286; 0,08821784
1100; 0,0390625; 0,0390625; 530,4821428571429; 0,08811996
1101; 0,0390625; 0,0390625; 532,0714285714286; 0,088383965
1102; 0,0390625; 0,0390625; 533,125; 0,08855897
1103; 0,0390625; 0,0390625; 530,1607142857143; 0,08806658
1104; 0,0390625; 0,0390625; 533,0178571428571; 0,08854116
1105; 0,0390625; 0,0390625; 530,8214285714286; 0,08817632
1106; 0,0390625; 0,0390625; 534,9285714285714; 0,08885857
1107; 0,0390625; 0,0390625; 529,5892857142857; 0,087971635
1108; 0,0390625; 0,0390625; 527,8392857142857; 0,08768094
1109; 0,0390625; 0,0390625; 531,6607142857143; 0,08831574
1110; 0,0390625; 0,0390625; 530,6607142857143; 0,088149615
1111; 0,0390625; 0,0390625; 532,0714285714286; 0,08838397
1112; 0,0390625; 0,0390625; 528,5535714285714; 0,08779961
1113; 0,0390625; 0,0390625; 531,125; 0,08822674
1114; 0,0390625; 0,0390625; 530,3928571428571; 0,08810515
1115; 0,0390625; 0,0390625; 531,5892857142857; 0,088303864
1116; 0,0390625; 0,0390625; 530,1964285714286; 0,088072516
1117; 0,0390625; 0,0390625; 530,0; 0,08803987
1118; 0,0390625; 0,0390625; 529,6071428571429; 0,087974615
1119; 0,0390625; 0,0390625; 531,5714285714286; 0,0883009
1120; 0,0390625; 0,0390625; 533,1607142857143; 0,08856491
1121; 0,0390625; 0,0390625; 532,6964285714286; 0,08848779
1122; 0,0390625; 0,0390625; 530,6785714285714; 0,08815258
1123; 0,0390625; 0,0390625; 530,8571428571429; 0,08818226
1124; 0,0390625; 0,0390625; 529,625; 0,08797759
1125; 0,0390625; 0,0390625; 534,4464285714286; 0,08877848
1126; 0,0390625; 0,0390625; 531,8392857142857; 0,0883454
1127; 0,0390625; 0,0390625; 529,875; 0,08801909
1128; 0,0390625; 0,0390625; 530,5714285714286; 0,08813479
1129; 0,0390625; 0,0390625; 529,3928571428571; 0,08793902
1130; 0,0390625; 0,0390625; 530,6964285714286; 0,08815555
1131; 0,0390625; 0,0390625; 527,0178571428571; 0,087544486
1132; 0,0390625; 0,0390625; 529,4285714285714; 0,08794495
1133; 0,0390625; 0,0390625; 528,5; 0,08779068
1134; 0,0390625; 0,0390625; 528,7142857142857; 0,08782629
1135; 0,0390625; 0,0390625; 529,1785714285714; 0,08790343
1136; 0,0390625; 0,0390625; 532,9464285714286; 0,0885293
1137; 0,0390625; 0,0390625; 532,3214285714286; 0,0884255
1138; 0,0390625; 0,0390625; 531,3928571428571; 0,08827124
1139; 0,0390625; 0,0390625; 529,875; 0,08801911
1140; 0,0390625; 0,0390625; 527,25; 0,08758305
1141; 0,0390625; 0,0390625; 530,5178571428571; 0,08812589
1142; 0,0390625; 0,0390625; 533,1607142857143; 0,08856489
1143; 0,0390625; 0,0390625; 527,9821428571429; 0,08770467
1144; 0,0390625; 0,0390625; 532,5535714285714; 0,08846406
1145; 0,0390625; 0,0390625; 530,0892857142857; 0,08805471
1146; 0,0390625; 0,0390625; 529,2321428571429; 0,08791232
1147; 0,0390625; 0,0390625; 527,7857142857143; 0,08767203
1148; 0,0390625; 0,0390625; 531,1428571428571; 0,088229716
1149; 0,0390625; 0,0390625; 528,9821428571429; 0,0878708
1150; 0,0390625; 0,0390625; 530,1785714285714; 0,088069536
1151; 0,0390625; 0,0390625; 531,3928571428571; 0,08827124
1152; 0,0390625; 0,0390625; 532,625; 0,08847592
1153; 0,0390625; 0,0390625; 532,7678571428571; 0,08849966
1154; 0,0390625; 0,0390625; 530,9107142857143; 0,088191144
1155; 0,0390625; 0,0390625; 527,2142857142857; 0,08757712
1156; 0,0390625; 0,0390625; 532,7678571428571; 0,08849965
1157; 0,0390625; 0,0390625; 530,2321428571429; 0,08807843
1158; 0,0390625; 0,0390625; 528,8214285714286; 0,087844096
1159; 0,0390625; 0,0390625; 531,5357142857143; 0,08829498
1160; 0,0390625; 0,0390625; 531,4464285714286; 0,08828014
1161; 0,0390625; 0,0390625; 530,75; 0,08816444
1162; 0,0390625; 0,0390625; 531,4107142857143; 0,0882742
1163; 0,0390625; 0,0390625; 532,2142857142857; 0,0884077
1164; 0,0390625; 0,0390625; 531,5178571428571; 0,08829202
1165; 0,0390625; 0,0390625; 532,375; 0,08843439
1166; 0,0390625; 0,0390625; 530,9285714285714; 0,08819412
1167; 0,0390625; 0,0390625; 531,0357142857143; 0,08821192
1168; 0,0390625; 0,0390625; 529,0357142857143; 0,087879695
1169; 0,0390625; 0,0390625; 533,5357142857143; 0,08862721
1170; 0,0390625; 0,0390625; 533,1428571428571; 0,08856196
1171; 0,0390625; 0,0390625; 530,9107142857143; 0,08819115
1172; 0,0390625; 0,0390625; 532,5714285714286; 0,08846701
1173; 0,0390625; 0,0390625; 532,7678571428571; 0,08849964
1174; 0,0390625; 0,0390625; 527,7321428571429; 0,08766316
1175; 0,0390625; 0,0390625; 527,5178571428571; 0,087627545
1176; 0,0390625; 0,0390625; 528,25; 0,087749176
1177; 0,0390625; 0,0390625; 529,2321428571429; 0,08791231
1178; 0,0390625; 0,0390625; 529,9107142857143; 0,08802503
1179; 0,0390625; 0,0390625; 532,25; 0,08841363
1180; 0,0390625; 0,0390625; 530,5178571428571; 0,0881259
1181; 0,0390625; 0,0390625; 532,7678571428571; 0,08849964
1182; 0,0390625; 0,0390625; 529,5892857142857; 0,08797165
1183; 0,0390625; 0,0390625; 534,5535714285714; 0,0887963
1184; 0,0390625; 0,0390625; 531,9642857142857; 0,08836616
1185; 0,0390625; 0,0390625; 530,4107142857143; 0,08810811
1186; 0,0390625; 0,0390625; 534,0357142857143; 0,08871024
1187; 0,0390625; 0,0390625; 530,5714285714286; 0,08813479
1188; 0,0390625; 0,0390625; 532,0; 0,08837209
1189; 0,0390625; 0,0390625; 531,6785714285714; 0,088318706
1190; 0,0390625; 0,0390625; 528,8214285714286; 0,08784408
1191; 0,0390625; 0,0390625; 528,1607142857143; 0,087734334
1192; 0,0390625; 0,0390625; 529,3214285714286; 0,087927155
1193; 0,0390625; 0,0390625; 530,2678571428571; 0,08808438
1194; 0,0390625; 0,0390625; 528,0; 0,08770764
1195; 0,0390625; 0,0390625; 530,1607142857143; 0,08806656
1196; 0,0390625; 0,0390625; 529,1964285714286; 0,0879064
1197; 0,0390625; 0,0390625; 527,1607142857143; 0,08756822
1198; 0,0390625; 0,0390625; 529,1428571428571; 0,08789749
1199; 0,0390625; 0,0390625; 529,4464285714286; 0,08794791
1200; 0,0390625; 0,0390625; 530,5714285714286; 0,08813479
1201; 0,0390625; 0,0390625; 533,25; 0,08857974
1202; 0,0390625; 0,0390625; 533,0178571428571; 0,088541165
1203; 0,0390625; 0,0390625; 531,75; 0,08833057
1204; 0,0390625; 0,0390625; 531,3214285714286; 0,088259384
1205; 0,0390625; 0,0390625; 530,1785714285714; 0,08806952
1206; 0,0390625; 0,0390625; 533,8035714285714; 0,08867169
1207; 0,0390625; 0,0390625; 531,4642857142857; 0,08828311
1208; 0,0390625; 0,0390625; 525,8571428571429; 0,087351695
1209; 0,0390625; 0,0390625; 527,7678571428571; 0,08766908
1210; 0,0390625; 0,0390625; 527,0892857142857; 0,08755637
1211; 0,0390625; 0,0390625; 529,4642857142857; 0,087950885
1212; 0,0390625; 0,0390625; 532,0; 0,0883721
1213; 0,0390625; 0,0390625; 532,7678571428571; 0,08849965
1214; 0,0390625; 0,0390625; 527,9285714285714; 0,087695785
1215; 0,0390625; 0,0390625; 533,2678571428571; 0,08858268
1216; 0,0390625; 0,0390625; 530,7678571428571; 0,08816742
1217; 0,0390625; 0,0390625; 528,9107142857143; 0,08785892
1218; 0,0390625; 0,0390625; 529,875; 0,08801912
1219; 0,0390625; 0,0390625; 529,25; 0,08791529
1220; 0,0390625; 0,0390625; 531,9107142857143; 0,08835726
1221; 0,0390625; 0,0390625; 529,875; 0,08801909
1222; 0,0390625; 0,0390625; 529,2857142857143; 0,087921225
1223; 0,0390625; 0,0390625; 530,0178571428571; 0,08804284
1224; 0,0390625; 0,0390625; 530,9642857142857; 0,08820005
1225; 0,0390625; 0,0390625; 529,5535714285714; 0,08796573
1226; 0,0390625; 0,0390625; 530,1785714285714; 0,088069536
1227; 0,0390625; 0,0390625; 528,8571428571429; 0,08785002
1228; 0,0390625; 0,0390625; 528,8571428571429; 0,08785002
1229; 0,0390625; 0,0390625; 529,1785714285714; 0,0879034
1230; 0,0390625; 0,0390625; 531,2678571428571; 0,08825046
1231; 0,0390625; 0,0390625; 531,125; 0,088226736
1232; 0,0390625; 0,0390625; 531,2678571428571; 0,08825047
1233; 0,0390625; 0,0390625; 528,125; 0,0877284
1234; 0,0390625; 0,0390625; 529,0714285714286; 0,08788561
1235; 0,0390625; 0,0390625; 533,0; 0,08853821
1236; 0,0390625; 0,0390625; 529,625; 0,08797758
1237; 0,0390625; 0,0390625; 531,6607142857143; 0,088315725
1238; 0,0390625; 0,0390625; 529,8392857142857; 0,08801317
1239; 0,0390625; 0,0390625; 529,9285714285714; 0,088028006
1240; 0,0390625; 0,0390625; 529,9285714285714; 0,088028006
1241; 0,0390625; 0,0390625; 527,625; 0,08764535
1242; 0,0390625; 0,0390625; 530,8392857142857; 0,08817929
1243; 0,0390625; 0,0390625; 530,7857142857143; 0,088170394
1244; 0,0390625; 0,0390625; 530,8571428571429; 0,08818225
1245; 0,0390625; 0,0390625; 533,2321428571429; 0,08857678
1246; 0,0390625; 0,0390625; 530,0357142857143; 0,08804578
1247; 0,0390625; 0,0390625; 527,5178571428571; 0,087627545
1248; 0,0390625; 0,0390625; 531,125; 0,08822674
1249; 0,0390625; 0,0390625; 528,3571428571429; 0,087766945
1250; 0,0390625; 0,0390625; 530,3928571428571; 0,08810513
1251; 0,0390625; 0,0390625; 529,9107142857143; 0,08802503
1252; 0,0390625; 0,0390625; 530,0; 0,08803987
1253; 0,0390625; 0,0390625; 526,8214285714286; 0,08751185
1254; 0,0390625; 0,0390625; 530,7142857142857; 0,088158526
1255; 0,0390625; 0,0390625; 530,3214285714286; 0,088093266
1256; 0,0390625; 0,0390625; 526,5892857142857; 0,08747331
1257; 0,0390625; 0,0390625; 529,7142857142857; 0,08799241
1258; 0,0390625; 0,0390625; 528,6964285714286; 0,08782332
1259; 0,0390625; 0,0390625; 533,1428571428571; 0,08856193
1260; 0,0390625; 0,0390625; 530,125; 0,08806063
1261; 0,0390625; 0,0390625; 532,875; 0,08851744
1262; 0,0390625; 0,0390625; 527,3928571428571; 0,08760678
1263; 0,0390625; 0,0390625; 529,9642857142857; 0,08803394
1264; 0,0390625; 0,0390625; 532,875; 0,08851744
1265; 0,0390625; 0,0390625; 530,0357142857143; 0,0880458
1266; 0,0390625; 0,0390625; 529,0357142857143; 0,08787968
1267; 0,0390625; 0,0390625; 532,3035714285714; 0,08842253
1268; 0,0390625; 0,0390625; 529,5357142857143; 0,08796274
1269; 0,0390625; 0,0390625; 532,5178571428571; 0,08845811
1270; 0,0390625; 0,0390625; 532,4107142857143; 0,08844032
1271; 0,0390625; 0,0390625; 529,2857142857143; 0,087921225
1272; 0,0390625; 0,0390625; 527,9821428571429; 0,08770467
1273; 0,0390625; 0,0390625; 529,0535714285714; 0,08788266
1274; 0,0390625; 0,0390625; 531,6428571428571; 0,08831277
1275; 0,0390625; 0,0390625; 532,1071428571429; 0,088389896
1276; 0,0390625; 0,0390625; 530,625; 0,08814367
1277; 0,0390625; 0,0390625; 527,5357142857143; 0,08763051
1278; 0,0390625; 0,0390625; 528,8571428571429; 0,08785003
1279; 0,0390625; 0,0390625; 533,7142857142857; 0,088656865
1280; 0,0390625; 0,0390625; 532,9821428571429; 0,08853523
1281; 0,0390625; 0,0390625; 533,3392857142857; 0,08859456
1282; 0,0390625; 0,0390625; 528,4821428571429; 0,08778776
1283; 0,0390625; 0,0390625; 531,3214285714286; 0,08825938
1284; 0,0390625; 0,0390625; 529,6607142857143; 0,08798351
1285; 0,0390625; 0,0390625; 528,3392857142857; 0,08776401
1286; 0,0390625; 0,0390625; 530,9821428571429; 0,08820302
1287; 0,0390625; 0,0390625; 527,2321428571429; 0,08758009
1288; 0,0390625; 0,0390625; 529,3928571428571; 0,08793901
1289; 0,0390625; 0,0390625; 529,5535714285714; 0,087965705
1290; 0,0390625; 0,0390625; 530,5535714285714; 0,08813184
1291; 0,0390625; 0,0390625; 531,7321428571429; 0,0883276
1292; 0,0390625; 0,0390625; 528,6428571428571; 0,087814435
1293; 0,0390625; 0,0390625; 529,3035714285714; 0,087924175
1294; 0,0390625; 0,0390625; 528,3392857142857; 0,087764
1295; 0,0390625; 0,0390625; 528,4642857142857; 0,08778477
1296; 0,0390625; 0,0390625; 528,5892857142857; 0,08780552
1297; 0,0390625; 0,0390625; 530,375; 0,08810217
1298; 0,0390625; 0,0390625; 533,9821428571429; 0,08870135
1299; 0,0390625; 0,0390625; 528,25; 0,08774917
1300; 0,0390625; 0,0390625; 532,4821428571429; 0,088452175
1301; 0,0390625; 0,0390625; 531,3214285714286; 0,08825938
1302; 0,0390625; 0,0390625; 529,8928571428571; 0,08802206
1303; 0,0390625; 0,0390625; 531,1964285714286; 0,08823862
1304; 0,0390625; 0,0390625; 531,9642857142857; 0,08836616
1305; 0,0390625; 0,0390625; 533,6785714285714; 0,08865094
1306; 0,0390625; 0,0390625; 530,875; 0,08818521
1307; 0,0390625; 0,0390625; 529,5892857142857; 0,087971665
1308; 0,0390625; 0,0390625; 529,9642857142857; 0,08803395
1309; 0,0390625; 0,0390625; 527,9285714285714; 0,087695785
1310; 0,0390625; 0,0390625; 531,4821428571429; 0,08828609
1311; 0,0390625; 0,0390625; 529,5; 0,08795681
1312; 0,0390625; 0,0390625; 532,1607142857143; 0,08839881
1313; 0,0390625; 0,0390625; 531,25; 0,088247515
1314; 0,0390625; 0,0390625; 531,75; 0,08833057
1315; 0,0390625; 0,0390625; 528,9107142857143; 0,08785892
1316; 0,0390625; 0,0390625; 534,6071428571429; 0,088805184
1317; 0,0390625; 0,0390625; 533,1785714285714; 0,08856787
1318; 0,0390625; 0,0390625; 532,3214285714286; 0,0884255
1319; 0,0390625; 0,0390625; 530,875; 0,088185206
1320; 0,0390625; 0,0390625; 532,5535714285714; 0,088464044
1321; 0,0390625; 0,0390625; 529,1607142857143; 0,08790047
1322; 0,0390625; 0,0390625; 531,5535714285714; 0,08829794
1323; 0,0390625; 0,0390625; 533,0178571428571; 0,08854117
1324; 0,0390625; 0,0390625; 527,9107142857143; 0,08769281
1325; 0,0390625; 0,0390625; 533,3035714285714; 0,08858865
1326; 0,0390625; 0,0390625; 531,125; 0,08822675
1327; 0,0390625; 0,0390625; 531,6607142857143; 0,08831574
1328; 0,0390625; 0,0390625; 528,2857142857143; 0,08775509
1329; 0,0390625; 0,0390625; 528,9821428571429; 0,087870784
1330; 0,0390625; 0,0390625; 530,3214285714286; 0,08809327
1331; 0,0390625; 0,0390625; 530,625; 0,08814369
1332; 0,0390625; 0,0390625; 527,2321428571429; 0,087580085
1333; 0,0390625; 0,0390625; 528,0714285714286; 0,087719515
1334; 0,0390625; 0,0390625; 533,6071428571429; 0,08863907
1335; 0,0390625; 0,0390625; 528,5178571428571; 0,087793656
1336; 0,0390625; 0,0390625; 531,1785714285714; 0,088235654
1337; 0,0390625; 0,0390625; 528,7321428571429; 0,087829255
1338; 0,0390625; 0,0390625; 529,125; 0,08789454
1339; 0,0390625; 0,0390625; 529,7678571428571; 0,0880013
1340; 0,0390625; 0,0390625; 532,2321428571429; 0,08841067
1341; 0,0390625; 0,0390625; 531,5; 0,08828903
1342; 0,0390625; 0,0390625; 534,0535714285714; 0,08871323
1343; 0,0390625; 0,0390625; 529,0535714285714; 0,08788266
1344; 0,0390625; 0,0390625; 530,6785714285714; 0,08815259
1345; 0,0390625; 0,0390625; 527,5892857142857; 0,08763941
1346; 0,0390625; 0,0390625; 530,1785714285714; 0,08806952
1347; 0,0390625; 0,0390625; 529,0535714285714; 0,087882645
1348; 0,0390625; 0,0390625; 532,2142857142857; 0,0884077
1349; 0,0390625; 0,0390625; 528,0; 0,087707646
1350; 0,0390625; 0,0390625; 530,0892857142857; 0,08805468
1351; 0,0390625; 0,0390625; 531,5178571428571; 0,088292
1352; 0,0390625; 0,0390625; 533,4821428571429; 0,088618286
1353; 0,0390625; 0,0390625; 531,5357142857143; 0,08829498
1354; 0,0390625; 0,0390625; 529,3928571428571; 0,08793902
1355; 0,0390625; 0,0390625; 530,4642857142857; 0,088116996
1356; 0,0390625; 0,0390625; 533,7142857142857; 0,08865686
1357; 0,0390625; 0,0390625; 531,8571428571429; 0,08834839
1358; 0,0390625; 0,0390625; 528,5178571428571; 0,087793656
1359; 0,0390625; 0,0390625; 529,5714285714286; 0,08796867
1360; 0,0390625; 0,0390625; 529,1964285714286; 0,08790638
1361; 0,0390625; 0,0390625; 531,6964285714286; 0,08832168
1362; 0,0390625; 0,0390625; 531,1071428571429; 0,08822377
1363; 0,0390625; 0,0390625; 529,5714285714286; 0,087968685
1364; 0,0390625; 0,0390625; 528,875; 0,087853
1365; 0,0390625; 0,0390625; 531,1785714285714; 0,08823566
1366; 0,0390625; 0,0390625; 531,4285714285714; 0,08827716
1367; 0,0390625; 0,0390625; 531,1785714285714; 0,08823563
1368; 0,0390625; 0,0390625; 528,875; 0,087853
1369; 0,0390625; 0,0390625; 529,5535714285714; 0,08796573
1370; 0,0390625; 0,0390625; 531,8928571428571; 0,08835431
1371; 0,0390625; 0,0390625; 533,3928571428571; 0,08860346
1372; 0,0390625; 0,0390625; 529,5892857142857; 0,08797164
1373; 0,0390625; 0,0390625; 535,0714285714286; 0,08888229
1374; 0,0390625; 0,0390625; 532,5; 0,088455155
1375; 0,0390625; 0,0390625; 534,2142857142857; 0,08873993
1376; 0,0390625; 0,0390625; 532,1964285714286; 0,088404715
1377; 0,0390625; 0,0390625; 533,2857142857143; 0,088585675
1378; 0,0390625; 0,0390625; 530,1964285714286; 0,0880725
1379; 0,0390625; 0,0390625; 529,625; 0,08797759
1380; 0,0390625; 0,0390625; 529,1428571428571; 0,0878975
1381; 0,0390625; 0,0390625; 532,6428571428571; 0,08847887
1382; 0,0390625; 0,0390625; 530,25; 0,08808141
1383; 0,0390625; 0,0390625; 528,8928571428571; 0,08785597
1384; 0,0390625; 0,0390625; 532,0; 0,088372074
1385; 0,0390625; 0,0390625; 532,5535714285714; 0,088464044
1386; 0,0390625; 0,0390625; 530,8214285714286; 0,0881763
1387; 0,0390625; 0,0390625; 530,4285714285714; 0,08811108
1388; 0,0390625; 0,0390625; 532,1428571428571; 0,088395834
1389; 0,0390625; 0,0390625; 531,2678571428571; 0,08825047
1390; 0,0390625; 0,0390625; 531,4464285714286; 0,08828014
1391; 0,0390625; 0,0390625; 531,25; 0,088247515
1392; 0,0390625; 0,0390625; 529,0535714285714; 0,08788265
1393; 0,0390625; 0,0390625; 530,0; 0,08803986
1394; 0,0390625; 0,0390625; 529,5892857142857; 0,08797164
1395; 0,0390625; 0,0390625; 529,5178571428571; 0,087959774
1396; 0,0390625; 0,0390625; 530,7142857142857; 0,088158526
1397; 0,0390625; 0,0390625; 526,6428571428571; 0,08748221
1398; 0,0390625; 0,0390625; 528,1964285714286; 0,08774029
1399; 0,0390625; 0,0390625; 529,6071428571429; 0,0879746
1400; 0,0390625; 0,0390625; 530,0714285714286; 0,08805174
1401; 0,0390625; 0,0390625; 528,9642857142857; 0,08786782
1402; 0,0390625; 0,0390625; 528,5357142857143; 0,087796636
1403; 0,0390625; 0,0390625; 529,0535714285714; 0,087882645
1404; 0,0390625; 0,0390625; 527,7857142857143; 0,08767204
1405; 0,0390625; 0,0390625; 530,0535714285714; 0,088048756
1406; 0,0390625; 0,0390625; 528,6964285714286; 0,087823324
1407; 0,0390625; 0,0390625; 533,5178571428571; 0,08862423
1408; 0,0390625; 0,0390625; 530,2142857142857; 0,08807547
1409; 0,0390625; 0,0390625; 530,4107142857143; 0,088108085
1410; 0,0390625; 0,0390625; 532,1964285714286; 0,088404715
1411; 0,0390625; 0,0390625; 530,1607142857143; 0,088066556
1412; 0,0390625; 0,0390625; 530,9464285714286; 0,08819709
1413; 0,0390625; 0,0390625; 528,3571428571429; 0,08776696
1414; 0,0390625; 0,0390625; 530,4464285714286; 0,08811403
1415; 0,0390625; 0,0390625; 527,4285714285714; 0,08761273
1416; 0,0390625; 0,0390625; 532,3035714285714; 0,08842253
1417; 0,0390625; 0,0390625; 529,7678571428571; 0,08800132
1418; 0,0390625; 0,0390625; 528,5892857142857; 0,087805524
1419; 0,0390625; 0,0390625; 528,1428571428571; 0,08773138
1420; 0,0390625; 0,0390625; 531,125; 0,088226736
1421; 0,0390625; 0,0390625; 533,0; 0,08853822
1422; 0,0390625; 0,0390625; 530,9285714285714; 0,088194124
1423; 0,0390625; 0,0390625; 530,8928571428571; 0,08818819
1424; 0,0390625; 0,0390625; 527,3214285714286; 0,08759492
1425; 0,0390625; 0,0390625; 527,125; 0,0875623
1426; 0,0390625; 0,0390625; 531,6785714285714; 0,08831869
1427; 0,0390625; 0,0390625; 528,0535714285714; 0,087716535
1428; 0,0390625; 0,0390625; 531,0178571428571; 0,088208936
1429; 0,0390625; 0,0390625; 531,0535714285714; 0,08821487
1430; 0,0390625; 0,0390625; 529,7678571428571; 0,0880013
1431; 0,0390625; 0,0390625; 530,8214285714286; 0,08817632
1432; 0,0390625; 0,0390625; 530,875; 0,088185206
1433; 0,0390625; 0,0390625; 533,5535714285714; 0,08863018
1434; 0,0390625; 0,0390625; 531,5178571428571; 0,088292
1435; 0,0390625; 0,0390625; 532,7321428571429; 0,08849371
1436; 0,0390625; 0,0390625; 531,9285714285714; 0,088360235
1437; 0,0390625; 0,0390625; 532,875; 0,08851745
1438; 0,0390625; 0,0390625; 529,4285714285714; 0,08794495
1439; 0,0390625; 0,0390625; 532,1964285714286; 0,088404715
1440; 0,0390625; 0,0390625; 524,6785714285714; 0,0871559
1441; 0,0390625; 0,0390625; 531,0; 0,08820599
1442; 0,0390625; 0,0390625; 528,5178571428571; 0,08779367
1443; 0,0390625; 0,0390625; 529,4285714285714; 0,08794493
1444; 0,0390625; 0,0390625; 531,2678571428571; 0,088250466
1445; 0,0390625; 0,0390625; 531,2678571428571; 0,08825047
1446; 0,0390625; 0,0390625; 530,2857142857143; 0,088087335
1447; 0,0390625; 0,0390625; 529,9642857142857; 0,08803394
1448; 0,0390625; 0,0390625; 530,75; 0,08816444
1449; 0,0390625; 0,0390625; 531,2321428571429; 0,08824455
1450; 0,0390625; 0,0390625; 529,5178571428571; 0,087959774
1451; 0,0390625; 0,0390625; 532,3571428571429; 0,08843143
1452; 0,0390625; 0,0390625; 530,875; 0,08818521
1453; 0,0390625; 0,0390625; 526,8928571428571; 0,08752372
1454; 0,0390625; 0,0390625; 527,0714285714286; 0,0875534
1455; 0,0390625; 0,0390625; 530,9642857142857; 0,08820004
1456; 0,0390625; 0,0390625; 530,2857142857143; 0,08808732
1457; 0,0390625; 0,0390625; 529,6071428571429; 0,08797461
1458; 0,0390625; 0,0390625; 529,9464285714286; 0,08803097
1459; 0,0390625; 0,0390625; 530,6785714285714; 0,08815259
1460; 0,0390625; 0,0390625; 532,2678571428571; 0,08841658
1461; 0,0390625; 0,0390625; 530,8571428571429; 0,08818225
1462; 0,0390625; 0,0390625; 531,0178571428571; 0,08820895
1463; 0,0390625; 0,0390625; 527,6785714285714; 0,087654255
1464; 0,0390625; 0,0390625; 530,6071428571429; 0,088140726
1465; 0,0390625; 0,0390625; 529,8035714285714; 0,08800723
1466; 0,0390625; 0,0390625; 533,25; 0,08857973
1467; 0,0390625; 0,0390625; 532,5892857142857; 0,08846999
1468; 0,0390625; 0,0390625; 528,5714285714286; 0,08780255
1469; 0,0390625; 0,0390625; 531,0714285714286; 0,08821784
1470; 0,0390625; 0,0390625; 529,9821428571429; 0,08803689
1471; 0,0390625; 0,0390625; 532,1071428571429; 0,088389896
1472; 0,0390625; 0,0390625; 526,2142857142857; 0,087410994
1473; 0,0390625; 0,0390625; 532,7321428571429; 0,08849371
1474; 0,0390625; 0,0390625; 527,6071428571429; 0,08764239
1475; 0,0390625; 0,0390625; 529,4642857142857; 0,087950885
1476; 0,0390625; 0,0390625; 531,6607142857143; 0,08831573
1477; 0,0390625; 0,0390625; 529,125; 0,08789451
1478; 0,0390625; 0,0390625; 532,7142857142857; 0,08849076
1479; 0,0390625; 0,0390625; 529,6785714285714; 0,08798648
1480; 0,0390625; 0,0390625; 532,6428571428571; 0,08847888
1481; 0,0390625; 0,0390625; 529,5714285714286; 0,08796867
1482; 0,0390625; 0,0390625; 531,9107142857143; 0,08835726
1483; 0,0390625; 0,0390625; 530,2321428571429; 0,08807845
1484; 0,0390625; 0,0390625; 528,875; 0,08785298
1485; 0,0390625; 0,0390625; 530,9285714285714; 0,08819412
1486; 0,0390625; 0,0390625; 531,1964285714286; 0,08823861
1487; 0,0390625; 0,0390625; 527,9464285714286; 0,08769875
1488; 0,0390625; 0,0390625; 531,1785714285714; 0,088235654
1489; 0,0390625; 0,0390625; 531,3571428571429; 0,08826531
1490; 0,0390625; 0,0390625; 531,875; 0,08835135
1491; 0,0390625; 0,0390625; 531,375; 0,08826828
1492; 0,0390625; 0,0390625; 529,875; 0,08801911
1493; 0,0390625; 0,0390625; 532,3571428571429; 0,08843142
1494; 0,0390625; 0,0390625; 531,3571428571429; 0,08826531
1495; 0,0390625; 0,0390625; 532,5; 0,08845514
1496; 0,0390625; 0,0390625; 531,625; 0,0883098
1497; 0,0390625; 0,0390625; 529,25; 0,087915294
1498; 0,0390625; 0,0390625; 530,125; 0,08806063
1499; 0,0390625; 0,0390625; 530,7678571428571; 0,08816744
1500; 0,0390625; 0,0390625; 529,5714285714286; 0,08796866
1501; 0,0390625; 0,0390625; 528,4821428571429; 0,08778774
1502; 0,0390625; 0,0390625; 528,6607142857143; 0,08781741
1503; 0,0390625; 0,0390625; 530,875; 0,08818523
1504; 0,0390625; 0,0390625; 528,1428571428571; 0,08773138
1505; 0,0390625; 0,0390625; 530,6785714285714; 0,08815259
1506; 0,0390625; 0,0390625; 529,8392857142857; 0,08801318
1507; 0,0390625; 0,0390625; 530,6071428571429; 0,088140726
1508; 0,0390625; 0,0390625; 531,8214285714286; 0,08834242
1509; 0,0390625; 0,0390625; 533,0357142857143; 0,08854415
1510; 0,0390625; 0,0390625; 526,5; 0,08745848
1511; 0,0390625; 0,0390625; 531,3928571428571; 0,08827124
1512; 0,0390625; 0,0390625; 529,0892857142857; 0,08788859
1513; 0,0390625; 0,0390625; 529,9107142857143; 0,08802505
1514; 0,0390625; 0,0390625; 533,1607142857143; 0,088564895
1515; 0,0390625; 0,0390625; 531,2678571428571; 0,088250466
1516; 0,0390625; 0,0390625; 530,6785714285714; 0,08815259
1517; 0,0390625; 0,0390625; 530,0; 0,088039875
1518; 0,0390625; 0,0390625; 530,25; 0,088081405
1519; 0,0390625; 0,0390625; 533,8035714285714; 0,08867169
1520; 0,0390625; 0,0390625; 531,75; 0,08833056
1521; 0,0390625; 0,0390625; 531,7857142857143; 0,088336505
1522; 0,0390625; 0,0390625; 528,4821428571429; 0,08778773
1523; 0,0390625; 0,0390625; 532,5892857142857; 0,08846998
1524; 0,0390625; 0,0390625; 530,1428571428571; 0,088063605
1525; 0,0390625; 0,0390625; 530,2857142857143; 0,08808733
1526; 0,0390625; 0,0390625; 533,125; 0,08855897
1527; 0,0390625; 0,0390625; 531,0892857142857; 0,0882208
1528; 0,0390625; 0,0390625; 530,4107142857143; 0,0881081
1529; 0,0390625; 0,0390625; 530,4821428571429; 0,08811997
1530; 0,0390625; 0,0390625; 531,2142857142857; 0,08824158
1531; 0,0390625; 0,0390625; 529,9821428571429; 0,088036895
1532; 0,0390625; 0,0390625; 528,3392857142857; 0,087764
1533; 0,0390625; 0,0390625; 529,375; 0,08793605
1534; 0,0390625; 0,0390625; 532,9107142857143; 0,08852338
1535; 0,0390625; 0,0390625; 531,25; 0,0882475
1536; 0,0390625; 0,0390625; 526,7857142857143; 0,08750595
1537; 0,0390625; 0,0390625; 529,8035714285714; 0,08800722
1538; 0,0390625; 0,0390625; 531,8214285714286; 0,088342436
1539; 0,0390625; 0,0390625; 532,4285714285714; 0,088443294
1540; 0,0390625; 0,0390625; 532,0; 0,0883721
1541; 0,0390625; 0,0390625; 532,6607142857143; 0,08848184
1542; 0,0390625; 0,0390625; 529,0178571428571; 0,08787673
1543; 0,0390625; 0,0390625; 532,4642857142857; 0,088449225
1544; 0,0390625; 0,0390625; 531,875; 0,088351354
1545; 0,0390625; 0,0390625; 529,8392857142857; 0,08801317
1546; 0,0390625; 0,0390625; 529,75; 0,08799835
1547; 0,0390625; 0,0390625; 527,875; 0,0876869
1548; 0,0390625; 0,0390625; 530,5535714285714; 0,08813181
1549; 0,0390625; 0,0390625; 529,1607142857143; 0,08790045
1550; 0,0390625; 0,0390625; 527,0892857142857; 0,08755637
1551; 0,0390625; 0,0390625; 530,0535714285714; 0,08804879
1552; 0,0390625; 0,0390625; 529,3928571428571; 0,08793902
1553; 0,0390625; 0,0390625; 531,75; 0,08833057
1554; 0,0390625; 0,0390625; 526,8214285714286; 0,087511875
1555; 0,0390625; 0,0390625; 531,75; 0,08833059
1556; 0,0390625; 0,0390625; 531,9642857142857; 0,088366166
1557; 0,0390625; 0,0390625; 533,0535714285714; 0,08854712
1558; 0,0390625; 0,0390625; 531,3392857142857; 0,088262334
1559; 0,0390625; 0,0390625; 531,8392857142857; 0,088345416
1560; 0,0390625; 0,0390625; 531,2857142857143; 0,08825344
1561; 0,0390625; 0,0390625; 526,0357142857143; 0,08738136
1562; 0,0390625; 0,0390625; 531,3571428571429; 0,08826534
1563; 0,0390625; 0,0390625; 529,8928571428571; 0,088022076
1564; 0,0390625; 0,0390625; 531,0357142857143; 0,08821191
1565; 0,0390625; 0,0390625; 531,9464285714286; 0,08836319
1566; 0,0390625; 0,0390625; 534,0; 0,08870431
1567; 0,0390625; 0,0390625; 531,625; 0,08830979
1568; 0,0390625; 0,0390625; 529,2142857142857; 0,08790934
1569; 0,0390625; 0,0390625; 531,9821428571429; 0,08836912
1570; 0,0390625; 0,0390625; 529,375; 0,08793606
1571; 0,0390625; 0,0390625; 532,0714285714286; 0,08838397
1572; 0,0390625; 0,0390625; 530,7678571428571; 0,08816742
1573; 0,0390625; 0,0390625; 532,3214285714286; 0,088425495
1574; 0,0390625; 0,0390625; 529,4821428571429; 0,087953866
1575; 0,0390625; 0,0390625; 529,0178571428571; 0,087876745
1576; 0,0390625; 0,0390625; 532,6785714285714; 0,0884848
1577; 0,0390625; 0,0390625; 531,5535714285714; 0,088297926
1578; 0,0390625; 0,0390625; 532,8214285714286; 0,08850854
1579; 0,0390625; 0,0390625; 531,6071428571429; 0,088306844
1580; 0,0390625; 0,0390625; 526,8928571428571; 0,087523736
1581; 0,0390625; 0,0390625; 531,4464285714286; 0,08828014
1582; 0,0390625; 0,0390625; 530,875; 0,088185206
1583; 0,0390625; 0,0390625; 533,9642857142857; 0,08869839
1584; 0,0390625; 0,0390625; 527,9821428571429; 0,08770467
1585; 0,0390625; 0,0390625; 532,4464285714286; 0,08844625
1586; 0,0390625; 0,0390625; 531,6428571428571; 0,08831275
1587; 0,0390625; 0,0390625; 530,1964285714286; 0,088072486
1588; 0,0390625; 0,0390625; 528,4821428571429; 0,087787725
1589; 0,0390625; 0,0390625; 529,4107142857143; 0,08794197
1590; 0,0390625; 0,0390625; 530,25; 0,0880814
1591; 0,0390625; 0,0390625; 529,7678571428571; 0,08800131
1592; 0,0390625; 0,0390625; 533,375; 0,0886005
1593; 0,0390625; 0,0390625; 534,9285714285714; 0,08885857
1594; 0,0390625; 0,0390625; 528,8035714285714; 0,08784113
1595; 0,0390625; 0,0390625; 528,7857142857143; 0,087838165
1596; 0,0390625; 0,0390625; 530,2857142857143; 0,08808734
1597; 0,0390625; 0,0390625; 526,1071428571429; 0,08739321
1598; 0,0390625; 0,0390625; 528,8035714285714; 0,087841116
1599; 0,0390625; 0,0390625; 529,0178571428571; 0,08787673
1600; 0,0390625; 0,0390625; 528,8571428571429; 0,08785002
1601; 0,0390625; 0,0390625; 533,3392857142857; 0,08859457
1602; 0,0390625; 0,0390625; 529,6964285714286; 0,08798945
1603; 0,0390625; 0,0390625; 531,7857142857143; 0,088336505
1604; 0,0390625; 0,0390625; 528,8035714285714; 0,087841146
1605; 0,0390625; 0,0390625; 530,7857142857143; 0,08817039
1606; 0,0390625; 0,0390625; 532,4642857142857; 0,088449195
1607; 0,0390625; 0,0390625; 532,3035714285714; 0,08842253
1608; 0,0390625; 0,0390625; 530,3928571428571; 0,08810512
1609; 0,0390625; 0,0390625; 527,8035714285714; 0,08767502
1610; 0,0390625; 0,0390625; 537,0714285714286; 0,08921451
1611; 0,0390625; 0,0390625; 532,8571428571429; 0,08851447
1612; 0,0390625; 0,0390625; 530,1428571428571; 0,0880636
1613; 0,0390625; 0,0390625; 534,4285714285714; 0,08877552
1614; 0,0390625; 0,0390625; 531,4464285714286; 0,08828014
1615; 0,0390625; 0,0390625; 531,875; 0,08835133
1616; 0,0390625; 0,0390625; 530,1071428571429; 0,08805766
1617; 0,0390625; 0,0390625; 531,8035714285714; 0,088339455
1618; 0,0390625; 0,0390625; 531,5; 0,08828904
1619; 0,0390625; 0,0390625; 530,1964285714286; 0,088072486
1620; 0,0390625; 0,0390625; 533,6071428571429; 0,08863907
1621; 0,0390625; 0,0390625; 530,1785714285714; 0,088069536
1622; 0,0390625; 0,0390625; 526,6607142857143; 0,08748517
1623; 0,0390625; 0,0390625; 531,4642857142857; 0,08828312
1624; 0,0390625; 0,0390625; 529,7142857142857; 0,087992415
1625; 0,0390625; 0,0390625; 529,2678571428571; 0,08791827
1626; 0,0390625; 0,0390625; 529,1428571428571; 0,087897494
1627; 0,0390625; 0,0390625; 534,4107142857143; 0,08877254
1628; 0,0390625; 0,0390625; 527,9285714285714; 0,087695785
1629; 0,0390625; 0,0390625; 532,4642857142857; 0,08844922
1630; 0,0390625; 0,0390625; 531,0892857142857; 0,08822083
1631; 0,0390625; 0,0390625; 533,1964285714286; 0,08857084
1632; 0,0390625; 0,0390625; 530,0357142857143; 0,0880458
1633; 0,0390625; 0,0390625; 531,2857142857143; 0,08825346
1634; 0,0390625; 0,0390625; 531,0535714285714; 0,088214874
1635; 0,0390625; 0,0390625; 529,6785714285714; 0,08798647
1636; 0,0390625; 0,0390625; 533,2142857142857; 0,0885738
1637; 0,0390625; 0,0390625; 530,8035714285714; 0,08817335
1638; 0,0390625; 0,0390625; 530,0178571428571; 0,08804284
1639; 0,0390625; 0,0390625; 533,3392857142857; 0,08859456
1640; 0,0390625; 0,0390625; 530,3928571428571; 0,08810512
1641; 0,0390625; 0,0390625; 528,9464285714286; 0,08786485
1642; 0,0390625; 0,0390625; 533,4464285714286; 0,08861236
1643; 0,0390625; 0,0390625; 532,7857142857143; 0,08850262
1644; 0,0390625; 0,0390625; 530,8571428571429; 0,088182256
1645; 0,0390625; 0,0390625; 530,9821428571429; 0,088203005
1646; 0,0390625; 0,0390625; 530,5; 0,08812294
1647; 0,0390625; 0,0390625; 529,7857142857143; 0,088004276
1648; 0,0390625; 0,0390625; 531,25; 0,088247485
1649; 0,0390625; 0,0390625; 529,3214285714286; 0,087927155
1650; 0,0390625; 0,0390625; 528,5535714285714; 0,0877996
1651; 0,0390625; 0,0390625; 528,4642857142857; 0,08778477
1652; 0,0390625; 0,0390625; 529,25; 0,08791529
1653; 0,0390625; 0,0390625; 534,9464285714286; 0,08886153
1654; 0,0390625; 0,0390625; 529,9285714285714; 0,088028
1655; 0,0390625; 0,0390625; 530,6071428571429; 0,08814073
1656; 0,0390625; 0,0390625; 529,125; 0,08789452
1657; 0,0390625; 0,0390625; 532,9285714285714; 0,088526346
1658; 0,0390625; 0,0390625; 529,5714285714286; 0,08796869
1659; 0,0390625; 0,0390625; 527,9642857142857; 0,08770172
1660; 0,0390625; 0,0390625; 530,3035714285714; 0,088090286
1661; 0,0390625; 0,0390625; 530,5892857142857; 0,08813775
1662; 0,0390625; 0,0390625; 530,7142857142857; 0,088158526
1663; 0,0390625; 0,0390625; 530,1071428571429; 0,088057674
1664; 0,0390625; 0,0390625; 526,75; 0,08749999
1665; 0,0390625; 0,0390625; 530,3392857142857; 0,088096246
1666; 0,0390625; 0,0390625; 528,1785714285714; 0,087737314
1667; 0,0390625; 0,0390625; 530,75; 0,08816445
1668; 0,0390625; 0,0390625; 529,3928571428571; 0,08793902
1669; 0,0390625; 0,0390625; 530,9285714285714; 0,088194124
1670; 0,0390625; 0,0390625; 530,4821428571429; 0,08811997
1671; 0,0390625; 0,0390625; 527,8392857142857; 0,08768094
1672; 0,0390625; 0,0390625; 532,0892857142857; 0,08838694
1673; 0,0390625; 0,0390625; 529,9285714285714; 0,08802801
1674; 0,0390625; 0,0390625; 529,4464285714286; 0,08794792
1675; 0,0390625; 0,0390625; 530,5714285714286; 0,08813478
1676; 0,0390625; 0,0390625; 530,8571428571429; 0,08818227
1677; 0,0390625; 0,0390625; 531,5535714285714; 0,08829794
1678; 0,0390625; 0,0390625; 530,5714285714286; 0,0881348
1679; 0,0390625; 0,0390625; 529,7678571428571; 0,0880013
1680; 0,0390625; 0,0390625; 531,9285714285714; 0,08836023
1681; 0,0390625; 0,0390625; 526,0; 0,08737542
1682; 0,0390625; 0,0390625; 531,8928571428571; 0,0883543
1683; 0,0390625; 0,0390625; 529,75; 0,087998345
1684; 0,0390625; 0,0390625; 528,9464285714286; 0,08786485
1685; 0,0390625; 0,0390625; 532,1607142857143; 0,08839879
1686; 0,0390625; 0,0390625; 530,7321428571429; 0,08816148
1687; 0,0390625; 0,0390625; 530,9464285714286; 0,08819709
1688; 0,0390625; 0,0390625; 531,6428571428571; 0,08831275
1689; 0,0390625; 0,0390625; 532,7857142857143; 0,08850262
1690; 0,0390625; 0,0390625; 526,0; 0,08737542
1691; 0,0390625; 0,0390625; 529,1785714285714; 0,08790343
1692; 0,0390625; 0,0390625; 532,0892857142857; 0,08838691
1693; 0,0390625; 0,0390625; 532,8571428571429; 0,08851447
1694; 0,0390625; 0,0390625; 530,375; 0,08810216
1695; 0,0390625; 0,0390625; 530,625; 0,08814367
1696; 0,0390625; 0,0390625; 526,7678571428571; 0,08750296
1697; 0,0390625; 0,0390625; 533,125; 0,08855896
1698; 0,0390625; 0,0390625; 531,125; 0,08822674
1699; 0,0390625; 0,0390625; 530,0535714285714; 0,088048756
1700; 0,0390625; 0,0390625; 530,9642857142857; 0,08820004
1701; 0,0390625; 0,0390625; 532,5535714285714; 0,08846407
1702; 0,0390625; 0,0390625; 529,8214285714286; 0,08801019
1703; 0,0390625; 0,0390625; 532,0714285714286; 0,08838395
1704; 0,0390625; 0,0390625; 530,625; 0,088143684
1705; 0,0390625; 0,0390625; 529,3928571428571; 0,08793902
1706; 0,0390625; 0,0390625; 532,1964285714286; 0,088404715
1707; 0,0390625; 0,0390625; 530,7142857142857; 0,088158526
1708; 0,0390625; 0,0390625; 535,1428571428571; 0,088894166
1709; 0,0390625; 0,0390625; 529,4107142857143; 0,08794198
1710; 0,0390625; 0,0390625; 532,625; 0,08847593
1711; 0,0390625; 0,0390625; 533,9285714285714; 0,08869244
1712; 0,0390625; 0,0390625; 533,6428571428571; 0,08864499
1713; 0,0390625; 0,0390625; 533,0892857142857; 0,08855303
1714; 0,0390625; 0,0390625; 530,8928571428571; 0,08818819
1715; 0,0390625; 0,0390625; 532,6428571428571; 0,08847887
1716; 0,0390625; 0,0390625; 529,9285714285714; 0,088028
1717; 0,0390625; 0,0390625; 528,5892857142857; 0,087805524
1718; 0,0390625; 0,0390625; 531,5178571428571; 0,088292
1719; 0,0390625; 0,0390625; 530,0535714285714; 0,088048756
1720; 0,0390625; 0,0390625; 530,2678571428571; 0,08808436
1721; 0,0390625; 0,0390625; 530,9285714285714; 0,088194124
1722; 0,0390625; 0,0390625; 531,125; 0,08822674
1723; 0,0390625; 0,0390625; 532,875; 0,088517435
1724; 0,0390625; 0,0390625; 530,1785714285714; 0,08806954
1725; 0,0390625; 0,0390625; 532,9285714285714; 0,08852635
1726; 0,0390625; 0,0390625; 529,4642857142857; 0,087950885
1727; 0,0390625; 0,0390625; 529,5892857142857; 0,08797164
1728; 0,0390625; 0,0390625; 529,875; 0,08801911
1729; 0,0390625; 0,0390625; 529,375; 0,08793605
1730; 0,0390625; 0,0390625; 529,8214285714286; 0,0880102
1731; 0,0390625; 0,0390625; 527,5535714285714; 0,0876335
1732; 0,0390625; 0,0390625; 529,9464285714286; 0,08803098
1733; 0,0390625; 0,0390625; 527,375; 0,087603815
1734; 0,0390625; 0,0390625; 528,4821428571429; 0,08778774
1735; 0,0390625; 0,0390625; 534,7857142857143; 0,088834845
1736; 0,0390625; 0,0390625; 530,1071428571429; 0,08805766
1737; 0,0390625; 0,0390625; 528,9285714285714; 0,087861896
1738; 0,0390625; 0,0390625; 530,625; 0,08814369
1739; 0,0390625; 0,0390625; 530,2678571428571; 0,08808436
1740; 0,0390625; 0,0390625; 528,375; 0,08776994
1741; 0,0390625; 0,0390625; 528,3035714285714; 0,08775808
1742; 0,0390625; 0,0390625; 529,2321428571429; 0,08791233
1743; 0,0390625; 0,0390625; 530,7857142857143; 0,08817037
1744; 0,0390625; 0,0390625; 531,9464285714286; 0,08836321
1745; 0,0390625; 0,0390625; 531,9642857142857; 0,088366166
1746; 0,0390625; 0,0390625; 534,125; 0,08872509
1747; 0,0390625; 0,0390625; 531,0; 0,088205986
1748; 0,0390625; 0,0390625; 533,2678571428571; 0,0885827
1749; 0,0390625; 0,0390625; 531,2678571428571; 0,088250495
1750; 0,0390625; 0,0390625; 533,1428571428571; 0,08856194
1751; 0,0390625; 0,0390625; 531,4285714285714; 0,088277176
1752; 0,0390625; 0,0390625; 528,125; 0,0877284
1753; 0,0390625; 0,0390625; 531,125; 0,08822675
1754; 0,0390625; 0,0390625; 528,5178571428571; 0,08779367
1755; 0,0390625; 0,0390625; 531,4285714285714; 0,088277176
1756; 0,0390625; 0,0390625; 529,5178571428571; 0,08795978
1757; 0,0390625; 0,0390625; 530,0535714285714; 0,08804877
1758; 0,0390625; 0,0390625; 531,3392857142857; 0,08826236
1759; 0,0390625; 0,0390625; 528,9285714285714; 0,087861896
1760; 0,0390625; 0,0390625; 531,0535714285714; 0,08821488
1761; 0,0390625; 0,0390625; 531,6607142857143; 0,08831573
1762; 0,0390625; 0,0390625; 527,7321428571429; 0,08766315
1763; 0,0390625; 0,0390625; 530,0714285714286; 0,08805174
1764; 0,0390625; 0,0390625; 530,5357142857143; 0,08812886
1765; 0,0390625; 0,0390625; 528,0357142857143; 0,08771356
1766; 0,0390625; 0,0390625; 531,5357142857143; 0,088294975
1767; 0,0390625; 0,0390625; 528,5; 0,08779068
1768; 0,0390625; 0,0390625; 530,25; 0,088081405
1769; 0,0390625; 0,0390625; 529,125; 0,087894514
1770; 0,0390625; 0,0390625; 532,3928571428571; 0,08843736
1771; 0,0390625; 0,0390625; 532,25; 0,08841359
1772; 0,0390625; 0,0390625; 534,5714285714286; 0,088799246
1773; 0,0390625; 0,0390625; 529,9821428571429; 0,08803691
1774; 0,0390625; 0,0390625; 529,375; 0,08793606
1775; 0,0390625; 0,0390625; 528,7321428571429; 0,08782928
1776; 0,0390625; 0,0390625; 529,5535714285714; 0,08796571
1777; 0,0390625; 0,0390625; 531,25; 0,088247515
1778; 0,0390625; 0,0390625; 531,1607142857143; 0,08823268
1779; 0,0390625; 0,0390625; 533,7678571428571; 0,08866578
1780; 0,0390625; 0,0390625; 532,875; 0,088517435
1781; 0,0390625; 0,0390625; 533,3214285714286; 0,08859161
1782; 0,0390625; 0,0390625; 528,9107142857143; 0,08785892
1783; 0,0390625; 0,0390625; 527,3035714285714; 0,08759195
1784; 0,0390625; 0,0390625; 531,4285714285714; 0,088277176
1785; 0,0390625; 0,0390625; 531,875; 0,08835133
1786; 0,0390625; 0,0390625; 530,8571428571429; 0,088182256
1787; 0,0390625; 0,0390625; 526,125; 0,08739619
1788; 0,0390625; 0,0390625; 529,0357142857143; 0,087879695
1789; 0,0390625; 0,0390625; 528,0892857142857; 0,08772246
1790; 0,0390625; 0,0390625; 531,9821428571429; 0,08836913
1791; 0,0390625; 0,0390625; 532,0535714285714; 0,088381
1792; 0,0390625; 0,0390625; 529,8214285714286; 0,08801023
1793; 0,0390625; 0,0390625; 532,2678571428571; 0,08841661
1794; 0,0390625; 0,0390625; 529,5714285714286; 0,08796867
1795; 0,0390625; 0,0390625; 531,0714285714286; 0,08821784
1796; 0,0390625; 0,0390625; 529,2678571428571; 0,08791826
1797; 0,0390625; 0,0390625; 533,625; 0,08864202
1798; 0,0390625; 0,0390625; 531,6071428571429; 0,088306844
1799; 0,0390625; 0,0390625; 531,4821428571429; 0,088286065
1800; 0,0390625; 0,0390625; 532,75; 0,088496685
1801; 0,0390625; 0,0390625; 533,625; 0,08864202
1802; 0,0390625; 0,0390625; 530,7857142857143; 0,08817039
1803; 0,0390625; 0,0390625; 530,0892857142857; 0,088054694
1804; 0,0390625; 0,0390625; 532,4821428571429; 0,08845218
1805; 0,0390625; 0,0390625; 530,2857142857143; 0,08808734
1806; 0,0390625; 0,0390625; 529,5535714285714; 0,087965705
1807; 0,0390625; 0,0390625; 533,25; 0,08857974
1808; 0,0390625; 0,0390625; 532,375; 0,08843438
1809; 0,0390625; 0,0390625; 530,2857142857143; 0,08808733
1810; 0,0390625; 0,0390625; 531,2678571428571; 0,08825047
1811; 0,0390625; 0,0390625; 530,3392857142857; 0,088096246
1812; 0,0390625; 0,0390625; 530,5714285714286; 0,0881348
1813; 0,0390625; 0,0390625; 529,875; 0,08801911
1814; 0,0390625; 0,0390625; 531,0357142857143; 0,08821191
1815; 0,0390625; 0,0390625; 531,0714285714286; 0,08821784
1816; 0,0390625; 0,0390625; 529,2321428571429; 0,08791232
1817; 0,0390625; 0,0390625; 531,1607142857143; 0,08823269
1818; 0,0390625; 0,0390625; 529,4821428571429; 0,08795385
1819; 0,0390625; 0,0390625; 525,4107142857143; 0,08727753
1820; 0,0390625; 0,0390625; 534,0357142857143; 0,08871026
1821; 0,0390625; 0,0390625; 528,8392857142857; 0,08784707
1822; 0,0390625; 0,0390625; 531,2678571428571; 0,08825048
1823; 0,0390625; 0,0390625; 528,875; 0,08785301
1824; 0,0390625; 0,0390625; 530,6071428571429; 0,088140726
1825; 0,0390625; 0,0390625; 529,5357142857143; 0,087962754
1826; 0,0390625; 0,0390625; 528,7142857142857; 0,0878263
1827; 0,0390625; 0,0390625; 531,0; 0,088205986
1828; 0,0390625; 0,0390625; 530,3571428571429; 0,08809919
1829; 0,0390625; 0,0390625; 530,5357142857143; 0,088128865
1830; 0,0390625; 0,0390625; 530,2142857142857; 0,08807546
1831; 0,0390625; 0,0390625; 530,6607142857143; 0,08814963
1832; 0,0390625; 0,0390625; 530,3571428571429; 0,08809919
1833; 0,0390625; 0,0390625; 532,1607142857143; 0,08839881
1834; 0,0390625; 0,0390625; 529,75; 0,08799834
1835; 0,0390625; 0,0390625; 531,8928571428571; 0,088354304
1836; 0,0390625; 0,0390625; 529,1428571428571; 0,08789748
1837; 0,0390625; 0,0390625; 530,4464285714286; 0,08811403
1838; 0,0390625; 0,0390625; 530,5357142857143; 0,08812886
1839; 0,0390625; 0,0390625; 533,0357142857143; 0,08854415
1840; 0,0390625; 0,0390625; 530,2857142857143; 0,088087335
1841; 0,0390625; 0,0390625; 529,6071428571429; 0,08797462
1842; 0,0390625; 0,0390625; 529,625; 0,087977566
1843; 0,0390625; 0,0390625; 530,4642857142857; 0,088116996
1844; 0,0390625; 0,0390625; 530,5892857142857; 0,08813776
1845; 0,0390625; 0,0390625; 531,1428571428571; 0,08822971
1846; 0,0390625; 0,0390625; 530,125; 0,08806063
1847; 0,0390625; 0,0390625; 533,4107142857143; 0,088606454
1848; 0,0390625; 0,0390625; 528,5535714285714; 0,08779961
1849; 0,0390625; 0,0390625; 527,9821428571429; 0,08770468
1850; 0,0390625; 0,0390625; 532,75; 0,08849668
1851; 0,0390625; 0,0390625; 530,9464285714286; 0,08819707
1852; 0,0390625; 0,0390625; 532,1607142857143; 0,088398814
1853; 0,0390625; 0,0390625; 532,0892857142857; 0,08838693
1854; 0,0390625; 0,0390625; 531,125; 0,08822674
1855; 0,0390625; 0,0390625; 534,625; 0,08880816
1856; 0,0390625; 0,0390625; 531,125; 0,08822675
1857; 0,0390625; 0,0390625; 531,3214285714286; 0,08825936
1858; 0,0390625; 0,0390625; 530,8571428571429; 0,08818225
1859; 0,0390625; 0,0390625; 530,8928571428571; 0,08818818
1860; 0,0390625; 0,0390625; 528,9821428571429; 0,087870814
1861; 0,0390625; 0,0390625; 530,9107142857143; 0,08819116
1862; 0,0390625; 0,0390625; 531,3214285714286; 0,08825936
1863; 0,0390625; 0,0390625; 530,2857142857143; 0,08808733
1864; 0,0390625; 0,0390625; 531,1785714285714; 0,08823564
1865; 0,0390625; 0,0390625; 529,2857142857143; 0,08792122
1866; 0,0390625; 0,0390625; 532,0892857142857; 0,088386916
1867; 0,0390625; 0,0390625; 532,1428571428571; 0,08839582
1868; 0,0390625; 0,0390625; 528,2142857142857; 0,08774324
1869; 0,0390625; 0,0390625; 527,875; 0,0876869
1870; 0,0390625; 0,0390625; 530,6964285714286; 0,08815555
1871; 0,0390625; 0,0390625; 530,9464285714286; 0,088197075
1872; 0,0390625; 0,0390625; 530,8392857142857; 0,0881793
1873; 0,0390625; 0,0390625; 530,8214285714286; 0,08817632
1874; 0,0390625; 0,0390625; 530,2142857142857; 0,08807547
1875; 0,0390625; 0,0390625; 527,1964285714286; 0,08757417
1876; 0,0390625; 0,0390625; 528,25; 0,087749176
1877; 0,0390625; 0,0390625; 531,1428571428571; 0,0882297
1878; 0,0390625; 0,0390625; 529,625; 0,08797757
1879; 0,0390625; 0,0390625; 528,4464285714286; 0,0877818
1880; 0,0390625; 0,0390625; 533,25; 0,08857974
1881; 0,0390625; 0,0390625; 527,7678571428571; 0,08766907
1882; 0,0390625; 0,0390625; 528,9107142857143; 0,08785893
1883; 0,0390625; 0,0390625; 531,9285714285714; 0,088360235
1884; 0,0390625; 0,0390625; 530,75; 0,08816445
1885; 0,0390625; 0,0390625; 529,4285714285714; 0,08794494
1886; 0,0390625; 0,0390625; 529,0; 0,08787376
1887; 0,0390625; 0,0390625; 530,9821428571429; 0,08820302
1888; 0,0390625; 0,0390625; 532,5714285714286; 0,088467024
1889; 0,0390625; 0,0390625; 529,9821428571429; 0,08803691
1890; 0,0390625; 0,0390625; 530,6785714285714; 0,08815258
1891; 0,0390625; 0,0390625; 530,3392857142857; 0,08809624
1892; 0,0390625; 0,0390625; 529,5178571428571; 0,08795979
1893; 0,0390625; 0,0390625; 530,6428571428571; 0,088146664
1894; 0,0390625; 0,0390625; 534,0; 0,08870431
1895; 0,0390625; 0,0390625; 533,8928571428571; 0,088686526
1896; 0,0390625; 0,0390625; 529,125; 0,08789452
1897; 0,0390625; 0,0390625; 532,2321428571429; 0,08841066
1898; 0,0390625; 0,0390625; 529,4821428571429; 0,08795385
1899; 0,0390625; 0,0390625; 530,9285714285714; 0,08819412
1900; 0,0390625; 0,0390625; 533,2857142857143; 0,08858567
1901; 0,0390625; 0,0390625; 530,3035714285714; 0,08809031
1902; 0,0390625; 0,0390625; 530,4642857142857; 0,088116996
1903; 0,0390625; 0,0390625; 530,3571428571429; 0,0880992
1904; 0,0390625; 0,0390625; 530,375; 0,08810216
1905; 0,0390625; 0,0390625; 533,3392857142857; 0,08859457
1906; 0,0390625; 0,0390625; 528,4642857142857; 0,087784775
1907; 0,0390625; 0,0390625; 530,9642857142857; 0,08820004
1908; 0,0390625; 0,0390625; 531,9285714285714; 0,08836024
1909; 0,0390625; 0,0390625; 533,0714285714286; 0,088550076
1910; 0,0390625; 0,0390625; 530,1785714285714; 0,08806952
1911; 0,0390625; 0,0390625; 533,0357142857143; 0,08854413
1912; 0,0390625; 0,0390625; 529,375; 0,087936044
1913; 0,0390625; 0,0390625; 530,9285714285714; 0,08819411
1914; 0,0390625; 0,0390625; 530,9821428571429; 0,08820302
1915; 0,0390625; 0,0390625; 533,1428571428571; 0,08856194
1916; 0,0390625; 0,0390625; 529,2678571428571; 0,087918244
1917; 0,0390625; 0,0390625; 528,8035714285714; 0,08784111
1918; 0,0390625; 0,0390625; 529,3928571428571; 0,08793902
1919; 0,0390625; 0,0390625; 531,3571428571429; 0,08826531
1920; 0,0390625; 0,0390625; 532,1785714285714; 0,08840177
1921; 0,0390625; 0,0390625; 532,7678571428571; 0,08849966
1922; 0,0390625; 0,0390625; 531,7857142857143; 0,088336505
1923; 0,0390625; 0,0390625; 531,0892857142857; 0,08822082
1924; 0,0390625; 0,0390625; 532,2321428571429; 0,08841065
1925; 0,0390625; 0,0390625; 532,7678571428571; 0,08849964
1926; 0,0390625; 0,0390625; 530,9464285714286; 0,088197075
1927; 0,0390625; 0,0390625; 529,0714285714286; 0,087885626
1928; 0,0390625; 0,0390625; 529,375; 0,08793606
1929; 0,0390625; 0,0390625; 531,1428571428571; 0,08822971
1930; 0,0390625; 0,0390625; 533,0357142857143; 0,08854414
1931; 0,0390625; 0,0390625; 531,625; 0,08830979
1932; 0,0390625; 0,0390625; 528,6964285714286; 0,08782333
1933; 0,0390625; 0,0390625; 528,2678571428571; 0,08775214
1934; 0,0390625; 0,0390625; 527,9285714285714; 0,087695785
1935; 0,0390625; 0,0390625; 531,4285714285714; 0,08827718
1936; 0,0390625; 0,0390625; 529,9285714285714; 0,088028
1937; 0,0390625; 0,0390625; 533,0178571428571; 0,08854117
1938; 0,0390625; 0,0390625; 531,4642857142857; 0,08828311
1939; 0,0390625; 0,0390625; 528,5892857142857; 0,08780555
1940; 0,0390625; 0,0390625; 530,2142857142857; 0,088075474
1941; 0,0390625; 0,0390625; 529,7321428571429; 0,08799537
1942; 0,0390625; 0,0390625; 532,7678571428571; 0,08849963
1943; 0,0390625; 0,0390625; 530,3928571428571; 0,08810512
1944; 0,0390625; 0,0390625; 532,7321428571429; 0,08849372
1945; 0,0390625; 0,0390625; 530,5535714285714; 0,08813183
1946; 0,0390625; 0,0390625; 528,9285714285714; 0,08786189
1947; 0,0390625; 0,0390625; 529,9821428571429; 0,08803691
1948; 0,0390625; 0,0390625; 528,7857142857143; 0,087838165
1949; 0,0390625; 0,0390625; 533,4642857142857; 0,088615336
1950; 0,0390625; 0,0390625; 530,6607142857143; 0,08814962
1951; 0,0390625; 0,0390625; 529,4642857142857; 0,087950885
1952; 0,0390625; 0,0390625; 529,9285714285714; 0,08802801
1953; 0,0390625; 0,0390625; 531,875; 0,08835133
1954; 0,0390625; 0,0390625; 532,2142857142857; 0,088407695
1955; 0,0390625; 0,0390625; 530,7678571428571; 0,08816743
1956; 0,0390625; 0,0390625; 531,5178571428571; 0,088291995
1957; 0,0390625; 0,0390625; 528,0; 0,08770764
1958; 0,0390625; 0,0390625; 531,6428571428571; 0,08831278
1959; 0,0390625; 0,0390625; 529,7678571428571; 0,08800131
1960; 0,0390625; 0,0390625; 529,5892857142857; 0,08797164
1961; 0,0390625; 0,0390625; 528,4821428571429; 0,08778774
1962; 0,0390625; 0,0390625; 531,9285714285714; 0,08836023
1963; 0,0390625; 0,0390625; 528,0357142857143; 0,087713584
1964; 0,0390625; 0,0390625; 533,3214285714286; 0,08859158
1965; 0,0390625; 0,0390625; 532,1428571428571; 0,08839584
1966; 0,0390625; 0,0390625; 531,3214285714286; 0,08825938
1967; 0,0390625; 0,0390625; 529,3392857142857; 0,087930106
1968; 0,0390625; 0,0390625; 528,625; 0,08781147
1969; 0,0390625; 0,0390625; 530,7321428571429; 0,08816151
1970; 0,0390625; 0,0390625; 530,9107142857143; 0,08819117
1971; 0,0390625; 0,0390625; 529,6785714285714; 0,08798648
1972; 0,0390625; 0,0390625; 530,4642857142857; 0,08811699
1973; 0,0390625; 0,0390625; 528,8392857142857; 0,08784706
1974; 0,0390625; 0,0390625; 532,4285714285714; 0,08844327
1975; 0,0390625; 0,0390625; 530,3392857142857; 0,08809622
1976; 0,0390625; 0,0390625; 531,5; 0,08828903
1977; 0,0390625; 0,0390625; 530,3571428571429; 0,088099204
1978; 0,0390625; 0,0390625; 532,1607142857143; 0,088398814
1979; 0,0390625; 0,0390625; 529,7321428571429; 0,08799537
1980; 0,0390625; 0,0390625; 530,6071428571429; 0,088140726
1981; 0,0390625; 0,0390625; 534,5535714285714; 0,088796265
1982; 0,0390625; 0,0390625; 529,8392857142857; 0,08801318
1983; 0,0390625; 0,0390625; 532,2857142857143; 0,08841957
1984; 0,0390625; 0,0390625; 530,6964285714286; 0,08815555
1985; 0,0390625; 0,0390625; 530,2321428571429; 0,08807843
1986; 0,0390625; 0,0390625; 529,6607142857143; 0,0879835
1987; 0,0390625; 0,0390625; 530,125; 0,08806064
1988; 0,0390625; 0,0390625; 532,3035714285714; 0,08842253
1989; 0,0390625; 0,0390625; 529,8928571428571; 0,08802206
1990; 0,0390625; 0,0390625; 531,1607142857143; 0,08823269
1991; 0,0390625; 0,0390625; 528,875; 0,08785298
1992; 0,0390625; 0,0390625; 532,6785714285714; 0,088484816
1993; 0,0390625; 0,0390625; 532,4821428571429; 0,0884522
1994; 0,0390625; 0,0390625; 529,5892857142857; 0,087971665
1995; 0,0390625; 0,0390625; 531,4464285714286; 0,088280134
1996; 0,0390625; 0,0390625; 531,3928571428571; 0,08827124
1997; 0,0390625; 0,0390625; 529,875; 0,08801912
1998; 0,0390625; 0,0390625; 529,6785714285714; 0,08798648
1999; 0,0390625; 0,0390625; 532,0178571428571; 0,08837507
2000; 0,0390625; 0,0390625; 529,7142857142857; 0,08799242
2001; 0,0390625; 0,0390625; 533,5714285714286; 0,088633135
2002; 0,0390625; 0,0390625; 531,875; 0,08835133
2003; 0,0390625; 0,0390625; 533,1607142857143; 0,08856491
2004; 0,0390625; 0,0390625; 533,375; 0,088600494
2005; 0,0390625; 0,0390625; 531,3392857142857; 0,08826236
2006; 0,0390625; 0,0390625; 529,4464285714286; 0,087947905
2007; 0,0390625; 0,0390625; 529,0178571428571; 0,08787673
2008; 0,0390625; 0,0390625; 531,3214285714286; 0,08825939
2009; 0,0390625; 0,0390625; 527,3392857142857; 0,08759787
2010; 0,0390625; 0,0390625; 531,0; 0,088205986
2011; 0,0390625; 0,0390625; 530,7857142857143; 0,08817039
2012; 0,0390625; 0,0390625; 531,0357142857143; 0,08821192
2013; 0,0390625; 0,0390625; 527,6785714285714; 0,08765424
2014; 0,0390625; 0,0390625; 528,6607142857143; 0,087817386
2015; 0,0390625; 0,0390625; 533,75; 0,08866281
2016; 0,0390625; 0,0390625; 531,1071428571429; 0,08822378
2017; 0,0390625; 0,0390625; 529,6964285714286; 0,08798944
2018; 0,0390625; 0,0390625; 531,9107142857143; 0,08835726
2019; 0,0390625; 0,0390625; 531,6607142857143; 0,08831574
2020; 0,0390625; 0,0390625; 526,75; 0,08749999
2021; 0,0390625; 0,0390625; 531,7678571428571; 0,08833354
2022; 0,0390625; 0,0390625; 530,5714285714286; 0,08813479
2023; 0,0390625; 0,0390625; 530,6428571428571; 0,08814664
2024; 0,0390625; 0,0390625; 532,5892857142857; 0,088469975
2025; 0,0390625; 0,0390625; 527,5535714285714; 0,087633476
2026; 0,0390625; 0,0390625; 531,375; 0,088268265
2027; 0,0390625; 0,0390625; 530,2857142857143; 0,08808732
2028; 0,0390625; 0,0390625; 533,6607142857143; 0,08864795
2029; 0,0390625; 0,0390625; 529,3571428571429; 0,087933086
2030; 0,0390625; 0,0390625; 531,25; 0,088247515
2031; 0,0390625; 0,0390625; 531,2678571428571; 0,088250495
2032; 0,0390625; 0,0390625; 528,0; 0,08770765
2033; 0,0390625; 0,0390625; 531,9642857142857; 0,08836617
2034; 0,0390625; 0,0390625; 531,5714285714286; 0,088300906
2035; 0,0390625; 0,0390625; 530,3035714285714; 0,0880903
2036; 0,0390625; 0,0390625; 527,4107142857143; 0,087609746
2037; 0,0390625; 0,0390625; 531,7321428571429; 0,088327594
2038; 0,0390625; 0,0390625; 531,5535714285714; 0,08829794
2039; 0,0390625; 0,0390625; 528,8035714285714; 0,087841146
2040; 0,0390625; 0,0390625; 531,375; 0,08826828
2041; 0,0390625; 0,0390625; 530,7321428571429; 0,088161476
2042; 0,0390625; 0,0390625; 533,9107142857143; 0,08868949
2043; 0,0390625; 0,0390625; 527,625; 0,08764536
2044; 0,0390625; 0,0390625; 526,125; 0,08739618
2045; 0,0390625; 0,0390625; 531,5535714285714; 0,08829794
2046; 0,0390625; 0,0390625; 531,4464285714286; 0,088280134
2047; 0,0390625; 0,0390625; 530,1785714285714; 0,08806954
2048; 0,0390625; 0,0390625; 534,3035714285714; 0,08875475
2049; 0,0390625; 0,0390625; 531,2857142857143; 0,08825344
2050; 0,0390625; 0,0390625; 533,2857142857143; 0,088585675
2051; 0,0390625; 0,0390625; 532,2142857142857; 0,08840769
2052; 0,0390625; 0,0390625; 528,8392857142857; 0,087847054
2053; 0,0390625; 0,0390625; 529,1785714285714; 0,087903425
2054; 0,0390625; 0,0390625; 531,8214285714286; 0,08834241
2055; 0,0390625; 0,0390625; 531,0714285714286; 0,088217854
2056; 0,0390625; 0,0390625; 531,7678571428571; 0,08833353
2057; 0,0390625; 0,0390625; 534,5892857142857; 0,0888022
2058; 0,0390625; 0,0390625; 530,6607142857143; 0,08814962
2059; 0,0390625; 0,0390625; 527,7321428571429; 0,08766316
2060; 0,0390625; 0,0390625; 528,7321428571429; 0,08782927
2061; 0,0390625; 0,0390625; 533,2321428571429; 0,08857676
2062; 0,0390625; 0,0390625; 526,9464285714286; 0,08753263
2063; 0,0390625; 0,0390625; 529,2857142857143; 0,08792122
2064; 0,0390625; 0,0390625; 530,2321428571429; 0,088078424
2065; 0,0390625; 0,0390625; 529,375; 0,08793604
2066; 0,0390625; 0,0390625; 531,5714285714286; 0,088300906
2067; 0,0390625; 0,0390625; 532,0178571428571; 0,08837507
2068; 0,0390625; 0,0390625; 529,8571428571429; 0,08801614
2069; 0,0390625; 0,0390625; 532,5535714285714; 0,08846406
2070; 0,0390625; 0,0390625; 530,6607142857143; 0,08814963
2071; 0,0390625; 0,0390625; 528,8035714285714; 0,08784111
2072; 0,0390625; 0,0390625; 529,7678571428571; 0,088001296
2073; 0,0390625; 0,0390625; 531,8392857142857; 0,08834539
2074; 0,0390625; 0,0390625; 530,7857142857143; 0,08817037
2075; 0,0390625; 0,0390625; 533,2321428571429; 0,08857677
2076; 0,0390625; 0,0390625; 531,0357142857143; 0,08821192
2077; 0,0390625; 0,0390625; 530,5357142857143; 0,08812885
2078; 0,0390625; 0,0390625; 531,0892857142857; 0,08822081
2079; 0,0390625; 0,0390625; 528,9107142857143; 0,08785894
2080; 0,0390625; 0,0390625; 531,4464285714286; 0,088280134
2081; 0,0390625; 0,0390625; 533,9821428571429; 0,088701345
2082; 0,0390625; 0,0390625; 531,2857142857143; 0,08825344
2083; 0,0390625; 0,0390625; 531,2142857142857; 0,08824157
2084; 0,0390625; 0,0390625; 529,2857142857143; 0,08792121
2085; 0,0390625; 0,0390625; 526,8214285714286; 0,08751186
2086; 0,0390625; 0,0390625; 530,3571428571429; 0,0880992
2087; 0,0390625; 0,0390625; 530,8392857142857; 0,08817929
2088; 0,0390625; 0,0390625; 531,875; 0,08835135
2089; 0,0390625; 0,0390625; 533,0178571428571; 0,08854117
2090; 0,0390625; 0,0390625; 528,8392857142857; 0,08784705
2091; 0,0390625; 0,0390625; 530,75; 0,088164456
2092; 0,0390625; 0,0390625; 529,8571428571429; 0,08801615
2093; 0,0390625; 0,0390625; 533,0892857142857; 0,08855305
2094; 0,0390625; 0,0390625; 529,9642857142857; 0,088033915
2095; 0,0390625; 0,0390625; 531,9642857142857; 0,08836616
2096; 0,0390625; 0,0390625; 529,4821428571429; 0,08795384
2097; 0,0390625; 0,0390625; 529,3214285714286; 0,08792717
2098; 0,0390625; 0,0390625; 529,9285714285714; 0,08802801
2099; 0,0390625; 0,0390625; 530,4642857142857; 0,08811701
2100; 0,0390625; 0,0390625; 533,4107142857143; 0,08860643
2101; 0,0390625; 0,0390625; 529,3392857142857; 0,08793012
2102; 0,0390625; 0,0390625; 532,8035714285714; 0,0885056
2103; 0,0390625; 0,0390625; 531,3571428571429; 0,0882653
2104; 0,0390625; 0,0390625; 528,25; 0,08774917
2105; 0,0390625; 0,0390625; 528,6071428571429; 0,087808505
2106; 0,0390625; 0,0390625; 530,2678571428571; 0,08808438
2107; 0,0390625; 0,0390625; 530,2857142857143; 0,088087335
2108; 0,0390625; 0,0390625; 527,375; 0,08760383
2109; 0,0390625; 0,0390625; 530,3214285714286; 0,088093266
2110; 0,0390625; 0,0390625; 531,6607142857143; 0,08831573
2111; 0,0390625; 0,0390625; 528,0535714285714; 0,08771656
2112; 0,0390625; 0,0390625; 531,125; 0,08822674
2113; 0,0390625; 0,0390625; 527,375; 0,08760381
2114; 0,0390625; 0,0390625; 527,5714285714286; 0,087636456
2115; 0,0390625; 0,0390625; 533,125; 0,08855898
2116; 0,0390625; 0,0390625; 530,6964285714286; 0,08815556
2117; 0,0390625; 0,0390625; 531,1607142857143; 0,08823269
2118; 0,0390625; 0,0390625; 529,1607142857143; 0,08790045
2119; 0,0390625; 0,0390625; 529,7678571428571; 0,08800131
2120; 0,0390625; 0,0390625; 529,2142857142857; 0,087909356
2121; 0,0390625; 0,0390625; 530,5535714285714; 0,08813184
2122; 0,0390625; 0,0390625; 528,7857142857143; 0,087838165
2123; 0,0390625; 0,0390625; 531,4464285714286; 0,08828015
2124; 0,0390625; 0,0390625; 529,4642857142857; 0,08795088
2125; 0,0390625; 0,0390625; 528,75; 0,087832235
2126; 0,0390625; 0,0390625; 531,3035714285714; 0,088256404
2127; 0,0390625; 0,0390625; 532,1607142857143; 0,0883988
2128; 0,0390625; 0,0390625; 528,7678571428571; 0,08783518
2129; 0,0390625; 0,0390625; 529,6607142857143; 0,08798351
2130; 0,0390625; 0,0390625; 534,2857142857143; 0,08875179
2131; 0,0390625; 0,0390625; 531,5714285714286; 0,08830089
2132; 0,0390625; 0,0390625; 531,1607142857143; 0,088232696
2133; 0,0390625; 0,0390625; 529,6428571428571; 0,087980546
2134; 0,0390625; 0,0390625; 530,125; 0,088060625
2135; 0,0390625; 0,0390625; 530,5; 0,08812294
2136; 0,0390625; 0,0390625; 530,5357142857143; 0,08812885
2137; 0,0390625; 0,0390625; 532,1607142857143; 0,08839881
2138; 0,0390625; 0,0390625; 528,625; 0,08781146
2139; 0,0390625; 0,0390625; 531,2321428571429; 0,088244535
2140; 0,0390625; 0,0390625; 534,9107142857143; 0,0888556
2141; 0,0390625; 0,0390625; 530,6607142857143; 0,08814962
2142; 0,0390625; 0,0390625; 531,75; 0,08833058
2143; 0,0390625; 0,0390625; 530,75; 0,08816446
2144; 0,0390625; 0,0390625; 529,5178571428571; 0,0879598
2145; 0,0390625; 0,0390625; 528,9107142857143; 0,08785892
2146; 0,0390625; 0,0390625; 531,8571428571429; 0,08834835
2147; 0,0390625; 0,0390625; 527,25; 0,087583065
2148; 0,0390625; 0,0390625; 530,9464285714286; 0,08819709
2149; 0,0390625; 0,0390625; 529,5; 0,08795683
2150; 0,0390625; 0,0390625; 529,4821428571429; 0,08795383
2151; 0,0390625; 0,0390625; 529,6785714285714; 0,08798648
2152; 0,0390625; 0,0390625; 529,0892857142857; 0,08788859
2153; 0,0390625; 0,0390625; 530,25; 0,088081405
2154; 0,0390625; 0,0390625; 530,2678571428571; 0,088084355
2155; 0,0390625; 0,0390625; 533,0892857142857; 0,08855305
2156; 0,0390625; 0,0390625; 528,7321428571429; 0,08782927
2157; 0,0390625; 0,0390625; 533,2678571428571; 0,0885827
2158; 0,0390625; 0,0390625; 530,2857142857143; 0,08808731
2159; 0,0390625; 0,0390625; 528,1964285714286; 0,087740265
2160; 0,0390625; 0,0390625; 534,0178571428571; 0,08870729
2161; 0,0390625; 0,0390625; 530,6785714285714; 0,088152595
2162; 0,0390625; 0,0390625; 530,3571428571429; 0,088099204
2163; 0,0390625; 0,0390625; 531,0535714285714; 0,08821488
2164; 0,0390625; 0,0390625; 531,1607142857143; 0,08823267
2165; 0,0390625; 0,0390625; 528,4464285714286; 0,087781794
2166; 0,0390625; 0,0390625; 528,4642857142857; 0,08778476
2167; 0,0390625; 0,0390625; 530,5535714285714; 0,08813182
2168; 0,0390625; 0,0390625; 531,6785714285714; 0,08831873
2169; 0,0390625; 0,0390625; 530,9642857142857; 0,08820004
2170; 0,0390625; 0,0390625; 532,0535714285714; 0,088380985
2171; 0,0390625; 0,0390625; 531,5178571428571; 0,08829201
2172; 0,0390625; 0,0390625; 530,1071428571429; 0,08805766
2173; 0,0390625; 0,0390625; 532,1071428571429; 0,088389896
2174; 0,0390625; 0,0390625; 531,0357142857143; 0,0882119
2175; 0,0390625; 0,0390625; 529,9107142857143; 0,08802504
2176; 0,0390625; 0,0390625; 530,3214285714286; 0,08809327
2177; 0,0390625; 0,0390625; 530,6428571428571; 0,08814667
2178; 0,0390625; 0,0390625; 530,5178571428571; 0,08812589
2179; 0,0390625; 0,0390625; 528,625; 0,08781147
2180; 0,0390625; 0,0390625; 531,8214285714286; 0,08834244
2181; 0,0390625; 0,0390625; 532,2321428571429; 0,08841065
2182; 0,0390625; 0,0390625; 533,4464285714286; 0,08861237
2183; 0,0390625; 0,0390625; 527,25; 0,08758307
2184; 0,0390625; 0,0390625; 530,1785714285714; 0,088069536
2185; 0,0390625; 0,0390625; 533,0535714285714; 0,08854712
2186; 0,0390625; 0,0390625; 533,2857142857143; 0,08858567
2187; 0,0390625; 0,0390625; 532,875; 0,08851745
2188; 0,0390625; 0,0390625; 533,3571428571429; 0,088597536
2189; 0,0390625; 0,0390625; 531,9107142857143; 0,088357255
2190; 0,0390625; 0,0390625; 529,3928571428571; 0,087939
2191; 0,0390625; 0,0390625; 534,8035714285714; 0,0888378
2192; 0,0390625; 0,0390625; 529,6785714285714; 0,08798648
2193; 0,0390625; 0,0390625; 531,4107142857143; 0,08827422
2194; 0,0390625; 0,0390625; 530,8214285714286; 0,08817631
2195; 0,0390625; 0,0390625; 533,0714285714286; 0,08855007
2196; 0,0390625; 0,0390625; 529,4285714285714; 0,08794494
2197; 0,0390625; 0,0390625; 532,9642857142857; 0,08853227
2198; 0,0390625; 0,0390625; 529,7321428571429; 0,08799539
2199; 0,0390625; 0,0390625; 531,0178571428571; 0,088208966
2200; 0,0390625; 0,0390625; 531,7857142857143; 0,088336505
2201; 0,0390625; 0,0390625; 527,9821428571429; 0,08770467
2202; 0,0390625; 0,0390625; 530,375; 0,08810216
2203; 0,0390625; 0,0390625; 527,8035714285714; 0,08767503
2204; 0,0390625; 0,0390625; 533,3214285714286; 0,08859162
2205; 0,0390625; 0,0390625; 530,9107142857143; 0,08819114
2206; 0,0390625; 0,0390625; 530,1785714285714; 0,088069536
2207; 0,0390625; 0,0390625; 531,1428571428571; 0,088229716
2208; 0,0390625; 0,0390625; 529,2857142857143; 0,087921225
2209; 0,0390625; 0,0390625; 528,5535714285714; 0,0877996
2210; 0,0390625; 0,0390625; 532,3928571428571; 0,08843736
2211; 0,0390625; 0,0390625; 528,7321428571429; 0,08782927
2212; 0,0390625; 0,0390625; 531,2321428571429; 0,088244535
2213; 0,0390625; 0,0390625; 527,3928571428571; 0,08760679
2214; 0,0390625; 0,0390625; 528,875; 0,08785298
2215; 0,0390625; 0,0390625; 532,3392857142857; 0,08842845
2216; 0,0390625; 0,0390625; 528,4107142857143; 0,08777587
2217; 0,0390625; 0,0390625; 531,8035714285714; 0,088339455
2218; 0,0390625; 0,0390625; 530,4821428571429; 0,08811997
2219; 0,0390625; 0,0390625; 532,7142857142857; 0,08849076
2220; 0,0390625; 0,0390625; 531,9107142857143; 0,08835726
2221; 0,0390625; 0,0390625; 529,1607142857143; 0,08790045
2222; 0,0390625; 0,0390625; 533,5714285714286; 0,088633135
2223; 0,0390625; 0,0390625; 528,6964285714286; 0,08782334
2224; 0,0390625; 0,0390625; 529,3392857142857; 0,087930106
2225; 0,0390625; 0,0390625; 531,1607142857143; 0,08823269
2226; 0,0390625; 0,0390625; 529,3035714285714; 0,08792418
2227; 0,0390625; 0,0390625; 530,7142857142857; 0,088158526
2228; 0,0390625; 0,0390625; 531,4642857142857; 0,088283114
2229; 0,0390625; 0,0390625; 530,4642857142857; 0,088117
2230; 0,0390625; 0,0390625; 532,8214285714286; 0,08850853
2231; 0,0390625; 0,0390625; 532,5535714285714; 0,08846407
2232; 0,0390625; 0,0390625; 529,8392857142857; 0,088013165
2233; 0,0390625; 0,0390625; 531,9285714285714; 0,088360235
2234; 0,0390625; 0,0390625; 529,75; 0,08799834
2235; 0,0390625; 0,0390625; 530,1964285714286; 0,0880725
2236; 0,0390625; 0,0390625; 533,1428571428571; 0,08856194
2237; 0,0390625; 0,0390625; 531,8214285714286; 0,08834243
2238; 0,0390625; 0,0390625; 530,0892857142857; 0,08805468
2239; 0,0390625; 0,0390625; 530,6607142857143; 0,088149615
2240; 0,0390625; 0,0390625; 530,0; 0,08803985
2241; 0,0390625; 0,0390625; 530,375; 0,08810216
2242; 0,0390625; 0,0390625; 524,375; 0,087105475
2243; 0,0390625; 0,0390625; 531,3035714285714; 0,088256404
2244; 0,0390625; 0,0390625; 528,1964285714286; 0,087740265
2245; 0,0390625; 0,0390625; 530,375; 0,08810217
2246; 0,0390625; 0,0390625; 528,9464285714286; 0,08786487
2247; 0,0390625; 0,0390625; 531,7321428571429; 0,088327594
2248; 0,0390625; 0,0390625; 533,3571428571429; 0,088597536
2249; 0,0390625; 0,0390625; 529,5; 0,08795682
2250; 0,0390625; 0,0390625; 528,2142857142857; 0,08774324
2251; 0,0390625; 0,0390625; 531,0; 0,088206
2252; 0,0390625; 0,0390625; 531,5892857142857; 0,08830387
2253; 0,0390625; 0,0390625; 529,5892857142857; 0,08797165
2254; 0,0390625; 0,0390625; 529,8035714285714; 0,088007234
2255; 0,0390625; 0,0390625; 528,8392857142857; 0,087847054
2256; 0,0390625; 0,0390625; 528,6785714285714; 0,08782035
2257; 0,0390625; 0,0390625; 528,8392857142857; 0,087847054
2258; 0,0390625; 0,0390625; 528,4107142857143; 0,08777586
2259; 0,0390625; 0,0390625; 530,4821428571429; 0,08811997
2260; 0,0390625; 0,0390625; 529,875; 0,088019095
2261; 0,0390625; 0,0390625; 530,5; 0,08812293
2262; 0,0390625; 0,0390625; 530,1607142857143; 0,08806656
2263; 0,0390625; 0,0390625; 530,9642857142857; 0,08820005
2264; 0,0390625; 0,0390625; 531,9821428571429; 0,08836912
2265; 0,0390625; 0,0390625; 530,6964285714286; 0,088155545
2266; 0,0390625; 0,0390625; 532,3214285714286; 0,0884255
2267; 0,0390625; 0,0390625; 530,7142857142857; 0,08815851
2268; 0,0390625; 0,0390625; 527,7142857142857; 0,08766019
2269; 0,0390625; 0,0390625; 530,4464285714286; 0,08811406
2270; 0,0390625; 0,0390625; 532,9821428571429; 0,08853525
2271; 0,0390625; 0,0390625; 528,8928571428571; 0,08785595
2272; 0,0390625; 0,0390625; 533,2857142857143; 0,08858568
2273; 0,0390625; 0,0390625; 531,9107142857143; 0,08835726
2274; 0,0390625; 0,0390625; 530,125; 0,088060655
2275; 0,0390625; 0,0390625; 530,4464285714286; 0,08811403
2276; 0,0390625; 0,0390625; 532,375; 0,08843439
2277; 0,0390625; 0,0390625; 530,0357142857143; 0,08804578
2278; 0,0390625; 0,0390625; 532,3214285714286; 0,08842547
2279; 0,0390625; 0,0390625; 529,25; 0,08791528
2280; 0,0390625; 0,0390625; 530,0892857142857; 0,0880547
2281; 0,0390625; 0,0390625; 529,875; 0,08801911
2282; 0,0390625; 0,0390625; 528,1964285714286; 0,08774025
2283; 0,0390625; 0,0390625; 528,4464285714286; 0,08778179
2284; 0,0390625; 0,0390625; 527,5357142857143; 0,08763052
2285; 0,0390625; 0,0390625; 533,7678571428571; 0,08866577
2286; 0,0390625; 0,0390625; 530,9642857142857; 0,08820004
2287; 0,0390625; 0,0390625; 527,7321428571429; 0,08766316
2288; 0,0390625; 0,0390625; 532,3571428571429; 0,08843143
2289; 0,0390625; 0,0390625; 531,3392857142857; 0,088262334
2290; 0,0390625; 0,0390625; 525,8035714285714; 0,087342784
2291; 0,0390625; 0,0390625; 531,8571428571429; 0,088348374
2292; 0,0390625; 0,0390625; 532,2142857142857; 0,08840769
2293; 0,0390625; 0,0390625; 532,375; 0,08843439
2294; 0,0390625; 0,0390625; 533,9464285714286; 0,08869543
2295; 0,0390625; 0,0390625; 527,6428571428571; 0,087648325
2296; 0,0390625; 0,0390625; 528,8571428571429; 0,08785003
2297; 0,0390625; 0,0390625; 528,7321428571429; 0,087829255
2298; 0,0390625; 0,0390625; 530,3035714285714; 0,088090286
2299; 0,0390625; 0,0390625; 529,8214285714286; 0,08801021
2300; 0,0390625; 0,0390625; 530,625; 0,08814369
2301; 0,0390625; 0,0390625; 530,8571428571429; 0,088182226
2302; 0,0390625; 0,0390625; 532,3571428571429; 0,08843142
2303; 0,0390625; 0,0390625; 530,9821428571429; 0,088203005
2304; 0,0390625; 0,0390625; 532,3214285714286; 0,088425495
2305; 0,0390625; 0,0390625; 533,125; 0,08855898
2306; 0,0390625; 0,0390625; 529,8035714285714; 0,08800725
2307; 0,0390625; 0,0390625; 529,625; 0,08797757
2308; 0,0390625; 0,0390625; 530,25; 0,08808138
2309; 0,0390625; 0,0390625; 531,7321428571429; 0,0883276
2310; 0,0390625; 0,0390625; 527,2142857142857; 0,08757712
2311; 0,0390625; 0,0390625; 531,625; 0,08830981
2312; 0,0390625; 0,0390625; 532,9821428571429; 0,08853525
2313; 0,0390625; 0,0390625; 528,25; 0,08774919
2314; 0,0390625; 0,0390625; 529,6607142857143; 0,08798351
2315; 0,0390625; 0,0390625; 532,0714285714286; 0,088383965
2316; 0,0390625; 0,0390625; 530,625; 0,0881437
2317; 0,0390625; 0,0390625; 531,5357142857143; 0,088294975
2318; 0,0390625; 0,0390625; 531,2678571428571; 0,08825047
2319; 0,0390625; 0,0390625; 526,8571428571429; 0,0875178
2320; 0,0390625; 0,0390625; 530,5178571428571; 0,088125885
2321; 0,0390625; 0,0390625; 532,4107142857143; 0,08844032
2322; 0,0390625; 0,0390625; 529,8035714285714; 0,088007234
2323; 0,0390625; 0,0390625; 533,3571428571429; 0,08859752
2324; 0,0390625; 0,0390625; 529,0714285714286; 0,087885626
2325; 0,0390625; 0,0390625; 528,8392857142857; 0,08784707
2326; 0,0390625; 0,0390625; 530,25; 0,088081405
2327; 0,0390625; 0,0390625; 530,8214285714286; 0,08817632
2328; 0,0390625; 0,0390625; 532,0357142857143; 0,088378035
2329; 0,0390625; 0,0390625; 529,4821428571429; 0,08795386
2330; 0,0390625; 0,0390625; 528,4464285714286; 0,08778181
2331; 0,0390625; 0,0390625; 531,4464285714286; 0,08828014
2332; 0,0390625; 0,0390625; 527,9464285714286; 0,087698735
2333; 0,0390625; 0,0390625; 529,6071428571429; 0,087974615
2334; 0,0390625; 0,0390625; 531,6607142857143; 0,08831573
2335; 0,0390625; 0,0390625; 531,125; 0,08822676
2336; 0,0390625; 0,0390625; 530,0178571428571; 0,08804285
2337; 0,0390625; 0,0390625; 529,0; 0,087873764
2338; 0,0390625; 0,0390625; 529,5178571428571; 0,087959774
2339; 0,0390625; 0,0390625; 530,9821428571429; 0,08820303
2340; 0,0390625; 0,0390625; 532,6964285714286; 0,08848779
2341; 0,0390625; 0,0390625; 531,4821428571429; 0,088286065
2342; 0,0390625; 0,0390625; 534,8214285714286; 0,088840775
2343; 0,0390625; 0,0390625; 531,6607142857143; 0,088315725
2344; 0,0390625; 0,0390625; 532,375; 0,0884344
2345; 0,0390625; 0,0390625; 528,4285714285714; 0,087778844
2346; 0,0390625; 0,0390625; 530,6785714285714; 0,08815259
2347; 0,0390625; 0,0390625; 533,9642857142857; 0,088698395
2348; 0,0390625; 0,0390625; 531,8214285714286; 0,08834243
2349; 0,0390625; 0,0390625; 529,6785714285714; 0,087986484
2350; 0,0390625; 0,0390625; 529,1785714285714; 0,0879034
2351; 0,0390625; 0,0390625; 533,4285714285714; 0,088609405
2352; 0,0390625; 0,0390625; 533,9285714285714; 0,088692464
2353; 0,0390625; 0,0390625; 531,3214285714286; 0,08825938
2354; 0,0390625; 0,0390625; 530,9642857142857; 0,088200055
2355; 0,0390625; 0,0390625; 532,4285714285714; 0,08844327
2356; 0,0390625; 0,0390625; 528,4285714285714; 0,087778844
2357; 0,0390625; 0,0390625; 529,4285714285714; 0,08794494
2358; 0,0390625; 0,0390625; 530,9464285714286; 0,08819707
2359; 0,0390625; 0,0390625; 532,1071428571429; 0,08838991
2360; 0,0390625; 0,0390625; 529,3214285714286; 0,08792714
2361; 0,0390625; 0,0390625; 531,3928571428571; 0,088271245
2362; 0,0390625; 0,0390625; 530,3214285714286; 0,088093266
2363; 0,0390625; 0,0390625; 528,7321428571429; 0,087829255
2364; 0,0390625; 0,0390625; 529,8928571428571; 0,088022076
2365; 0,0390625; 0,0390625; 531,375; 0,08826827
2366; 0,0390625; 0,0390625; 530,9642857142857; 0,08820005
2367; 0,0390625; 0,0390625; 527,4642857142857; 0,08761866
2368; 0,0390625; 0,0390625; 533,875; 0,08868355
2369; 0,0390625; 0,0390625; 530,3571428571429; 0,0880992
2370; 0,0390625; 0,0390625; 529,3214285714286; 0,087927155
2371; 0,0390625; 0,0390625; 532,0; 0,088372104
2372; 0,0390625; 0,0390625; 530,6607142857143; 0,08814962
2373; 0,0390625; 0,0390625; 530,8392857142857; 0,08817928
2374; 0,0390625; 0,0390625; 529,1607142857143; 0,087900445
2375; 0,0390625; 0,0390625; 528,125; 0,08772842
2376; 0,0390625; 0,0390625; 528,3392857142857; 0,087764
2377; 0,0390625; 0,0390625; 532,1607142857143; 0,0883988
2378; 0,0390625; 0,0390625; 529,3214285714286; 0,08792714
2379; 0,0390625; 0,0390625; 532,4642857142857; 0,088449225
2380; 0,0390625; 0,0390625; 533,5; 0,08862126
2381; 0,0390625; 0,0390625; 528,7142857142857; 0,087826274
2382; 0,0390625; 0,0390625; 531,4821428571429; 0,08828608
2383; 0,0390625; 0,0390625; 533,25; 0,08857974
2384; 0,0390625; 0,0390625; 530,4285714285714; 0,08811105
2385; 0,0390625; 0,0390625; 530,4107142857143; 0,088108085
2386; 0,0390625; 0,0390625; 530,8392857142857; 0,08817929
2387; 0,0390625; 0,0390625; 531,4821428571429; 0,08828609
2388; 0,0390625; 0,0390625; 530,3571428571429; 0,0880992
2389; 0,0390625; 0,0390625; 530,0357142857143; 0,08804579
2390; 0,0390625; 0,0390625; 528,625; 0,08781147
2391; 0,0390625; 0,0390625; 530,8571428571429; 0,088182256
2392; 0,0390625; 0,0390625; 526,4464285714286; 0,08744959
2393; 0,0390625; 0,0390625; 531,4821428571429; 0,088286065
2394; 0,0390625; 0,0390625; 530,7678571428571; 0,08816742
2395; 0,0390625; 0,0390625; 527,2142857142857; 0,08757713
2396; 0,0390625; 0,0390625; 531,75; 0,08833056
2397; 0,0390625; 0,0390625; 526,9107142857143; 0,087526694
2398; 0,0390625; 0,0390625; 531,9107142857143; 0,08835727
2399; 0,0390625; 0,0390625; 530,7321428571429; 0,08816149
2400; 0,0390625; 0,0390625; 532,125; 0,08839286
2401; 0,0390625; 0,0390625; 531,5714285714286; 0,0883009
2402; 0,0390625; 0,0390625; 531,3214285714286; 0,08825938
2403; 0,0390625; 0,0390625; 531,8571428571429; 0,08834837
2404; 0,0390625; 0,0390625; 531,0714285714286; 0,08821785
2405; 0,0390625; 0,0390625; 527,8571428571429; 0,08768391
2406; 0,0390625; 0,0390625; 528,2142857142857; 0,08774323
2407; 0,0390625; 0,0390625; 530,8392857142857; 0,08817929
2408; 0,0390625; 0,0390625; 532,0357142857143; 0,08837803
2409; 0,0390625; 0,0390625; 529,4464285714286; 0,08794792
2410; 0,0390625; 0,0390625; 530,2857142857143; 0,088087335
2411; 0,0390625; 0,0390625; 530,8928571428571; 0,08818819
2412; 0,0390625; 0,0390625; 532,2321428571429; 0,08841066
2413; 0,0390625; 0,0390625; 529,75; 0,08799835
2414; 0,0390625; 0,0390625; 529,8928571428571; 0,08802207
2415; 0,0390625; 0,0390625; 531,4285714285714; 0,08827716
2416; 0,0390625; 0,0390625; 529,2857142857143; 0,0879212
2417; 0,0390625; 0,0390625; 530,5; 0,08812293
2418; 0,0390625; 0,0390625; 530,8035714285714; 0,088173345
2419; 0,0390625; 0,0390625; 531,8392857142857; 0,08834541
2420; 0,0390625; 0,0390625; 527,75; 0,08766612
2421; 0,0390625; 0,0390625; 529,2321428571429; 0,08791231
2422; 0,0390625; 0,0390625; 530,5178571428571; 0,0881259
2423; 0,0390625; 0,0390625; 529,2857142857143; 0,08792122
2424; 0,0390625; 0,0390625; 529,7857142857143; 0,08800429
2425; 0,0390625; 0,0390625; 531,8928571428571; 0,0883543
2426; 0,0390625; 0,0390625; 529,3392857142857; 0,087930106
2427; 0,0390625; 0,0390625; 529,5535714285714; 0,08796572
2428; 0,0390625; 0,0390625; 529,1071428571429; 0,08789156
2429; 0,0390625; 0,0390625; 532,5892857142857; 0,08846999
2430; 0,0390625; 0,0390625; 530,3214285714286; 0,08809327
2431; 0,0390625; 0,0390625; 526,625; 0,08747924
2432; 0,0390625; 0,0390625; 531,6964285714286; 0,08832167
2433; 0,0390625; 0,0390625; 531,9285714285714; 0,08836025
2434; 0,0390625; 0,0390625; 531,4821428571429; 0,08828608
2435; 0,0390625; 0,0390625; 531,2857142857143; 0,08825345
2436; 0,0390625; 0,0390625; 530,6607142857143; 0,08814963
2437; 0,0390625; 0,0390625; 530,2857142857143; 0,08808734
2438; 0,0390625; 0,0390625; 532,2857142857143; 0,08841956
2439; 0,0390625; 0,0390625; 530,7321428571429; 0,08816148
2440; 0,0390625; 0,0390625; 531,0714285714286; 0,08821784
2441; 0,0390625; 0,0390625; 529,7678571428571; 0,088001296
2442; 0,0390625; 0,0390625; 530,0178571428571; 0,08804284
2443; 0,0390625; 0,0390625; 534,5; 0,08878738
2444; 0,0390625; 0,0390625; 529,0; 0,087873764
2445; 0,0390625; 0,0390625; 531,4642857142857; 0,0882831
2446; 0,0390625; 0,0390625; 531,4821428571429; 0,088286065
2447; 0,0390625; 0,0390625; 531,0892857142857; 0,08822081
2448; 0,0390625; 0,0390625; 528,375; 0,08776995
2449; 0,0390625; 0,0390625; 530,8571428571429; 0,088182256
2450; 0,0390625; 0,0390625; 533,3035714285714; 0,08858863
2451; 0,0390625; 0,0390625; 530,3392857142857; 0,08809624
2452; 0,0390625; 0,0390625; 532,6428571428571; 0,08847888
2453; 0,0390625; 0,0390625; 530,2678571428571; 0,08808435
2454; 0,0390625; 0,0390625; 532,1071428571429; 0,088389896
2455; 0,0390625; 0,0390625; 536,0535714285714; 0,08904544
2456; 0,0390625; 0,0390625; 530,0178571428571; 0,08804284
2457; 0,0390625; 0,0390625; 530,0; 0,08803986
2458; 0,0390625; 0,0390625; 532,1071428571429; 0,088389896
2459; 0,0390625; 0,0390625; 529,7678571428571; 0,0880013
2460; 0,0390625; 0,0390625; 530,8928571428571; 0,08818819
2461; 0,0390625; 0,0390625; 530,6785714285714; 0,08815258
2462; 0,0390625; 0,0390625; 531,0892857142857; 0,08822082
2463; 0,0390625; 0,0390625; 528,9107142857143; 0,087858915
2464; 0,0390625; 0,0390625; 529,7857142857143; 0,08800429
2465; 0,0390625; 0,0390625; 532,8392857142857; 0,08851151
2466; 0,0390625; 0,0390625; 528,2321428571429; 0,0877462
2467; 0,0390625; 0,0390625; 530,875; 0,088185206
2468; 0,0390625; 0,0390625; 531,0; 0,088205986
2469; 0,0390625; 0,0390625; 530,4642857142857; 0,088116996
2470; 0,0390625; 0,0390625; 530,875; 0,08818521
2471; 0,0390625; 0,0390625; 527,9285714285714; 0,087695785
2472; 0,0390625; 0,0390625; 534,4821428571429; 0,08878442
2473; 0,0390625; 0,0390625; 532,1964285714286; 0,08840473
2474; 0,0390625; 0,0390625; 532,1785714285714; 0,08840176
2475; 0,0390625; 0,0390625; 529,75; 0,08799834
2476; 0,0390625; 0,0390625; 533,5178571428571; 0,088624224
2477; 0,0390625; 0,0390625; 531,2321428571429; 0,088244535
2478; 0,0390625; 0,0390625; 526,4285714285714; 0,08744659
2479; 0,0390625; 0,0390625; 529,375; 0,087936044
2480; 0,0390625; 0,0390625; 530,5892857142857; 0,08813777
2481; 0,0390625; 0,0390625; 529,0535714285714; 0,087882645
2482; 0,0390625; 0,0390625; 530,3928571428571; 0,08810513
2483; 0,0390625; 0,0390625; 530,2142857142857; 0,08807545
2484; 0,0390625; 0,0390625; 530,9464285714286; 0,0881971
2485; 0,0390625; 0,0390625; 529,4642857142857; 0,087950885
2486; 0,0390625; 0,0390625; 527,3392857142857; 0,0875979
2487; 0,0390625; 0,0390625; 531,9285714285714; 0,088360235
2488; 0,0390625; 0,0390625; 529,3214285714286; 0,087927155
2489; 0,0390625; 0,0390625; 530,5357142857143; 0,08812887
2490; 0,0390625; 0,0390625; 530,9821428571429; 0,08820303
2491; 0,0390625; 0,0390625; 529,9464285714286; 0,08803098
2492; 0,0390625; 0,0390625; 528,4642857142857; 0,08778477
2493; 0,0390625; 0,0390625; 530,6785714285714; 0,088152595
2494; 0,0390625; 0,0390625; 531,9464285714286; 0,08836319
2495; 0,0390625; 0,0390625; 534,4107142857143; 0,08877255
2496; 0,0390625; 0,0390625; 530,75; 0,08816446
2497; 0,0390625; 0,0390625; 528,25; 0,087749176
2498; 0,0390625; 0,0390625; 530,7678571428571; 0,08816743
2499; 0,0390625; 0,0390625; 532,125; 0,088392876
2500; 0,0390625; 0,0390625; 530,5178571428571; 0,088125885
2501; 0,0390625; 0,0390625; 529,1071428571429; 0,087891564
2502; 0,0390625; 0,0390625; 526,8214285714286; 0,087511875
2503; 0,0390625; 0,0390625; 532,2857142857143; 0,088419564
2504; 0,0390625; 0,0390625; 530,5; 0,08812291
2505; 0,0390625; 0,0390625; 531,5357142857143; 0,08829496
2506; 0,0390625; 0,0390625; 529,4107142857143; 0,08794197
2507; 0,0390625; 0,0390625; 531,3571428571429; 0,08826534
2508; 0,0390625; 0,0390625; 532,9821428571429; 0,088535234
2509; 0,0390625; 0,0390625; 534,3392857142857; 0,088760674
2510; 0,0390625; 0,0390625; 532,6071428571429; 0,08847296
2511; 0,0390625; 0,0390625; 528,0714285714286; 0,0877195
2512; 0,0390625; 0,0390625; 530,3214285714286; 0,088093266
2513; 0,0390625; 0,0390625; 531,3214285714286; 0,088259384
2514; 0,0390625; 0,0390625; 528,6071428571429; 0,087808505
2515; 0,0390625; 0,0390625; 529,5; 0,0879568
2516; 0,0390625; 0,0390625; 530,3928571428571; 0,088105135
2517; 0,0390625; 0,0390625; 528,3214285714286; 0,087761045
2518; 0,0390625; 0,0390625; 528,1607142857143; 0,08773434
2519; 0,0390625; 0,0390625; 529,7142857142857; 0,087992415
2520; 0,0390625; 0,0390625; 531,8214285714286; 0,08834242
2521; 0,0390625; 0,0390625; 528,5357142857143; 0,08779662
2522; 0,0390625; 0,0390625; 529,3035714285714; 0,08792418
2523; 0,0390625; 0,0390625; 530,6785714285714; 0,08815259
2524; 0,0390625; 0,0390625; 531,4821428571429; 0,08828608
2525; 0,0390625; 0,0390625; 530,0357142857143; 0,0880458
2526; 0,0390625; 0,0390625; 530,25; 0,08808138
2527; 0,0390625; 0,0390625; 531,8571428571429; 0,08834838
2528; 0,0390625; 0,0390625; 529,5357142857143; 0,08796274
2529; 0,0390625; 0,0390625; 529,6785714285714; 0,08798649
2530; 0,0390625; 0,0390625; 529,3928571428571; 0,08793901
2531; 0,0390625; 0,0390625; 529,0714285714286; 0,08788561
2532; 0,0390625; 0,0390625; 531,375; 0,08826828
2533; 0,0390625; 0,0390625; 531,25; 0,0882475
2534; 0,0390625; 0,0390625; 531,6607142857143; 0,08831573
2535; 0,0390625; 0,0390625; 531,9285714285714; 0,088360235
2536; 0,0390625; 0,0390625; 529,375; 0,08793605
2537; 0,0390625; 0,0390625; 531,6785714285714; 0,088318706
2538; 0,0390625; 0,0390625; 532,2857142857143; 0,08841955
2539; 0,0390625; 0,0390625; 530,1964285714286; 0,0880725
2540; 0,0390625; 0,0390625; 530,1071428571429; 0,088057674
2541; 0,0390625; 0,0390625; 530,8214285714286; 0,088176325
2542; 0,0390625; 0,0390625; 530,1785714285714; 0,088069536
2543; 0,0390625; 0,0390625; 532,9642857142857; 0,08853227
2544; 0,0390625; 0,0390625; 529,25; 0,0879153
2545; 0,0390625; 0,0390625; 534,1071428571429; 0,08872212
2546; 0,0390625; 0,0390625; 526,5357142857143; 0,087464415
2547; 0,0390625; 0,0390625; 531,4107142857143; 0,0882742
2548; 0,0390625; 0,0390625; 533,2678571428571; 0,088582695
2549; 0,0390625; 0,0390625; 532,1785714285714; 0,08840175
2550; 0,0390625; 0,0390625; 531,3928571428571; 0,088271245
2551; 0,0390625; 0,0390625; 530,5357142857143; 0,08812886
2552; 0,0390625; 0,0390625; 529,8571428571429; 0,088016145
2553; 0,0390625; 0,0390625; 529,0714285714286; 0,08788562
2554; 0,0390625; 0,0390625; 532,375; 0,08843438
2555; 0,0390625; 0,0390625; 526,7142857142857; 0,087494075
2556; 0,0390625; 0,0390625; 529,9285714285714; 0,088028
2557; 0,0390625; 0,0390625; 534,0892857142857; 0,08871917
2558; 0,0390625; 0,0390625; 528,5535714285714; 0,0877996
2559; 0,0390625; 0,0390625; 529,1428571428571; 0,08789748
2560; 0,0390625; 0,0390625; 530,0714285714286; 0,08805172
2561; 0,0390625; 0,0390625; 534,7857142857143; 0,088834845
2562; 0,0390625; 0,0390625; 531,3392857142857; 0,08826234
2563; 0,0390625; 0,0390625; 531,7142857142857; 0,08832462
2564; 0,0390625; 0,0390625; 528,875; 0,087853
2565; 0,0390625; 0,0390625; 531,3392857142857; 0,08826234
2566; 0,0390625; 0,0390625; 529,0535714285714; 0,087882645
2567; 0,0390625; 0,0390625; 530,9464285714286; 0,08819709
2568; 0,0390625; 0,0390625; 529,1607142857143; 0,08790044
2569; 0,0390625; 0,0390625; 528,8571428571429; 0,08785003
2570; 0,0390625; 0,0390625; 529,5535714285714; 0,08796571
2571; 0,0390625; 0,0390625; 531,3035714285714; 0,08825641
2572; 0,0390625; 0,0390625; 527,1428571428571; 0,08756525
2573; 0,0390625; 0,0390625; 528,3035714285714; 0,08775806
2574; 0,0390625; 0,0390625; 532,1607142857143; 0,08839881
2575; 0,0390625; 0,0390625; 528,7142857142857; 0,08782631
2576; 0,0390625; 0,0390625; 531,3035714285714; 0,08825642
2577; 0,0390625; 0,0390625; 526,4464285714286; 0,08744957
2578; 0,0390625; 0,0390625; 532,1964285714286; 0,08840472
2579; 0,0390625; 0,0390625; 533,0892857142857; 0,088553034
2580; 0,0390625; 0,0390625; 530,2142857142857; 0,08807547
2581; 0,0390625; 0,0390625; 530,8214285714286; 0,08817633
2582; 0,0390625; 0,0390625; 533,1071428571429; 0,088556
2583; 0,0390625; 0,0390625; 527,6428571428571; 0,08764832
2584; 0,0390625; 0,0390625; 528,2321428571429; 0,08774621
2585; 0,0390625; 0,0390625; 533,3214285714286; 0,08859162
2586; 0,0390625; 0,0390625; 532,8035714285714; 0,08850557
2587; 0,0390625; 0,0390625; 528,5892857142857; 0,08780555
2588; 0,0390625; 0,0390625; 532,4464285714286; 0,08844625
2589; 0,0390625; 0,0390625; 526,8392857142857; 0,087514825
2590; 0,0390625; 0,0390625; 528,875; 0,08785301
2591; 0,0390625; 0,0390625; 527,8035714285714; 0,08767501
2592; 0,0390625; 0,0390625; 530,8214285714286; 0,08817632
2593; 0,0390625; 0,0390625; 531,1607142857143; 0,08823269
2594; 0,0390625; 0,0390625; 529,7857142857143; 0,08800429
2595; 0,0390625; 0,0390625; 528,0; 0,08770763
2596; 0,0390625; 0,0390625; 529,5; 0,08795679
2597; 0,0390625; 0,0390625; 531,6428571428571; 0,08831279
2598; 0,0390625; 0,0390625; 529,8571428571429; 0,08801615
2599; 0,0390625; 0,0390625; 534,1071428571429; 0,08872212
2600; 0,0390625; 0,0390625; 530,1785714285714; 0,08806952
2601; 0,0390625; 0,0390625; 531,2857142857143; 0,08825345
2602; 0,0390625; 0,0390625; 531,3214285714286; 0,088259384
2603; 0,0390625; 0,0390625; 531,6428571428571; 0,08831275
2604; 0,0390625; 0,0390625; 529,3928571428571; 0,08793902
2605; 0,0390625; 0,0390625; 528,9464285714286; 0,08786486
2606; 0,0390625; 0,0390625; 533,7142857142857; 0,088656865
2607; 0,0390625; 0,0390625; 530,5535714285714; 0,08813182
2608; 0,0390625; 0,0390625; 527,6607142857143; 0,08765129
2609; 0,0390625; 0,0390625; 532,0892857142857; 0,088386916
2610; 0,0390625; 0,0390625; 529,5535714285714; 0,08796569
2611; 0,0390625; 0,0390625; 529,3928571428571; 0,087939
2612; 0,0390625; 0,0390625; 530,9107142857143; 0,08819116
2613; 0,0390625; 0,0390625; 530,125; 0,088060625
2614; 0,0390625; 0,0390625; 530,6964285714286; 0,08815556
2615; 0,0390625; 0,0390625; 528,9285714285714; 0,08786189
2616; 0,0390625; 0,0390625; 528,4642857142857; 0,087784775
2617; 0,0390625; 0,0390625; 532,1428571428571; 0,08839583
2618; 0,0390625; 0,0390625; 531,4821428571429; 0,08828608
2619; 0,0390625; 0,0390625; 529,5535714285714; 0,08796572
2620; 0,0390625; 0,0390625; 532,6964285714286; 0,08848777
2621; 0,0390625; 0,0390625; 529,375; 0,08793604
2622; 0,0390625; 0,0390625; 530,125; 0,088060625
2623; 0,0390625; 0,0390625; 525,7857142857143; 0,08733982
2624; 0,0390625; 0,0390625; 529,7321428571429; 0,087995365
2625; 0,0390625; 0,0390625; 531,4285714285714; 0,088277176
2626; 0,0390625; 0,0390625; 530,8214285714286; 0,088176325
2627; 0,0390625; 0,0390625; 529,125; 0,087894514
2628; 0,0390625; 0,0390625; 530,3928571428571; 0,08810513
2629; 0,0390625; 0,0390625; 530,125; 0,08806063
2630; 0,0390625; 0,0390625; 526,875; 0,08752077
2631; 0,0390625; 0,0390625; 528,3571428571429; 0,08776696
2632; 0,0390625; 0,0390625; 531,125; 0,08822674
2633; 0,0390625; 0,0390625; 532,375; 0,08843439
2634; 0,0390625; 0,0390625; 530,5; 0,08812292
2635; 0,0390625; 0,0390625; 529,8928571428571; 0,08802207
2636; 0,0390625; 0,0390625; 534,0535714285714; 0,08871322
2637; 0,0390625; 0,0390625; 531,1607142857143; 0,08823267
2638; 0,0390625; 0,0390625; 528,3928571428571; 0,0877729
2639; 0,0390625; 0,0390625; 529,5714285714286; 0,08796867
2640; 0,0390625; 0,0390625; 535,2321428571429; 0,08890901
2641; 0,0390625; 0,0390625; 530,8035714285714; 0,088173345
2642; 0,0390625; 0,0390625; 528,6428571428571; 0,08781441
2643; 0,0390625; 0,0390625; 530,9107142857143; 0,088191144
2644; 0,0390625; 0,0390625; 530,0357142857143; 0,0880458
2645; 0,0390625; 0,0390625; 529,9285714285714; 0,088028
2646; 0,0390625; 0,0390625; 533,8214285714286; 0,08867467
2647; 0,0390625; 0,0390625; 529,0714285714286; 0,087885626
2648; 0,0390625; 0,0390625; 529,6428571428571; 0,08798053
2649; 0,0390625; 0,0390625; 533,1607142857143; 0,08856492
2650; 0,0390625; 0,0390625; 534,1785714285714; 0,088733986
2651; 0,0390625; 0,0390625; 530,1071428571429; 0,088057674
2652; 0,0390625; 0,0390625; 533,3035714285714; 0,08858863
2653; 0,0390625; 0,0390625; 529,8035714285714; 0,088007234
2654; 0,0390625; 0,0390625; 527,375; 0,087603815
2655; 0,0390625; 0,0390625; 529,8392857142857; 0,08801318
2656; 0,0390625; 0,0390625; 534,0714285714286; 0,088716194
2657; 0,0390625; 0,0390625; 530,3035714285714; 0,0880903
2658; 0,0390625; 0,0390625; 529,9464285714286; 0,08803096
2659; 0,0390625; 0,0390625; 530,9285714285714; 0,088194124
2660; 0,0390625; 0,0390625; 528,4642857142857; 0,087784775
2661; 0,0390625; 0,0390625; 529,2321428571429; 0,08791231
2662; 0,0390625; 0,0390625; 529,75; 0,08799834
2663; 0,0390625; 0,0390625; 528,75; 0,08783222
2664; 0,0390625; 0,0390625; 529,4642857142857; 0,08795088
2665; 0,0390625; 0,0390625; 531,0; 0,08820598
2666; 0,0390625; 0,0390625; 526,9107142857143; 0,0875267
2667; 0,0390625; 0,0390625; 533,5; 0,08862126
2668; 0,0390625; 0,0390625; 529,5892857142857; 0,08797165
2669; 0,0390625; 0,0390625; 532,7678571428571; 0,08849965
2670; 0,0390625; 0,0390625; 529,3214285714286; 0,087927155
2671; 0,0390625; 0,0390625; 529,2678571428571; 0,08791824
2672; 0,0390625; 0,0390625; 530,2142857142857; 0,08807546
2673; 0,0390625; 0,0390625; 537,6785714285714; 0,08931537
2674; 0,0390625; 0,0390625; 531,5357142857143; 0,08829498
2675; 0,0390625; 0,0390625; 529,0535714285714; 0,087882645
2676; 0,0390625; 0,0390625; 530,6607142857143; 0,08814962
2677; 0,0390625; 0,0390625; 530,5357142857143; 0,08812884
2678; 0,0390625; 0,0390625; 530,1071428571429; 0,08805766
2679; 0,0390625; 0,0390625; 530,7321428571429; 0,088161506
2680; 0,0390625; 0,0390625; 531,3214285714286; 0,08825938
2681; 0,0390625; 0,0390625; 533,5714285714286; 0,08863313
2682; 0,0390625; 0,0390625; 528,625; 0,087811455
2683; 0,0390625; 0,0390625; 530,5178571428571; 0,0881259
2684; 0,0390625; 0,0390625; 532,5; 0,08845515
2685; 0,0390625; 0,0390625; 530,3392857142857; 0,088096224
2686; 0,0390625; 0,0390625; 530,6607142857143; 0,08814962
2687; 0,0390625; 0,0390625; 533,8928571428571; 0,08868653
2688; 0,0390625; 0,0390625; 527,8928571428571; 0,08768984
2689; 0,0390625; 0,0390625; 531,0892857142857; 0,08822081
2690; 0,0390625; 0,0390625; 530,7678571428571; 0,08816742
2691; 0,0390625; 0,0390625; 530,3214285714286; 0,088093266
2692; 0,0390625; 0,0390625; 533,8035714285714; 0,088671684
2693; 0,0390625; 0,0390625; 530,5357142857143; 0,088128865
2694; 0,0390625; 0,0390625; 532,3035714285714; 0,08842252
2695; 0,0390625; 0,0390625; 530,0535714285714; 0,08804876
2696; 0,0390625; 0,0390625; 529,375; 0,08793605
2697; 0,0390625; 0,0390625; 528,9285714285714; 0,08786188
2698; 0,0390625; 0,0390625; 530,1964285714286; 0,08807249
2699; 0,0390625; 0,0390625; 531,5357142857143; 0,08829498
2700; 0,0390625; 0,0390625; 527,1964285714286; 0,08757415
2701; 0,0390625; 0,0390625; 529,5357142857143; 0,08796275
2702; 0,0390625; 0,0390625; 529,5892857142857; 0,08797164
2703; 0,0390625; 0,0390625; 529,8035714285714; 0,08800722
2704; 0,0390625; 0,0390625; 532,5714285714286; 0,088467024
2705; 0,0390625; 0,0390625; 527,1428571428571; 0,08756526
2706; 0,0390625; 0,0390625; 531,5; 0,08828904
2707; 0,0390625; 0,0390625; 528,3928571428571; 0,0877729
2708; 0,0390625; 0,0390625; 533,6607142857143; 0,088647954
2709; 0,0390625; 0,0390625; 533,4821428571429; 0,08861829
2710; 0,0390625; 0,0390625; 530,9107142857143; 0,088191144
2711; 0,0390625; 0,0390625; 527,625; 0,08764536
2712; 0,0390625; 0,0390625; 530,875; 0,088185236
2713; 0,0390625; 0,0390625; 529,7142857142857; 0,087992415
2714; 0,0390625; 0,0390625; 530,375; 0,08810217
2715; 0,0390625; 0,0390625; 527,1964285714286; 0,08757416
2716; 0,0390625; 0,0390625; 531,6428571428571; 0,08831277
2717; 0,0390625; 0,0390625; 527,1428571428571; 0,08756526
2718; 0,0390625; 0,0390625; 530,1964285714286; 0,088072486
2719; 0,0390625; 0,0390625; 530,1964285714286; 0,0880725
2720; 0,0390625; 0,0390625; 530,0178571428571; 0,08804285
2721; 0,0390625; 0,0390625; 528,8571428571429; 0,08785002
2722; 0,0390625; 0,0390625; 525,0892857142857; 0,08722415
2723; 0,0390625; 0,0390625; 532,0; 0,08837209
2724; 0,0390625; 0,0390625; 527,5; 0,08762459
2725; 0,0390625; 0,0390625; 526,2321428571429; 0,087413974
2726; 0,0390625; 0,0390625; 530,8571428571429; 0,08818225
2727; 0,0390625; 0,0390625; 529,7857142857143; 0,088004276
2728; 0,0390625; 0,0390625; 533,1607142857143; 0,08856492
2729; 0,0390625; 0,0390625; 529,0; 0,08787375
2730; 0,0390625; 0,0390625; 533,2857142857143; 0,088585675
2731; 0,0390625; 0,0390625; 528,3392857142857; 0,08776399
2732; 0,0390625; 0,0390625; 528,375; 0,087769926
2733; 0,0390625; 0,0390625; 526,3392857142857; 0,08743178
2734; 0,0390625; 0,0390625; 528,4642857142857; 0,08778478
2735; 0,0390625; 0,0390625; 528,875; 0,087853
2736; 0,0390625; 0,0390625; 531,4642857142857; 0,08828311
2737; 0,0390625; 0,0390625; 530,5; 0,08812293
2738; 0,0390625; 0,0390625; 532,3035714285714; 0,08842254
2739; 0,0390625; 0,0390625; 530,0357142857143; 0,0880458
2740; 0,0390625; 0,0390625; 535,1964285714286; 0,08890308
2741; 0,0390625; 0,0390625; 532,0892857142857; 0,08838693
2742; 0,0390625; 0,0390625; 530,6785714285714; 0,088152595
2743; 0,0390625; 0,0390625; 532,75; 0,08849669
2744; 0,0390625; 0,0390625; 531,8571428571429; 0,08834835
2745; 0,0390625; 0,0390625; 531,5178571428571; 0,088291995
2746; 0,0390625; 0,0390625; 528,0892857142857; 0,08772247
2747; 0,0390625; 0,0390625; 529,6428571428571; 0,08798056
2748; 0,0390625; 0,0390625; 531,0; 0,08820598
2749; 0,0390625; 0,0390625; 528,2678571428571; 0,087752126
2750; 0,0390625; 0,0390625; 527,9107142857143; 0,08769282
2751; 0,0390625; 0,0390625; 529,9464285714286; 0,08803097
2752; 0,0390625; 0,0390625; 534,3035714285714; 0,08875476
2753; 0,0390625; 0,0390625; 529,0; 0,08787376
2754; 0,0390625; 0,0390625; 529,0357142857143; 0,087879695
2755; 0,0390625; 0,0390625; 530,6607142857143; 0,088149615
2756; 0,0390625; 0,0390625; 530,5357142857143; 0,08812886
2757; 0,0390625; 0,0390625; 530,8392857142857; 0,088179305
2758; 0,0390625; 0,0390625; 530,0178571428571; 0,08804284
2759; 0,0390625; 0,0390625; 528,3392857142857; 0,08776401
2760; 0,0390625; 0,0390625; 530,4285714285714; 0,08811106
2761; 0,0390625; 0,0390625; 530,8392857142857; 0,08817929
2762; 0,0390625; 0,0390625; 530,1071428571429; 0,088057674
2763; 0,0390625; 0,0390625; 527,0714285714286; 0,08755339
2764; 0,0390625; 0,0390625; 531,6428571428571; 0,08831278
2765; 0,0390625; 0,0390625; 529,3928571428571; 0,08793902
2766; 0,0390625; 0,0390625; 532,25; 0,08841362
2767; 0,0390625; 0,0390625; 533,8571428571429; 0,0886806
2768; 0,0390625; 0,0390625; 530,6071428571429; 0,08814072
2769; 0,0390625; 0,0390625; 528,2678571428571; 0,08775215
2770; 0,0390625; 0,0390625; 530,3571428571429; 0,088099204
2771; 0,0390625; 0,0390625; 530,9464285714286; 0,0881971
2772; 0,0390625; 0,0390625; 530,9464285714286; 0,088197075
2773; 0,0390625; 0,0390625; 530,7142857142857; 0,08815853
2774; 0,0390625; 0,0390625; 530,8571428571429; 0,08818226
2775; 0,0390625; 0,0390625; 530,4107142857143; 0,0881081
2776; 0,0390625; 0,0390625; 529,5892857142857; 0,08797163
2777; 0,0390625; 0,0390625; 530,625; 0,0881437
2778; 0,0390625; 0,0390625; 529,75; 0,08799833
2779; 0,0390625; 0,0390625; 529,4464285714286; 0,087947905
2780; 0,0390625; 0,0390625; 530,9107142857143; 0,08819115
2781; 0,0390625; 0,0390625; 532,25; 0,08841362
2782; 0,0390625; 0,0390625; 531,625; 0,0883098
2783; 0,0390625; 0,0390625; 528,3571428571429; 0,08776697
2784; 0,0390625; 0,0390625; 529,1964285714286; 0,0879064
2785; 0,0390625; 0,0390625; 531,9107142857143; 0,08835727
2786; 0,0390625; 0,0390625; 528,5892857142857; 0,08780555
2787; 0,0390625; 0,0390625; 532,2142857142857; 0,08840769
2788; 0,0390625; 0,0390625; 533,1964285714286; 0,088570856
2789; 0,0390625; 0,0390625; 530,8928571428571; 0,088188194
2790; 0,0390625; 0,0390625; 529,8571428571429; 0,088016145
2791; 0,0390625; 0,0390625; 527,9821428571429; 0,08770468
2792; 0,0390625; 0,0390625; 527,875; 0,08768686
2793; 0,0390625; 0,0390625; 527,8928571428571; 0,087689854
2794; 0,0390625; 0,0390625; 531,9821428571429; 0,08836913
2795; 0,0390625; 0,0390625; 532,75; 0,08849669
2796; 0,0390625; 0,0390625; 530,9107142857143; 0,088191144
2797; 0,0390625; 0,0390625; 530,2678571428571; 0,08808436
2798; 0,0390625; 0,0390625; 526,7321428571429; 0,08749703
2799; 0,0390625; 0,0390625; 533,8571428571429; 0,08868059
2800; 0,0390625; 0,0390625; 531,3928571428571; 0,088271245
2801; 0,0390625; 0,0390625; 530,0178571428571; 0,08804284
2802; 0,0390625; 0,0390625; 530,0; 0,08803985
2803; 0,0390625; 0,0390625; 533,3214285714286; 0,08859162
2804; 0,0390625; 0,0390625; 533,3214285714286; 0,08859161
2805; 0,0390625; 0,0390625; 530,625; 0,08814369
2806; 0,0390625; 0,0390625; 528,9821428571429; 0,087870784
2807; 0,0390625; 0,0390625; 527,6428571428571; 0,08764832
2808; 0,0390625; 0,0390625; 529,25; 0,08791529
2809; 0,0390625; 0,0390625; 531,8392857142857; 0,0883454
2810; 0,0390625; 0,0390625; 527,3571428571429; 0,087600864
2811; 0,0390625; 0,0390625; 525,9642857142857; 0,08736949
2812; 0,0390625; 0,0390625; 531,4107142857143; 0,088274196
2813; 0,0390625; 0,0390625; 534,9464285714286; 0,08886154
2814; 0,0390625; 0,0390625; 529,3035714285714; 0,0879242
2815; 0,0390625; 0,0390625; 532,0357142857143; 0,08837805
2816; 0,0390625; 0,0390625; 531,125; 0,08822674
2817; 0,0390625; 0,0390625; 527,4107142857143; 0,08760976
2818; 0,0390625; 0,0390625; 531,4285714285714; 0,08827717
2819; 0,0390625; 0,0390625; 530,0357142857143; 0,08804581
2820; 0,0390625; 0,0390625; 533,1428571428571; 0,08856194
2821; 0,0390625; 0,0390625; 531,1785714285714; 0,08823563
2822; 0,0390625; 0,0390625; 529,8571428571429; 0,088016145
2823; 0,0390625; 0,0390625; 532,625; 0,088475905
2824; 0,0390625; 0,0390625; 533,3392857142857; 0,088594556
2825; 0,0390625; 0,0390625; 528,0714285714286; 0,087719515
2826; 0,0390625; 0,0390625; 531,25; 0,0882475
2827; 0,0390625; 0,0390625; 529,4821428571429; 0,08795385
2828; 0,0390625; 0,0390625; 529,125; 0,087894514
2829; 0,0390625; 0,0390625; 528,5714285714286; 0,087802574
2830; 0,0390625; 0,0390625; 530,3571428571429; 0,0880992
2831; 0,0390625; 0,0390625; 530,7142857142857; 0,08815851
2832; 0,0390625; 0,0390625; 530,8214285714286; 0,088176325
2833; 0,0390625; 0,0390625; 530,9464285714286; 0,088197105
2834; 0,0390625; 0,0390625; 528,0; 0,087707646
2835; 0,0390625; 0,0390625; 530,5357142857143; 0,08812887
2836; 0,0390625; 0,0390625; 532,6964285714286; 0,0884878
2837; 0,0390625; 0,0390625; 531,75; 0,08833057
2838; 0,0390625; 0,0390625; 529,0535714285714; 0,08788265
2839; 0,0390625; 0,0390625; 529,0; 0,087873764
2840; 0,0390625; 0,0390625; 531,1964285714286; 0,0882386
2841; 0,0390625; 0,0390625; 529,2678571428571; 0,08791826
2842; 0,0390625; 0,0390625; 529,5; 0,08795682
2843; 0,0390625; 0,0390625; 529,125; 0,08789452
2844; 0,0390625; 0,0390625; 526,25; 0,08741695
2845; 0,0390625; 0,0390625; 531,3928571428571; 0,088271245
2846; 0,0390625; 0,0390625; 534,3571428571429; 0,08876367
2847; 0,0390625; 0,0390625; 530,1071428571429; 0,08805766
2848; 0,0390625; 0,0390625; 528,75; 0,087832235
2849; 0,0390625; 0,0390625; 532,3214285714286; 0,088425495
2850; 0,0390625; 0,0390625; 528,875; 0,08785301
2851; 0,0390625; 0,0390625; 532,125; 0,08839287
2852; 0,0390625; 0,0390625; 526,6071428571429; 0,08747625
2853; 0,0390625; 0,0390625; 526,25; 0,087416954
2854; 0,0390625; 0,0390625; 528,3571428571429; 0,08776698
2855; 0,0390625; 0,0390625; 531,8214285714286; 0,08834243
2856; 0,0390625; 0,0390625; 530,5714285714286; 0,08813479
2857; 0,0390625; 0,0390625; 528,1964285714286; 0,08774028
2858; 0,0390625; 0,0390625; 532,625; 0,08847593
2859; 0,0390625; 0,0390625; 530,6785714285714; 0,08815259
2860; 0,0390625; 0,0390625; 530,9642857142857; 0,08820004
2861; 0,0390625; 0,0390625; 530,4821428571429; 0,08811997
2862; 0,0390625; 0,0390625; 534,1428571428571; 0,088728055
2863; 0,0390625; 0,0390625; 532,1607142857143; 0,08839879
2864; 0,0390625; 0,0390625; 527,3571428571429; 0,08760085
2865; 0,0390625; 0,0390625; 533,0714285714286; 0,088550076
2866; 0,0390625; 0,0390625; 531,5357142857143; 0,08829498
2867; 0,0390625; 0,0390625; 528,5714285714286; 0,087802574
2868; 0,0390625; 0,0390625; 528,5892857142857; 0,087805524
2869; 0,0390625; 0,0390625; 529,2142857142857; 0,08790936
2870; 0,0390625; 0,0390625; 532,3928571428571; 0,08843734
2871; 0,0390625; 0,0390625; 529,6428571428571; 0,08798056
2872; 0,0390625; 0,0390625; 529,2678571428571; 0,08791826
2873; 0,0390625; 0,0390625; 531,3214285714286; 0,088259384
2874; 0,0390625; 0,0390625; 529,5892857142857; 0,087971635
2875; 0,0390625; 0,0390625; 530,0535714285714; 0,088048756
2876; 0,0390625; 0,0390625; 532,2678571428571; 0,08841658
2877; 0,0390625; 0,0390625; 533,1071428571429; 0,088556
2878; 0,0390625; 0,0390625; 528,125; 0,0877284
2879; 0,0390625; 0,0390625; 530,3928571428571; 0,088105135
2880; 0,0390625; 0,0390625; 531,8928571428571; 0,088354304
2881; 0,0390625; 0,0390625; 529,0178571428571; 0,08787672
2882; 0,0390625; 0,0390625; 528,375; 0,08776993
2883; 0,0390625; 0,0390625; 528,1428571428571; 0,08773138
2884; 0,0390625; 0,0390625; 528,4464285714286; 0,0877818
2885; 0,0390625; 0,0390625; 530,6428571428571; 0,08814667
2886; 0,0390625; 0,0390625; 531,1785714285714; 0,088235654
2887; 0,0390625; 0,0390625; 527,2678571428571; 0,08758602
2888; 0,0390625; 0,0390625; 531,5535714285714; 0,08829795
2889; 0,0390625; 0,0390625; 530,5357142857143; 0,08812885
2890; 0,0390625; 0,0390625; 530,3571428571429; 0,08809918
2891; 0,0390625; 0,0390625; 529,3035714285714; 0,08792419
2892; 0,0390625; 0,0390625; 530,4285714285714; 0,08811106
2893; 0,0390625; 0,0390625; 528,9821428571429; 0,0878708
2894; 0,0390625; 0,0390625; 530,8392857142857; 0,0881793
2895; 0,0390625; 0,0390625; 532,3214285714286; 0,088425495
2896; 0,0390625; 0,0390625; 531,8571428571429; 0,08834835
2897; 0,0390625; 0,0390625; 530,25; 0,08808142
2898; 0,0390625; 0,0390625; 529,3571428571429; 0,087933086
2899; 0,0390625; 0,0390625; 530,5892857142857; 0,08813776
2900; 0,0390625; 0,0390625; 528,375; 0,08776994
2901; 0,0390625; 0,0390625; 531,3035714285714; 0,08825641
2902; 0,0390625; 0,0390625; 530,2857142857143; 0,08808733
2903; 0,0390625; 0,0390625; 530,5714285714286; 0,08813478
2904; 0,0390625; 0,0390625; 528,875; 0,087853
2905; 0,0390625; 0,0390625; 531,4642857142857; 0,0882831
2906; 0,0390625; 0,0390625; 530,5; 0,08812291
2907; 0,0390625; 0,0390625; 530,6964285714286; 0,08815555
2908; 0,0390625; 0,0390625; 527,875; 0,087686874
2909; 0,0390625; 0,0390625; 531,1607142857143; 0,08823267
2910; 0,0390625; 0,0390625; 533,0535714285714; 0,0885471
2911; 0,0390625; 0,0390625; 529,4642857142857; 0,087950885
2912; 0,0390625; 0,0390625; 531,3392857142857; 0,08826234
2913; 0,0390625; 0,0390625; 528,8392857142857; 0,08784706
2914; 0,0390625; 0,0390625; 531,9821428571429; 0,08836912
2915; 0,0390625; 0,0390625; 528,1071428571429; 0,087725446
2916; 0,0390625; 0,0390625; 532,3035714285714; 0,08842252
2917; 0,0390625; 0,0390625; 530,125; 0,08806063
2918; 0,0390625; 0,0390625; 534,2142857142857; 0,08873991
2919; 0,0390625; 0,0390625; 529,1607142857143; 0,08790045
2920; 0,0390625; 0,0390625; 533,7142857142857; 0,08865686
2921; 0,0390625; 0,0390625; 528,1071428571429; 0,08772544
2922; 0,0390625; 0,0390625; 529,9285714285714; 0,088028006
2923; 0,0390625; 0,0390625; 535,5714285714286; 0,08896536
2924; 0,0390625; 0,0390625; 529,2142857142857; 0,087909356
2925; 0,0390625; 0,0390625; 526,6071428571429; 0,08747627
2926; 0,0390625; 0,0390625; 531,625; 0,08830979
2927; 0,0390625; 0,0390625; 530,4642857142857; 0,08811701
2928; 0,0390625; 0,0390625; 532,5; 0,08845516
2929; 0,0390625; 0,0390625; 528,1071428571429; 0,08772545
2930; 0,0390625; 0,0390625; 531,0178571428571; 0,088208966
2931; 0,0390625; 0,0390625; 532,6071428571429; 0,08847295
2932; 0,0390625; 0,0390625; 532,1785714285714; 0,08840176
2933; 0,0390625; 0,0390625; 527,9821428571429; 0,08770466
2934; 0,0390625; 0,0390625; 532,5178571428571; 0,08845812
2935; 0,0390625; 0,0390625; 531,5535714285714; 0,08829794
2936; 0,0390625; 0,0390625; 529,9107142857143; 0,08802505
2937; 0,0390625; 0,0390625; 530,6428571428571; 0,088146664
2938; 0,0390625; 0,0390625; 528,1785714285714; 0,08773731
2939; 0,0390625; 0,0390625; 530,3214285714286; 0,08809326
2940; 0,0390625; 0,0390625; 533,2857142857143; 0,088585675
2941; 0,0390625; 0,0390625; 530,6428571428571; 0,08814665
2942; 0,0390625; 0,0390625; 531,0178571428571; 0,08820895
2943; 0,0390625; 0,0390625; 530,8928571428571; 0,08818821
2944; 0,0390625; 0,0390625; 527,6428571428571; 0,08764833
2945; 0,0390625; 0,0390625; 533,1785714285714; 0,08856786
2946; 0,0390625; 0,0390625; 532,8214285714286; 0,08850854
2947; 0,0390625; 0,0390625; 528,4285714285714; 0,08777883
2948; 0,0390625; 0,0390625; 530,7321428571429; 0,08816149
2949; 0,0390625; 0,0390625; 528,9464285714286; 0,08786486
2950; 0,0390625; 0,0390625; 530,4464285714286; 0,08811404
2951; 0,0390625; 0,0390625; 527,8035714285714; 0,08767502
2952; 0,0390625; 0,0390625; 532,6607142857143; 0,08848185
2953; 0,0390625; 0,0390625; 528,1607142857143; 0,08773434
2954; 0,0390625; 0,0390625; 534,5178571428571; 0,08879036
2955; 0,0390625; 0,0390625; 529,2678571428571; 0,087918244
2956; 0,0390625; 0,0390625; 530,9107142857143; 0,08819114
2957; 0,0390625; 0,0390625; 529,125; 0,08789452
2958; 0,0390625; 0,0390625; 532,1607142857143; 0,08839878
2959; 0,0390625; 0,0390625; 532,4642857142857; 0,088449195
2960; 0,0390625; 0,0390625; 530,8928571428571; 0,088188194
2961; 0,0390625; 0,0390625; 532,6785714285714; 0,08848481
2962; 0,0390625; 0,0390625; 530,6964285714286; 0,08815557
2963; 0,0390625; 0,0390625; 530,75; 0,088164456
2964; 0,0390625; 0,0390625; 528,7678571428571; 0,087835185
2965; 0,0390625; 0,0390625; 530,0; 0,088039875
2966; 0,0390625; 0,0390625; 532,5714285714286; 0,08846701
2967; 0,0390625; 0,0390625; 528,3928571428571; 0,087772906
2968; 0,0390625; 0,0390625; 533,5535714285714; 0,08863018
2969; 0,0390625; 0,0390625; 531,6428571428571; 0,08831277
2970; 0,0390625; 0,0390625; 532,3392857142857; 0,088428445
2971; 0,0390625; 0,0390625; 531,1428571428571; 0,0882297
2972; 0,0390625; 0,0390625; 528,7321428571429; 0,08782925
2973; 0,0390625; 0,0390625; 530,8571428571429; 0,08818226
2974; 0,0390625; 0,0390625; 529,2857142857143; 0,08792121
2975; 0,0390625; 0,0390625; 529,9464285714286; 0,08803097
2976; 0,0390625; 0,0390625; 532,2321428571429; 0,08841066
2977; 0,0390625; 0,0390625; 530,4285714285714; 0,08811105
2978; 0,0390625; 0,0390625; 527,3571428571429; 0,08760084
2979; 0,0390625; 0,0390625; 535,9285714285714; 0,089024685
2980; 0,0390625; 0,0390625; 528,7678571428571; 0,08783519
2981; 0,0390625; 0,0390625; 531,3214285714286; 0,08825939
2982; 0,0390625; 0,0390625; 533,375; 0,0886005
2983; 0,0390625; 0,0390625; 530,6785714285714; 0,08815258
2984; 0,0390625; 0,0390625; 527,1964285714286; 0,08757417
2985; 0,0390625; 0,0390625; 530,125; 0,088060655
2986; 0,0390625; 0,0390625; 530,3392857142857; 0,08809622
2987; 0,0390625; 0,0390625; 530,25; 0,08808141
2988; 0,0390625; 0,0390625; 528,5535714285714; 0,0877996
2989; 0,0390625; 0,0390625; 531,9642857142857; 0,08836617
2990; 0,0390625; 0,0390625; 527,0; 0,08754152
2991; 0,0390625; 0,0390625; 532,4107142857143; 0,08844032
2992; 0,0390625; 0,0390625; 529,5; 0,08795682
2993; 0,0390625; 0,0390625; 532,8928571428571; 0,0885204
2994; 0,0390625; 0,0390625; 532,125; 0,088392854
2995; 0,0390625; 0,0390625; 530,125; 0,08806064
2996; 0,0390625; 0,0390625; 527,8392857142857; 0,08768097
2997; 0,0390625; 0,0390625; 528,75; 0,08783223
2998; 0,0390625; 0,0390625; 527,6607142857143; 0,08765129
2999; 0,0390625; 0,0390625; 530,375; 0,08810216
3000; 0,0390625; 0,0390625; 527,875; 0,08768689
3001; 0,0390625; 0,0390625; 531,3035714285714; 0,0882564
3002; 0,0390625; 0,0390625; 531,7142857142857; 0,08832465
3003; 0,0390625; 0,0390625; 528,5892857142857; 0,08780555
3004; 0,0390625; 0,0390625; 531,9821428571429; 0,08836913
3005; 0,0390625; 0,0390625; 528,6785714285714; 0,087820366
3006; 0,0390625; 0,0390625; 528,9285714285714; 0,08786189
3007; 0,0390625; 0,0390625; 531,9107142857143; 0,08835726
3008; 0,0390625; 0,0390625; 530,2321428571429; 0,08807843
3009; 0,0390625; 0,0390625; 533,3928571428571; 0,088603474
3010; 0,0390625; 0,0390625; 529,1071428571429; 0,08789154
3011; 0,0390625; 0,0390625; 534,375; 0,08876661
3012; 0,0390625; 0,0390625; 529,9285714285714; 0,088028006
3013; 0,0390625; 0,0390625; 529,375; 0,087936044
3014; 0,0390625; 0,0390625; 533,1607142857143; 0,08856491
3015; 0,0390625; 0,0390625; 532,75; 0,088496685
3016; 0,0390625; 0,0390625; 533,0178571428571; 0,08854117
3017; 0,0390625; 0,0390625; 532,8571428571429; 0,08851447
3018; 0,0390625; 0,0390625; 529,3214285714286; 0,087927155
3019; 0,0390625; 0,0390625; 532,0714285714286; 0,08838396
3020; 0,0390625; 0,0390625; 528,9642857142857; 0,08786784
3021; 0,0390625; 0,0390625; 532,125; 0,08839286
3022; 0,0390625; 0,0390625; 530,5535714285714; 0,08813182
3023; 0,0390625; 0,0390625; 528,0535714285714; 0,087716535
3024; 0,0390625; 0,0390625; 528,8035714285714; 0,08784113
3025; 0,0390625; 0,0390625; 532,25; 0,08841363
3026; 0,0390625; 0,0390625; 534,75; 0,08882891
3027; 0,0390625; 0,0390625; 530,2857142857143; 0,088087335
3028; 0,0390625; 0,0390625; 533,75; 0,088662796
3029; 0,0390625; 0,0390625; 529,0357142857143; 0,08787971
3030; 0,0390625; 0,0390625; 532,1607142857143; 0,08839881
3031; 0,0390625; 0,0390625; 529,5714285714286; 0,08796867
3032; 0,0390625; 0,0390625; 531,0178571428571; 0,08820895
3033; 0,0390625; 0,0390625; 532,0; 0,088372104
3034; 0,0390625; 0,0390625; 530,2142857142857; 0,08807547
3035; 0,0390625; 0,0390625; 528,9464285714286; 0,08786484
3036; 0,0390625; 0,0390625; 534,9285714285714; 0,08885858
3037; 0,0390625; 0,0390625; 524,5535714285714; 0,08713516
3038; 0,0390625; 0,0390625; 528,2321428571429; 0,087746195
3039; 0,0390625; 0,0390625; 531,0535714285714; 0,088214874
3040; 0,0390625; 0,0390625; 530,4821428571429; 0,08811995
3041; 0,0390625; 0,0390625; 527,3035714285714; 0,08759196
3042; 0,0390625; 0,0390625; 529,5535714285714; 0,087965705
3043; 0,0390625; 0,0390625; 531,875; 0,08835135
3044; 0,0390625; 0,0390625; 531,375; 0,08826827
3045; 0,0390625; 0,0390625; 529,625; 0,08797759
3046; 0,0390625; 0,0390625; 530,8928571428571; 0,08818819
3047; 0,0390625; 0,0390625; 531,0714285714286; 0,088217854
3048; 0,0390625; 0,0390625; 528,5892857142857; 0,08780553
3049; 0,0390625; 0,0390625; 533,25; 0,08857975
3050; 0,0390625; 0,0390625; 531,4642857142857; 0,0882831
3051; 0,0390625; 0,0390625; 531,0535714285714; 0,08821488
3052; 0,0390625; 0,0390625; 530,6964285714286; 0,08815556
3053; 0,0390625; 0,0390625; 532,4285714285714; 0,08844329
3054; 0,0390625; 0,0390625; 532,875; 0,08851744
3055; 0,0390625; 0,0390625; 532,0892857142857; 0,08838694
3056; 0,0390625; 0,0390625; 531,8035714285714; 0,08833947
3057; 0,0390625; 0,0390625; 531,6964285714286; 0,08832167
3058; 0,0390625; 0,0390625; 531,9464285714286; 0,088363186
3059; 0,0390625; 0,0390625; 530,625; 0,0881437
3060; 0,0390625; 0,0390625; 530,625; 0,0881437
3061; 0,0390625; 0,0390625; 529,5535714285714; 0,08796573
3062; 0,0390625; 0,0390625; 532,6785714285714; 0,088484816
3063; 0,0390625; 0,0390625; 532,625; 0,08847592
3064; 0,0390625; 0,0390625; 530,0714285714286; 0,08805174
3065; 0,0390625; 0,0390625; 529,0535714285714; 0,08788265
3066; 0,0390625; 0,0390625; 530,0535714285714; 0,08804876
3067; 0,0390625; 0,0390625; 530,0357142857143; 0,08804581
3068; 0,0390625; 0,0390625; 530,5357142857143; 0,08812887
3069; 0,0390625; 0,0390625; 528,5892857142857; 0,08780555
3070; 0,0390625; 0,0390625; 531,2678571428571; 0,08825047
3071; 0,0390625; 0,0390625; 531,0; 0,08820598
3072; 0,0390625; 0,0390625; 528,4642857142857; 0,08778477
3073; 0,0390625; 0,0390625; 528,6607142857143; 0,087817386
3074; 0,0390625; 0,0390625; 530,2321428571429; 0,08807843
3075; 0,0390625; 0,0390625; 530,3035714285714; 0,0880903
3076; 0,0390625; 0,0390625; 529,8571428571429; 0,088016145
3077; 0,0390625; 0,0390625; 532,3571428571429; 0,08843143
3078; 0,0390625; 0,0390625; 532,5357142857143; 0,08846108
3079; 0,0390625; 0,0390625; 534,1428571428571; 0,08872806
3080; 0,0390625; 0,0390625; 532,3392857142857; 0,08842846
3081; 0,0390625; 0,0390625; 531,75; 0,08833057
3082; 0,0390625; 0,0390625; 532,7857142857143; 0,08850261
3083; 0,0390625; 0,0390625; 530,0714285714286; 0,08805174
3084; 0,0390625; 0,0390625; 530,5; 0,08812293
3085; 0,0390625; 0,0390625; 529,0535714285714; 0,08788266
3086; 0,0390625; 0,0390625; 526,0; 0,08737541
3087; 0,0390625; 0,0390625; 527,7142857142857; 0,0876602
3088; 0,0390625; 0,0390625; 530,125; 0,08806063
3089; 0,0390625; 0,0390625; 531,125; 0,08822675
3090; 0,0390625; 0,0390625; 530,6428571428571; 0,088146664
3091; 0,0390625; 0,0390625; 530,5892857142857; 0,08813776
3092; 0,0390625; 0,0390625; 531,1607142857143; 0,08823269
3093; 0,0390625; 0,0390625; 531,6607142857143; 0,08831572
3094; 0,0390625; 0,0390625; 529,5; 0,08795681
3095; 0,0390625; 0,0390625; 533,5714285714286; 0,08863313
3096; 0,0390625; 0,0390625; 529,0535714285714; 0,08788266
3097; 0,0390625; 0,0390625; 530,1964285714286; 0,0880725
3098; 0,0390625; 0,0390625; 531,5535714285714; 0,08829794
3099; 0,0390625; 0,0390625; 530,625; 0,088143684
3100; 0,0390625; 0,0390625; 534,125; 0,08872507
3101; 0,0390625; 0,0390625; 529,8035714285714; 0,088007234
3102; 0,0390625; 0,0390625; 533,3392857142857; 0,088594556
3103; 0,0390625; 0,0390625; 529,5357142857143; 0,08796274
3104; 0,0390625; 0,0390625; 530,8928571428571; 0,08818818
3105; 0,0390625; 0,0390625; 528,0357142857143; 0,08771356
3106; 0,0390625; 0,0390625; 532,375; 0,08843438
3107; 0,0390625; 0,0390625; 532,6428571428571; 0,08847888
3108; 0,0390625; 0,0390625; 529,0714285714286; 0,087885626
3109; 0,0390625; 0,0390625; 531,0357142857143; 0,08821193
3110; 0,0390625; 0,0390625; 532,0892857142857; 0,08838694
3111; 0,0390625; 0,0390625; 530,5714285714286; 0,08813477
3112; 0,0390625; 0,0390625; 529,6964285714286; 0,08798944
3113; 0,0390625; 0,0390625; 526,5; 0,087458484
3114; 0,0390625; 0,0390625; 529,7678571428571; 0,08800131
3115; 0,0390625; 0,0390625; 528,0714285714286; 0,08771951
3116; 0,0390625; 0,0390625; 526,125; 0,08739618
3117; 0,0390625; 0,0390625; 534,6428571428571; 0,0888111
3118; 0,0390625; 0,0390625; 531,7857142857143; 0,08833649
3119; 0,0390625; 0,0390625; 529,625; 0,08797758
3120; 0,0390625; 0,0390625; 530,6785714285714; 0,08815257
3121; 0,0390625; 0,0390625; 532,7142857142857; 0,08849073
3122; 0,0390625; 0,0390625; 528,5892857142857; 0,087805554
3123; 0,0390625; 0,0390625; 529,1428571428571; 0,08789748
3124; 0,0390625; 0,0390625; 529,3392857142857; 0,08793012
3125; 0,0390625; 0,0390625; 529,9642857142857; 0,08803393
3126; 0,0390625; 0,0390625; 531,2678571428571; 0,08825048
3127; 0,0390625; 0,0390625; 525,8214285714286; 0,087345764
3128; 0,0390625; 0,0390625; 531,1785714285714; 0,088235654
3129; 0,0390625; 0,0390625; 530,9285714285714; 0,08819413
3130; 0,0390625; 0,0390625; 531,7857142857143; 0,08833651
3131; 0,0390625; 0,0390625; 532,2321428571429; 0,08841064
3132; 0,0390625; 0,0390625; 531,2321428571429; 0,088244535
3133; 0,0390625; 0,0390625; 532,8928571428571; 0,08852041
3134; 0,0390625; 0,0390625; 531,0357142857143; 0,08821191
3135; 0,0390625; 0,0390625; 533,3571428571429; 0,088597536
3136; 0,0390625; 0,0390625; 530,2321428571429; 0,08807842
3137; 0,0390625; 0,0390625; 535,0178571428571; 0,08887341
3138; 0,0390625; 0,0390625; 527,8571428571429; 0,087683916
3139; 0,0390625; 0,0390625; 531,6607142857143; 0,088315725
3140; 0,0390625; 0,0390625; 530,6428571428571; 0,08814665
3141; 0,0390625; 0,0390625; 526,9821428571429; 0,087538555
3142; 0,0390625; 0,0390625; 529,75; 0,087998345
3143; 0,0390625; 0,0390625; 528,8214285714286; 0,087844096
3144; 0,0390625; 0,0390625; 532,125; 0,08839287
3145; 0,0390625; 0,0390625; 531,7142857142857; 0,08832465
3146; 0,0390625; 0,0390625; 531,1607142857143; 0,08823267
3147; 0,0390625; 0,0390625; 532,3392857142857; 0,08842845
3148; 0,0390625; 0,0390625; 532,6785714285714; 0,08848481
3149; 0,0390625; 0,0390625; 528,4642857142857; 0,08778477
3150; 0,0390625; 0,0390625; 527,4107142857143; 0,08760975
3151; 0,0390625; 0,0390625; 528,75; 0,08783222
3152; 0,0390625; 0,0390625; 528,6071428571429; 0,08780849
3153; 0,0390625; 0,0390625; 528,6071428571429; 0,087808505
3154; 0,0390625; 0,0390625; 531,5892857142857; 0,08830387
3155; 0,0390625; 0,0390625; 530,8392857142857; 0,08817928
3156; 0,0390625; 0,0390625; 531,2321428571429; 0,08824456
3157; 0,0390625; 0,0390625; 533,6785714285714; 0,08865092
3158; 0,0390625; 0,0390625; 532,3035714285714; 0,0884225
3159; 0,0390625; 0,0390625; 531,7321428571429; 0,08832761
3160; 0,0390625; 0,0390625; 530,0892857142857; 0,0880547
3161; 0,0390625; 0,0390625; 526,7321428571429; 0,08749703
3162; 0,0390625; 0,0390625; 529,8035714285714; 0,08800725
3163; 0,0390625; 0,0390625; 530,4464285714286; 0,08811401
3164; 0,0390625; 0,0390625; 532,6607142857143; 0,08848186
3165; 0,0390625; 0,0390625; 533,375; 0,088600494
3166; 0,0390625; 0,0390625; 531,3928571428571; 0,08827122
3167; 0,0390625; 0,0390625; 532,6071428571429; 0,088472925
3168; 0,0390625; 0,0390625; 531,0892857142857; 0,08822081
3169; 0,0390625; 0,0390625; 530,1428571428571; 0,0880636
3170; 0,0390625; 0,0390625; 529,1607142857143; 0,08790045
3171; 0,0390625; 0,0390625; 531,6428571428571; 0,08831278
3172; 0,0390625; 0,0390625; 528,625; 0,08781148
3173; 0,0390625; 0,0390625; 528,9285714285714; 0,087861896
3174; 0,0390625; 0,0390625; 529,9642857142857; 0,08803393
3175; 0,0390625; 0,0390625; 532,7142857142857; 0,08849076
3176; 0,0390625; 0,0390625; 526,9642857142857; 0,08753561
3177; 0,0390625; 0,0390625; 531,375; 0,08826829
3178; 0,0390625; 0,0390625; 530,6428571428571; 0,08814665
3179; 0,0390625; 0,0390625; 529,3035714285714; 0,087924175
3180; 0,0390625; 0,0390625; 530,0357142857143; 0,0880458
3181; 0,0390625; 0,0390625; 531,4821428571429; 0,088286065
3182; 0,0390625; 0,0390625; 530,2678571428571; 0,08808438
3183; 0,0390625; 0,0390625; 530,8035714285714; 0,08817337
3184; 0,0390625; 0,0390625; 531,1607142857143; 0,08823266
3185; 0,0390625; 0,0390625; 529,1071428571429; 0,087891534
3186; 0,0390625; 0,0390625; 531,5714285714286; 0,08830089
3187; 0,0390625; 0,0390625; 531,8571428571429; 0,08834835
3188; 0,0390625; 0,0390625; 529,3035714285714; 0,087924175
3189; 0,0390625; 0,0390625; 528,8571428571429; 0,08785003
3190; 0,0390625; 0,0390625; 532,0; 0,0883721
3191; 0,0390625; 0,0390625; 528,4107142857143; 0,08777586
3192; 0,0390625; 0,0390625; 528,5892857142857; 0,08780553
3193; 0,0390625; 0,0390625; 534,5714285714286; 0,08879924
3194; 0,0390625; 0,0390625; 529,625; 0,08797757
3195; 0,0390625; 0,0390625; 531,5178571428571; 0,088292
3196; 0,0390625; 0,0390625; 534,4821428571429; 0,08878441
3197; 0,0390625; 0,0390625; 527,8392857142857; 0,087680936
3198; 0,0390625; 0,0390625; 530,5892857142857; 0,08813776
3199; 0,0390625; 0,0390625; 531,7678571428571; 0,08833353
3200; 0,0390625; 0,0390625; 530,5714285714286; 0,08813478
3201; 0,0390625; 0,0390625; 528,4821428571429; 0,087787755
3202; 0,0390625; 0,0390625; 530,0; 0,08803988
3203; 0,0390625; 0,0390625; 533,8571428571429; 0,08868059
3204; 0,0390625; 0,0390625; 530,7857142857143; 0,08817039
3205; 0,0390625; 0,0390625; 529,5892857142857; 0,08797164
3206; 0,0390625; 0,0390625; 527,5357142857143; 0,08763051
3207; 0,0390625; 0,0390625; 531,5714285714286; 0,0883009
3208; 0,0390625; 0,0390625; 528,6428571428571; 0,087814435
3209; 0,0390625; 0,0390625; 530,8214285714286; 0,08817632
3210; 0,0390625; 0,0390625; 530,1071428571429; 0,088057674
3211; 0,0390625; 0,0390625; 534,2857142857143; 0,088751785
3212; 0,0390625; 0,0390625; 527,5357142857143; 0,0876305
3213; 0,0390625; 0,0390625; 528,125; 0,0877284
3214; 0,0390625; 0,0390625; 527,1964285714286; 0,08757416
3215; 0,0390625; 0,0390625; 532,3392857142857; 0,08842845
3216; 0,0390625; 0,0390625; 528,4464285714286; 0,0877818
3217; 0,0390625; 0,0390625; 527,4107142857143; 0,087609775
3218; 0,0390625; 0,0390625; 529,5535714285714; 0,08796571
3219; 0,0390625; 0,0390625; 529,6428571428571; 0,08798055
3220; 0,0390625; 0,0390625; 527,6607142857143; 0,087651275
3221; 0,0390625; 0,0390625; 531,8928571428571; 0,0883543
3222; 0,0390625; 0,0390625; 527,3928571428571; 0,087606795
3223; 0,0390625; 0,0390625; 531,0892857142857; 0,08822083
3224; 0,0390625; 0,0390625; 531,5535714285714; 0,08829792
3225; 0,0390625; 0,0390625; 528,6071428571429; 0,08780849
3226; 0,0390625; 0,0390625; 532,1428571428571; 0,08839582
3227; 0,0390625; 0,0390625; 532,9107142857143; 0,088523395
3228; 0,0390625; 0,0390625; 530,8571428571429; 0,08818226
3229; 0,0390625; 0,0390625; 527,5892857142857; 0,087639414
3230; 0,0390625; 0,0390625; 532,7857142857143; 0,08850261
3231; 0,0390625; 0,0390625; 528,125; 0,08772842
3232; 0,0390625; 0,0390625; 529,8214285714286; 0,08801021
3233; 0,0390625; 0,0390625; 531,2857142857143; 0,088253446
3234; 0,0390625; 0,0390625; 530,3571428571429; 0,0880992
3235; 0,0390625; 0,0390625; 532,8928571428571; 0,08852041
3236; 0,0390625; 0,0390625; 527,5535714285714; 0,0876335
3237; 0,0390625; 0,0390625; 528,7142857142857; 0,087826304
3238; 0,0390625; 0,0390625; 532,5357142857143; 0,08846109
3239; 0,0390625; 0,0390625; 531,5178571428571; 0,088291995
3240; 0,0390625; 0,0390625; 531,8928571428571; 0,088354304
3241; 0,0390625; 0,0390625; 530,3392857142857; 0,088096224
3242; 0,0390625; 0,0390625; 528,6071428571429; 0,0878085
3243; 0,0390625; 0,0390625; 532,0; 0,08837209
3244; 0,0390625; 0,0390625; 532,4464285714286; 0,08844626
3245; 0,0390625; 0,0390625; 531,3392857142857; 0,08826236
3246; 0,0390625; 0,0390625; 528,9107142857143; 0,08785892
3247; 0,0390625; 0,0390625; 529,8571428571429; 0,088016145
3248; 0,0390625; 0,0390625; 533,2678571428571; 0,08858271
3249; 0,0390625; 0,0390625; 531,5892857142857; 0,08830388
3250; 0,0390625; 0,0390625; 529,5; 0,0879568
3251; 0,0390625; 0,0390625; 531,1785714285714; 0,08823564
3252; 0,0390625; 0,0390625; 530,375; 0,08810216
3253; 0,0390625; 0,0390625; 531,9464285714286; 0,088363186
3254; 0,0390625; 0,0390625; 530,9285714285714; 0,08819413
3255; 0,0390625; 0,0390625; 527,125; 0,0875623
3256; 0,0390625; 0,0390625; 529,2321428571429; 0,087912336
3257; 0,0390625; 0,0390625; 530,8928571428571; 0,08818819
3258; 0,0390625; 0,0390625; 529,1428571428571; 0,08789749
3259; 0,0390625; 0,0390625; 532,1428571428571; 0,08839582
3260; 0,0390625; 0,0390625; 529,8214285714286; 0,08801021
3261; 0,0390625; 0,0390625; 532,1428571428571; 0,08839583
3262; 0,0390625; 0,0390625; 529,3392857142857; 0,08793012
3263; 0,0390625; 0,0390625; 532,9464285714286; 0,088529326
3264; 0,0390625; 0,0390625; 529,7857142857143; 0,088004276
3265; 0,0390625; 0,0390625; 532,5357142857143; 0,088461064
3266; 0,0390625; 0,0390625; 529,5535714285714; 0,087965705
3267; 0,0390625; 0,0390625; 527,6964285714286; 0,08765722
3268; 0,0390625; 0,0390625; 530,2321428571429; 0,08807844
3269; 0,0390625; 0,0390625; 527,375; 0,087603815
3270; 0,0390625; 0,0390625; 530,5714285714286; 0,08813481
3271; 0,0390625; 0,0390625; 530,6964285714286; 0,08815557
3272; 0,0390625; 0,0390625; 531,7321428571429; 0,0883276
3273; 0,0390625; 0,0390625; 531,5535714285714; 0,08829794
3274; 0,0390625; 0,0390625; 531,1785714285714; 0,08823563
3275; 0,0390625; 0,0390625; 532,3928571428571; 0,08843737
3276; 0,0390625; 0,0390625; 530,0; 0,08803987
3277; 0,0390625; 0,0390625; 533,1071428571429; 0,08855601
3278; 0,0390625; 0,0390625; 532,3928571428571; 0,088437326
3279; 0,0390625; 0,0390625; 528,3035714285714; 0,08775807
3280; 0,0390625; 0,0390625; 531,3214285714286; 0,08825938
3281; 0,0390625; 0,0390625; 528,1964285714286; 0,08774029
3282; 0,0390625; 0,0390625; 532,5892857142857; 0,08846998
3283; 0,0390625; 0,0390625; 532,8571428571429; 0,08851447
3284; 0,0390625; 0,0390625; 534,3214285714286; 0,08875771
3285; 0,0390625; 0,0390625; 530,0178571428571; 0,08804285
3286; 0,0390625; 0,0390625; 530,6428571428571; 0,08814665
3287; 0,0390625; 0,0390625; 532,5535714285714; 0,088464044
3288; 0,0390625; 0,0390625; 534,0; 0,08870431
3289; 0,0390625; 0,0390625; 537,125; 0,08922342
3290; 0,0390625; 0,0390625; 531,0178571428571; 0,08820895
3291; 0,0390625; 0,0390625; 532,1785714285714; 0,08840176
3292; 0,0390625; 0,0390625; 532,8571428571429; 0,088514484
3293; 0,0390625; 0,0390625; 531,4107142857143; 0,08827423
3294; 0,0390625; 0,0390625; 531,2678571428571; 0,08825047
3295; 0,0390625; 0,0390625; 532,3392857142857; 0,08842845
3296; 0,0390625; 0,0390625; 529,7857142857143; 0,088004276
3297; 0,0390625; 0,0390625; 530,125; 0,08806064
3298; 0,0390625; 0,0390625; 532,7321428571429; 0,08849372
3299; 0,0390625; 0,0390625; 527,8035714285714; 0,08767502
3300; 0,0390625; 0,0390625; 528,6428571428571; 0,087814435
3301; 0,0390625; 0,0390625; 529,7857142857143; 0,08800429
3302; 0,0390625; 0,0390625; 532,3214285714286; 0,0884255
3303; 0,0390625; 0,0390625; 530,6071428571429; 0,088140726
3304; 0,0390625; 0,0390625; 531,75; 0,088330574
3305; 0,0390625; 0,0390625; 528,8928571428571; 0,08785597
3306; 0,0390625; 0,0390625; 529,6785714285714; 0,08798648
3307; 0,0390625; 0,0390625; 533,7142857142857; 0,08865688
3308; 0,0390625; 0,0390625; 533,0357142857143; 0,08854415
3309; 0,0390625; 0,0390625; 524,5892857142857; 0,087141074
3310; 0,0390625; 0,0390625; 529,5535714285714; 0,08796571
3311; 0,0390625; 0,0390625; 532,0892857142857; 0,08838693
3312; 0,0390625; 0,0390625; 531,1428571428571; 0,08822973
3313; 0,0390625; 0,0390625; 532,375; 0,08843439
3314; 0,0390625; 0,0390625; 527,4285714285714; 0,087612726
3315; 0,0390625; 0,0390625; 527,6607142857143; 0,0876513
3316; 0,0390625; 0,0390625; 529,5535714285714; 0,08796572
3317; 0,0390625; 0,0390625; 530,5178571428571; 0,0881259
3318; 0,0390625; 0,0390625; 531,8214285714286; 0,088342436
3319; 0,0390625; 0,0390625; 530,5892857142857; 0,08813777
3320; 0,0390625; 0,0390625; 527,8392857142857; 0,087680936
3321; 0,0390625; 0,0390625; 527,8035714285714; 0,08767502
3322; 0,0390625; 0,0390625; 530,5357142857143; 0,08812885
3323; 0,0390625; 0,0390625; 531,5357142857143; 0,08829496
3324; 0,0390625; 0,0390625; 531,1785714285714; 0,08823564
3325; 0,0390625; 0,0390625; 529,75; 0,087998345
3326; 0,0390625; 0,0390625; 533,0892857142857; 0,088553034
3327; 0,0390625; 0,0390625; 529,2321428571429; 0,08791231
3328; 0,0390625; 0,0390625; 531,2678571428571; 0,08825048
3329; 0,0390625; 0,0390625; 528,9821428571429; 0,08787078
3330; 0,0390625; 0,0390625; 529,125; 0,08789452
3331; 0,0390625; 0,0390625; 528,4107142857143; 0,08777586
3332; 0,0390625; 0,0390625; 528,8214285714286; 0,08784411
3333; 0,0390625; 0,0390625; 531,7321428571429; 0,088327594
3334; 0,0390625; 0,0390625; 531,6428571428571; 0,08831276
3335; 0,0390625; 0,0390625; 533,125; 0,08855897
3336; 0,0390625; 0,0390625; 530,9642857142857; 0,08820004
3337; 0,0390625; 0,0390625; 531,6964285714286; 0,08832168
3338; 0,0390625; 0,0390625; 531,0714285714286; 0,08821784
3339; 0,0390625; 0,0390625; 529,5; 0,08795682
3340; 0,0390625; 0,0390625; 532,8928571428571; 0,08852041
3341; 0,0390625; 0,0390625; 528,2678571428571; 0,08775215
3342; 0,0390625; 0,0390625; 531,1964285714286; 0,088238604
3343; 0,0390625; 0,0390625; 529,3214285714286; 0,08792715
3344; 0,0390625; 0,0390625; 528,1428571428571; 0,08773138
3345; 0,0390625; 0,0390625; 529,0; 0,087873764
3346; 0,0390625; 0,0390625; 533,2857142857143; 0,08858567
3347; 0,0390625; 0,0390625; 528,75; 0,08783225
3348; 0,0390625; 0,0390625; 532,2142857142857; 0,0884077
3349; 0,0390625; 0,0390625; 528,7321428571429; 0,08782927
3350; 0,0390625; 0,0390625; 534,1785714285714; 0,08873398
3351; 0,0390625; 0,0390625; 529,1607142857143; 0,087900445
3352; 0,0390625; 0,0390625; 529,6607142857143; 0,08798351
3353; 0,0390625; 0,0390625; 527,8035714285714; 0,08767501
3354; 0,0390625; 0,0390625; 532,2142857142857; 0,088407695
3355; 0,0390625; 0,0390625; 530,2142857142857; 0,08807545
3356; 0,0390625; 0,0390625; 529,2321428571429; 0,08791233
3357; 0,0390625; 0,0390625; 530,4285714285714; 0,088111065
3358; 0,0390625; 0,0390625; 530,875; 0,08818521
3359; 0,0390625; 0,0390625; 531,1607142857143; 0,08823268
3360; 0,0390625; 0,0390625; 528,6785714285714; 0,08782036
3361; 0,0390625; 0,0390625; 530,3214285714286; 0,088093266
3362; 0,0390625; 0,0390625; 529,625; 0,08797758
3363; 0,0390625; 0,0390625; 533,3035714285714; 0,08858864
3364; 0,0390625; 0,0390625; 528,2678571428571; 0,08775215
3365; 0,0390625; 0,0390625; 528,5178571428571; 0,08779366
3366; 0,0390625; 0,0390625; 528,6964285714286; 0,087823324
3367; 0,0390625; 0,0390625; 529,9642857142857; 0,08803395
3368; 0,0390625; 0,0390625; 533,3214285714286; 0,08859162
3369; 0,0390625; 0,0390625; 530,3392857142857; 0,08809622
3370; 0,0390625; 0,0390625; 528,1607142857143; 0,087734334
3371; 0,0390625; 0,0390625; 532,6607142857143; 0,08848184
3372; 0,0390625; 0,0390625; 530,5714285714286; 0,0881348
3373; 0,0390625; 0,0390625; 531,9821428571429; 0,08836913
3374; 0,0390625; 0,0390625; 528,8214285714286; 0,08784408
3375; 0,0390625; 0,0390625; 529,8214285714286; 0,08801021
3376; 0,0390625; 0,0390625; 529,6428571428571; 0,087980546
3377; 0,0390625; 0,0390625; 531,3928571428571; 0,088271245
3378; 0,0390625; 0,0390625; 530,6964285714286; 0,08815555
3379; 0,0390625; 0,0390625; 532,1785714285714; 0,08840175
3380; 0,0390625; 0,0390625; 530,4464285714286; 0,088114016
3381; 0,0390625; 0,0390625; 531,1071428571429; 0,08822376
3382; 0,0390625; 0,0390625; 531,7142857142857; 0,08832464
3383; 0,0390625; 0,0390625; 528,5535714285714; 0,087799594
3384; 0,0390625; 0,0390625; 531,1428571428571; 0,088229716
3385; 0,0390625; 0,0390625; 525,6785714285714; 0,08732202
3386; 0,0390625; 0,0390625; 530,3571428571429; 0,08809919
3387; 0,0390625; 0,0390625; 533,2678571428571; 0,08858269
3388; 0,0390625; 0,0390625; 531,1428571428571; 0,088229716
3389; 0,0390625; 0,0390625; 525,4464285714286; 0,087283455
3390; 0,0390625; 0,0390625; 529,9464285714286; 0,08803097
3391; 0,0390625; 0,0390625; 530,9107142857143; 0,08819115
3392; 0,0390625; 0,0390625; 528,5178571428571; 0,08779367
3393; 0,0390625; 0,0390625; 531,9285714285714; 0,088360235
3394; 0,0390625; 0,0390625; 528,5178571428571; 0,08779367
3395; 0,0390625; 0,0390625; 530,0357142857143; 0,08804581
3396; 0,0390625; 0,0390625; 531,5892857142857; 0,08830387
3397; 0,0390625; 0,0390625; 530,5178571428571; 0,08812589
3398; 0,0390625; 0,0390625; 527,75; 0,08766611
3399; 0,0390625; 0,0390625; 529,8035714285714; 0,08800726
3400; 0,0390625; 0,0390625; 533,2857142857143; 0,08858567
3401; 0,0390625; 0,0390625; 532,1964285714286; 0,08840473
3402; 0,0390625; 0,0390625; 529,25; 0,08791529
3403; 0,0390625; 0,0390625; 531,7321428571429; 0,08832761
3404; 0,0390625; 0,0390625; 529,75; 0,08799833
3405; 0,0390625; 0,0390625; 532,1428571428571; 0,08839582
3406; 0,0390625; 0,0390625; 525,3392857142857; 0,08726566
3407; 0,0390625; 0,0390625; 529,9464285714286; 0,08803096
3408; 0,0390625; 0,0390625; 532,375; 0,0884344
3409; 0,0390625; 0,0390625; 531,5714285714286; 0,08830089
3410; 0,0390625; 0,0390625; 527,1428571428571; 0,087565266
3411; 0,0390625; 0,0390625; 529,4821428571429; 0,08795384
3412; 0,0390625; 0,0390625; 530,2142857142857; 0,08807547
3413; 0,0390625; 0,0390625; 531,1428571428571; 0,088229716
3414; 0,0390625; 0,0390625; 530,1785714285714; 0,08806955
3415; 0,0390625; 0,0390625; 532,1785714285714; 0,08840176
3416; 0,0390625; 0,0390625; 533,375; 0,08860051
3417; 0,0390625; 0,0390625; 528,6785714285714; 0,08782036
3418; 0,0390625; 0,0390625; 530,8214285714286; 0,08817632
3419; 0,0390625; 0,0390625; 529,3928571428571; 0,08793902
3420; 0,0390625; 0,0390625; 531,5535714285714; 0,08829792
3421; 0,0390625; 0,0390625; 529,6428571428571; 0,08798053
3422; 0,0390625; 0,0390625; 531,9285714285714; 0,088360235
3423; 0,0390625; 0,0390625; 529,1607142857143; 0,08790046
3424; 0,0390625; 0,0390625; 528,5178571428571; 0,087793656
3425; 0,0390625; 0,0390625; 532,625; 0,08847593
3426; 0,0390625; 0,0390625; 529,1964285714286; 0,0879064
3427; 0,0390625; 0,0390625; 534,375; 0,08876662
3428; 0,0390625; 0,0390625; 531,5535714285714; 0,08829794
3429; 0,0390625; 0,0390625; 530,3214285714286; 0,08809326
3430; 0,0390625; 0,0390625; 534,3571428571429; 0,088763654
3431; 0,0390625; 0,0390625; 531,4107142857143; 0,08827422
3432; 0,0390625; 0,0390625; 532,8928571428571; 0,088520415
3433; 0,0390625; 0,0390625; 529,0714285714286; 0,08788562
3434; 0,0390625; 0,0390625; 531,9821428571429; 0,088369146
3435; 0,0390625; 0,0390625; 529,6428571428571; 0,087980546
3436; 0,0390625; 0,0390625; 531,4107142857143; 0,088274226
3437; 0,0390625; 0,0390625; 531,9642857142857; 0,088366166
3438; 0,0390625; 0,0390625; 531,3214285714286; 0,08825936
3439; 0,0390625; 0,0390625; 530,3928571428571; 0,08810512
3440; 0,0390625; 0,0390625; 530,7678571428571; 0,088167414
3441; 0,0390625; 0,0390625; 528,5178571428571; 0,087793685
3442; 0,0390625; 0,0390625; 530,3571428571429; 0,0880992
3443; 0,0390625; 0,0390625; 533,1428571428571; 0,088561945
3444; 0,0390625; 0,0390625; 531,8571428571429; 0,08834837
3445; 0,0390625; 0,0390625; 530,5892857142857; 0,08813775
3446; 0,0390625; 0,0390625; 531,2142857142857; 0,088241585
3447; 0,0390625; 0,0390625; 531,0714285714286; 0,088217854
3448; 0,0390625; 0,0390625; 530,2857142857143; 0,08808733
3449; 0,0390625; 0,0390625; 531,9285714285714; 0,088360235
3450; 0,0390625; 0,0390625; 531,1785714285714; 0,088235654
3451; 0,0390625; 0,0390625; 532,2678571428571; 0,0884166
3452; 0,0390625; 0,0390625; 532,0178571428571; 0,08837507
3453; 0,0390625; 0,0390625; 529,0178571428571; 0,08787673
3454; 0,0390625; 0,0390625; 530,5714285714286; 0,08813478
3455; 0,0390625; 0,0390625; 532,6964285714286; 0,08848779
3456; 0,0390625; 0,0390625; 531,0178571428571; 0,08820896
3457; 0,0390625; 0,0390625; 532,2321428571429; 0,08841065
3458; 0,0390625; 0,0390625; 530,2678571428571; 0,088084355
3459; 0,0390625; 0,0390625; 531,25; 0,088247515
3460; 0,0390625; 0,0390625; 531,3571428571429; 0,08826532
3461; 0,0390625; 0,0390625; 530,0535714285714; 0,08804876
3462; 0,0390625; 0,0390625; 531,8928571428571; 0,088354304
3463; 0,0390625; 0,0390625; 529,0178571428571; 0,08787673
3464; 0,0390625; 0,0390625; 529,3571428571429; 0,08793307
3465; 0,0390625; 0,0390625; 527,0178571428571; 0,08754449
3466; 0,0390625; 0,0390625; 532,9821428571429; 0,08853525
3467; 0,0390625; 0,0390625; 533,6071428571429; 0,08863906
3468; 0,0390625; 0,0390625; 533,8571428571429; 0,08868059
3469; 0,0390625; 0,0390625; 529,2321428571429; 0,08791231
3470; 0,0390625; 0,0390625; 534,8392857142857; 0,088843726
3471; 0,0390625; 0,0390625; 530,8214285714286; 0,08817631
3472; 0,0390625; 0,0390625; 530,6607142857143; 0,088149615
3473; 0,0390625; 0,0390625; 532,3571428571429; 0,08843141
3474; 0,0390625; 0,0390625; 532,7321428571429; 0,088493705
3475; 0,0390625; 0,0390625; 530,3928571428571; 0,08810512
3476; 0,0390625; 0,0390625; 528,5178571428571; 0,08779365
3477; 0,0390625; 0,0390625; 529,3571428571429; 0,08793307
3478; 0,0390625; 0,0390625; 529,4821428571429; 0,08795383
3479; 0,0390625; 0,0390625; 533,7321428571429; 0,088659815
3480; 0,0390625; 0,0390625; 531,5; 0,08828904
3481; 0,0390625; 0,0390625; 528,7142857142857; 0,0878263
3482; 0,0390625; 0,0390625; 527,5892857142857; 0,08763943
3483; 0,0390625; 0,0390625; 529,7857142857143; 0,088004276
3484; 0,0390625; 0,0390625; 530,9107142857143; 0,088191144
3485; 0,0390625; 0,0390625; 527,9107142857143; 0,08769281
3486; 0,0390625; 0,0390625; 532,2678571428571; 0,08841659
3487; 0,0390625; 0,0390625; 529,3928571428571; 0,087939024
3488; 0,0390625; 0,0390625; 529,4642857142857; 0,08795088
3489; 0,0390625; 0,0390625; 531,2321428571429; 0,08824454
3490; 0,0390625; 0,0390625; 529,375; 0,087936044
3491; 0,0390625; 0,0390625; 530,9107142857143; 0,08819115
3492; 0,0390625; 0,0390625; 532,375; 0,0884344
3493; 0,0390625; 0,0390625; 532,4107142857143; 0,0884403
3494; 0,0390625; 0,0390625; 529,9285714285714; 0,088028
3495; 0,0390625; 0,0390625; 533,5714285714286; 0,08863313
3496; 0,0390625; 0,0390625; 531,4285714285714; 0,088277176
3497; 0,0390625; 0,0390625; 530,7321428571429; 0,08816148
3498; 0,0390625; 0,0390625; 529,9642857142857; 0,08803395
3499; 0,0390625; 0,0390625; 530,5892857142857; 0,08813776
3500; 0,0390625; 0,0390625; 530,6785714285714; 0,08815258
3501; 0,0390625; 0,0390625; 530,1428571428571; 0,08806361
3502; 0,0390625; 0,0390625; 533,5535714285714; 0,08863016
3503; 0,0390625; 0,0390625; 533,5714285714286; 0,088633135
3504; 0,0390625; 0,0390625; 532,4107142857143; 0,08844032
3505; 0,0390625; 0,0390625; 526,25; 0,08741694
3506; 0,0390625; 0,0390625; 529,3928571428571; 0,087939
3507; 0,0390625; 0,0390625; 530,6607142857143; 0,088149615
3508; 0,0390625; 0,0390625; 531,0892857142857; 0,08822082
3509; 0,0390625; 0,0390625; 532,2321428571429; 0,08841064
3510; 0,0390625; 0,0390625; 527,5892857142857; 0,087639414
3511; 0,0390625; 0,0390625; 529,1785714285714; 0,087903425
3512; 0,0390625; 0,0390625; 531,0535714285714; 0,08821488
3513; 0,0390625; 0,0390625; 529,7321428571429; 0,08799539
3514; 0,0390625; 0,0390625; 529,7142857142857; 0,08799241
3515; 0,0390625; 0,0390625; 529,5535714285714; 0,08796571
3516; 0,0390625; 0,0390625; 528,5; 0,08779071
3517; 0,0390625; 0,0390625; 529,7142857142857; 0,087992415
3518; 0,0390625; 0,0390625; 531,6607142857143; 0,088315725
3519; 0,0390625; 0,0390625; 529,1071428571429; 0,08789158
3520; 0,0390625; 0,0390625; 529,8214285714286; 0,088010214
3521; 0,0390625; 0,0390625; 532,1607142857143; 0,08839881
3522; 0,0390625; 0,0390625; 529,0; 0,087873764
3523; 0,0390625; 0,0390625; 531,2142857142857; 0,08824157
3524; 0,0390625; 0,0390625; 531,3571428571429; 0,0882653
3525; 0,0390625; 0,0390625; 528,0714285714286; 0,08771951
3526; 0,0390625; 0,0390625; 531,0; 0,08820601
3527; 0,0390625; 0,0390625; 528,8392857142857; 0,087847054
3528; 0,0390625; 0,0390625; 532,875; 0,08851744
3529; 0,0390625; 0,0390625; 527,0; 0,08754152
3530; 0,0390625; 0,0390625; 531,375; 0,08826828
3531; 0,0390625; 0,0390625; 529,0178571428571; 0,08787672
3532; 0,0390625; 0,0390625; 530,8392857142857; 0,08817928
3533; 0,0390625; 0,0390625; 531,5892857142857; 0,088303864
3534; 0,0390625; 0,0390625; 527,25; 0,08758306
3535; 0,0390625; 0,0390625; 530,1428571428571; 0,0880636
3536; 0,0390625; 0,0390625; 530,2857142857143; 0,08808733
3537; 0,0390625; 0,0390625; 532,4107142857143; 0,08844031
3538; 0,0390625; 0,0390625; 532,1071428571429; 0,08838989
3539; 0,0390625; 0,0390625; 531,0535714285714; 0,08821488
3540; 0,0390625; 0,0390625; 530,5892857142857; 0,08813776
3541; 0,0390625; 0,0390625; 529,3392857142857; 0,08793013
3542; 0,0390625; 0,0390625; 528,9107142857143; 0,087858915
3543; 0,0390625; 0,0390625; 527,9821428571429; 0,08770466
3544; 0,0390625; 0,0390625; 530,9285714285714; 0,08819413
3545; 0,0390625; 0,0390625; 528,2142857142857; 0,087743245
3546; 0,0390625; 0,0390625; 528,0178571428571; 0,087710604
3547; 0,0390625; 0,0390625; 531,0357142857143; 0,08821192
3548; 0,0390625; 0,0390625; 532,3214285714286; 0,08842548
3549; 0,0390625; 0,0390625; 532,6071428571429; 0,088472955
3550; 0,0390625; 0,0390625; 530,1071428571429; 0,08805766
3551; 0,0390625; 0,0390625; 534,3571428571429; 0,088763654
3552; 0,0390625; 0,0390625; 529,2678571428571; 0,08791827
3553; 0,0390625; 0,0390625; 529,8392857142857; 0,08801317
3554; 0,0390625; 0,0390625; 532,3035714285714; 0,08842253
3555; 0,0390625; 0,0390625; 532,9464285714286; 0,0885293
3556; 0,0390625; 0,0390625; 528,1607142857143; 0,08773435
3557; 0,0390625; 0,0390625; 532,9285714285714; 0,08852636
3558; 0,0390625; 0,0390625; 527,9464285714286; 0,087698765
3559; 0,0390625; 0,0390625; 529,7678571428571; 0,08800132
3560; 0,0390625; 0,0390625; 526,5; 0,08745848
3561; 0,0390625; 0,0390625; 526,5178571428571; 0,08746145
3562; 0,0390625; 0,0390625; 532,6785714285714; 0,08848481
3563; 0,0390625; 0,0390625; 527,2678571428571; 0,08758603
3564; 0,0390625; 0,0390625; 528,6071428571429; 0,0878085
3565; 0,0390625; 0,0390625; 531,2321428571429; 0,08824456
3566; 0,0390625; 0,0390625; 532,0892857142857; 0,08838694
3567; 0,0390625; 0,0390625; 528,2321428571429; 0,08774621
3568; 0,0390625; 0,0390625; 532,9285714285714; 0,08852635
3569; 0,0390625; 0,0390625; 531,5; 0,08828903
3570; 0,0390625; 0,0390625; 528,3392857142857; 0,08776401
3571; 0,0390625; 0,0390625; 530,1428571428571; 0,08806359
3572; 0,0390625; 0,0390625; 532,1607142857143; 0,0883988
3573; 0,0390625; 0,0390625; 532,5714285714286; 0,088467024
3574; 0,0390625; 0,0390625; 529,0178571428571; 0,08787673
3575; 0,0390625; 0,0390625; 531,0178571428571; 0,08820895
3576; 0,0390625; 0,0390625; 530,4285714285714; 0,08811106
3577; 0,0390625; 0,0390625; 530,0178571428571; 0,08804285
3578; 0,0390625; 0,0390625; 532,5357142857143; 0,088461086
3579; 0,0390625; 0,0390625; 530,1071428571429; 0,088057674
3580; 0,0390625; 0,0390625; 533,5178571428571; 0,08862423
3581; 0,0390625; 0,0390625; 530,5714285714286; 0,0881348
3582; 0,0390625; 0,0390625; 532,6785714285714; 0,08848481
3583; 0,0390625; 0,0390625; 529,1785714285714; 0,087903425
3584; 0,0390625; 0,0390625; 530,4464285714286; 0,088114016
3585; 0,0390625; 0,0390625; 530,5; 0,08812293
3586; 0,0390625; 0,0390625; 531,5714285714286; 0,08830092
3587; 0,0390625; 0,0390625; 529,4464285714286; 0,08794791
3588; 0,0390625; 0,0390625; 530,5357142857143; 0,08812886
3589; 0,0390625; 0,0390625; 527,5535714285714; 0,08763348
3590; 0,0390625; 0,0390625; 527,0714285714286; 0,08755339
3591; 0,0390625; 0,0390625; 527,6964285714286; 0,08765723
3592; 0,0390625; 0,0390625; 527,9642857142857; 0,087701716
3593; 0,0390625; 0,0390625; 532,8928571428571; 0,088520415
3594; 0,0390625; 0,0390625; 530,8928571428571; 0,088188194
3595; 0,0390625; 0,0390625; 533,0892857142857; 0,088553056
3596; 0,0390625; 0,0390625; 533,9821428571429; 0,08870137
3597; 0,0390625; 0,0390625; 528,8928571428571; 0,08785595
3598; 0,0390625; 0,0390625; 529,7857142857143; 0,088004276
3599; 0,0390625; 0,0390625; 530,6428571428571; 0,08814664
3600; 0,0390625; 0,0390625; 531,3214285714286; 0,08825938
3601; 0,0390625; 0,0390625; 529,7857142857143; 0,088004276
3602; 0,0390625; 0,0390625; 531,2857142857143; 0,088253446
3603; 0,0390625; 0,0390625; 529,8928571428571; 0,08802206
3604; 0,0390625; 0,0390625; 535,9107142857143; 0,08902173
3605; 0,0390625; 0,0390625; 531,375; 0,08826828
3606; 0,0390625; 0,0390625; 530,1607142857143; 0,08806656
3607; 0,0390625; 0,0390625; 531,125; 0,08822676
3608; 0,0390625; 0,0390625; 531,0892857142857; 0,08822083
3609; 0,0390625; 0,0390625; 530,4107142857143; 0,088108085
3610; 0,0390625; 0,0390625; 530,2678571428571; 0,088084355
3611; 0,0390625; 0,0390625; 532,5892857142857; 0,088469975
3612; 0,0390625; 0,0390625; 532,3214285714286; 0,088425495
3613; 0,0390625; 0,0390625; 529,0535714285714; 0,08788265
3614; 0,0390625; 0,0390625; 529,9642857142857; 0,08803394
3615; 0,0390625; 0,0390625; 531,6785714285714; 0,088318706
3616; 0,0390625; 0,0390625; 528,7857142857143; 0,08783816
3617; 0,0390625; 0,0390625; 534,3035714285714; 0,08875475
3618; 0,0390625; 0,0390625; 532,5178571428571; 0,08845812
3619; 0,0390625; 0,0390625; 531,2857142857143; 0,08825344
3620; 0,0390625; 0,0390625; 531,5535714285714; 0,08829795
3621; 0,0390625; 0,0390625; 533,6071428571429; 0,088639066
3622; 0,0390625; 0,0390625; 532,7857142857143; 0,08850262
3623; 0,0390625; 0,0390625; 528,625; 0,08781148
3624; 0,0390625; 0,0390625; 528,75; 0,087832235
3625; 0,0390625; 0,0390625; 531,9107142857143; 0,08835727
3626; 0,0390625; 0,0390625; 529,625; 0,08797759
3627; 0,0390625; 0,0390625; 530,4285714285714; 0,08811106
3628; 0,0390625; 0,0390625; 534,0714285714286; 0,08871619
3629; 0,0390625; 0,0390625; 531,1428571428571; 0,0882297
3630; 0,0390625; 0,0390625; 532,4642857142857; 0,08844922
3631; 0,0390625; 0,0390625; 528,3571428571429; 0,08776696
3632; 0,0390625; 0,0390625; 530,8392857142857; 0,08817928
3633; 0,0390625; 0,0390625; 530,2857142857143; 0,08808731
3634; 0,0390625; 0,0390625; 527,8035714285714; 0,08767501
3635; 0,0390625; 0,0390625; 534,4285714285714; 0,08877551
3636; 0,0390625; 0,0390625; 526,0178571428571; 0,08737838
3637; 0,0390625; 0,0390625; 529,6428571428571; 0,08798055
3638; 0,0390625; 0,0390625; 533,7857142857143; 0,08866874
3639; 0,0390625; 0,0390625; 532,6428571428571; 0,088478886
3640; 0,0390625; 0,0390625; 528,3928571428571; 0,087772906
3641; 0,0390625; 0,0390625; 532,6964285714286; 0,08848779
3642; 0,0390625; 0,0390625; 529,9464285714286; 0,08803098
3643; 0,0390625; 0,0390625; 528,4642857142857; 0,08778477
3644; 0,0390625; 0,0390625; 531,9285714285714; 0,08836023
3645; 0,0390625; 0,0390625; 529,8928571428571; 0,08802207
3646; 0,0390625; 0,0390625; 530,0535714285714; 0,08804878
3647; 0,0390625; 0,0390625; 530,375; 0,08810216
3648; 0,0390625; 0,0390625; 530,9821428571429; 0,08820301
3649; 0,0390625; 0,0390625; 531,1964285714286; 0,0882386
3650; 0,0390625; 0,0390625; 529,8392857142857; 0,08801316
3651; 0,0390625; 0,0390625; 529,8571428571429; 0,088016145
3652; 0,0390625; 0,0390625; 531,5; 0,08828904
3653; 0,0390625; 0,0390625; 532,4821428571429; 0,088452175
3654; 0,0390625; 0,0390625; 527,6785714285714; 0,08765424
3655; 0,0390625; 0,0390625; 527,2142857142857; 0,08757712
3656; 0,0390625; 0,0390625; 531,8214285714286; 0,088342436
3657; 0,0390625; 0,0390625; 529,4107142857143; 0,08794199
3658; 0,0390625; 0,0390625; 530,9642857142857; 0,08820005
3659; 0,0390625; 0,0390625; 531,4107142857143; 0,0882742
3660; 0,0390625; 0,0390625; 530,0; 0,08803987
3661; 0,0390625; 0,0390625; 529,9285714285714; 0,088028006
3662; 0,0390625; 0,0390625; 529,4107142857143; 0,08794197
3663; 0,0390625; 0,0390625; 531,7857142857143; 0,08833649
3664; 0,0390625; 0,0390625; 530,1607142857143; 0,08806657
3665; 0,0390625; 0,0390625; 528,7857142857143; 0,08783816
3666; 0,0390625; 0,0390625; 532,4642857142857; 0,088449225
3667; 0,0390625; 0,0390625; 531,2321428571429; 0,08824456
3668; 0,0390625; 0,0390625; 531,8392857142857; 0,08834541
3669; 0,0390625; 0,0390625; 530,6607142857143; 0,088149615
3670; 0,0390625; 0,0390625; 528,7321428571429; 0,087829255
3671; 0,0390625; 0,0390625; 532,5714285714286; 0,08846702
3672; 0,0390625; 0,0390625; 529,25; 0,0879153
3673; 0,0390625; 0,0390625; 528,4285714285714; 0,087778844
3674; 0,0390625; 0,0390625; 531,1785714285714; 0,08823566
3675; 0,0390625; 0,0390625; 527,7142857142857; 0,08766019
3676; 0,0390625; 0,0390625; 533,5178571428571; 0,08862423
3677; 0,0390625; 0,0390625; 531,9285714285714; 0,08836023
3678; 0,0390625; 0,0390625; 528,0; 0,087707646
3679; 0,0390625; 0,0390625; 529,5892857142857; 0,08797164
3680; 0,0390625; 0,0390625; 530,125; 0,08806063
3681; 0,0390625; 0,0390625; 529,9821428571429; 0,0880369
3682; 0,0390625; 0,0390625; 535,6071428571429; 0,08897128
3683; 0,0390625; 0,0390625; 532,8392857142857; 0,088511504
3684; 0,0390625; 0,0390625; 528,4464285714286; 0,08778181
3685; 0,0390625; 0,0390625; 529,0535714285714; 0,087882675
3686; 0,0390625; 0,0390625; 532,9285714285714; 0,08852633
3687; 0,0390625; 0,0390625; 531,0714285714286; 0,08821785
3688; 0,0390625; 0,0390625; 530,9642857142857; 0,088200055
3689; 0,0390625; 0,0390625; 531,5; 0,08828906
3690; 0,0390625; 0,0390625; 528,6428571428571; 0,08781444
3691; 0,0390625; 0,0390625; 528,3214285714286; 0,08776102
3692; 0,0390625; 0,0390625; 526,3392857142857; 0,08743179
3693; 0,0390625; 0,0390625; 530,0178571428571; 0,08804282
3694; 0,0390625; 0,0390625; 530,75; 0,08816445
3695; 0,0390625; 0,0390625; 529,4107142857143; 0,087942
3696; 0,0390625; 0,0390625; 532,3571428571429; 0,08843143
3697; 0,0390625; 0,0390625; 531,8928571428571; 0,08835429
3698; 0,0390625; 0,0390625; 529,1964285714286; 0,087906376
3699; 0,0390625; 0,0390625; 532,3392857142857; 0,08842845
3700; 0,0390625; 0,0390625; 528,2321428571429; 0,087746195
3701; 0,0390625; 0,0390625; 528,4285714285714; 0,08777883
3702; 0,0390625; 0,0390625; 526,7857142857143; 0,08750592
3703; 0,0390625; 0,0390625; 528,7142857142857; 0,0878263
3704; 0,0390625; 0,0390625; 527,6071428571429; 0,08764237
3705; 0,0390625; 0,0390625; 527,7321428571429; 0,08766316
3706; 0,0390625; 0,0390625; 530,5714285714286; 0,08813478
3707; 0,0390625; 0,0390625; 532,7678571428571; 0,08849966
3708; 0,0390625; 0,0390625; 533,5535714285714; 0,08863016
3709; 0,0390625; 0,0390625; 529,5535714285714; 0,08796572
3710; 0,0390625; 0,0390625; 529,3392857142857; 0,087930106
3711; 0,0390625; 0,0390625; 530,6964285714286; 0,08815555
3712; 0,0390625; 0,0390625; 531,4107142857143; 0,0882742
3713; 0,0390625; 0,0390625; 531,625; 0,08830979
3714; 0,0390625; 0,0390625; 531,375; 0,08826828
3715; 0,0390625; 0,0390625; 529,2142857142857; 0,087909356
3716; 0,0390625; 0,0390625; 531,875; 0,08835135
3717; 0,0390625; 0,0390625; 528,1607142857143; 0,08773434
3718; 0,0390625; 0,0390625; 529,6428571428571; 0,087980546
3719; 0,0390625; 0,0390625; 532,2321428571429; 0,08841065
3720; 0,0390625; 0,0390625; 531,0535714285714; 0,08821488
3721; 0,0390625; 0,0390625; 531,2678571428571; 0,08825048
3722; 0,0390625; 0,0390625; 529,4285714285714; 0,08794495
3723; 0,0390625; 0,0390625; 530,6428571428571; 0,08814665
3724; 0,0390625; 0,0390625; 535,0535714285714; 0,08887933
3725; 0,0390625; 0,0390625; 530,7321428571429; 0,088161476
3726; 0,0390625; 0,0390625; 527,1785714285714; 0,08757119
3727; 0,0390625; 0,0390625; 531,2857142857143; 0,088253446
3728; 0,0390625; 0,0390625; 530,125; 0,088060655
3729; 0,0390625; 0,0390625; 532,5892857142857; 0,08846998
3730; 0,0390625; 0,0390625; 530,875; 0,088185206
3731; 0,0390625; 0,0390625; 531,25; 0,088247515
3732; 0,0390625; 0,0390625; 528,3392857142857; 0,08776402
3733; 0,0390625; 0,0390625; 530,3392857142857; 0,088096224
3734; 0,0390625; 0,0390625; 530,8571428571429; 0,088182256
3735; 0,0390625; 0,0390625; 529,1785714285714; 0,0879034
3736; 0,0390625; 0,0390625; 528,8928571428571; 0,08785597
3737; 0,0390625; 0,0390625; 526,6785714285714; 0,087488115
3738; 0,0390625; 0,0390625; 529,1071428571429; 0,08789156
3739; 0,0390625; 0,0390625; 532,5178571428571; 0,08845813
3740; 0,0390625; 0,0390625; 530,3392857142857; 0,08809624
3741; 0,0390625; 0,0390625; 533,2678571428571; 0,0885827
3742; 0,0390625; 0,0390625; 530,125; 0,08806063
3743; 0,0390625; 0,0390625; 533,4107142857143; 0,088606454
3744; 0,0390625; 0,0390625; 527,7857142857143; 0,08767203
3745; 0,0390625; 0,0390625; 529,875; 0,08801911
3746; 0,0390625; 0,0390625; 530,2857142857143; 0,08808736
3747; 0,0390625; 0,0390625; 530,9464285714286; 0,0881971
3748; 0,0390625; 0,0390625; 528,3392857142857; 0,087764
3749; 0,0390625; 0,0390625; 531,5178571428571; 0,08829201
3750; 0,0390625; 0,0390625; 530,3392857142857; 0,088096224
3751; 0,0390625; 0,0390625; 530,6428571428571; 0,088146634
3752; 0,0390625; 0,0390625; 529,3214285714286; 0,08792715
3753; 0,0390625; 0,0390625; 528,4464285714286; 0,08778179
3754; 0,0390625; 0,0390625; 528,7678571428571; 0,08783519
3755; 0,0390625; 0,0390625; 530,5714285714286; 0,0881348
3756; 0,0390625; 0,0390625; 528,6428571428571; 0,08781444
3757; 0,0390625; 0,0390625; 529,6785714285714; 0,08798647
3758; 0,0390625; 0,0390625; 532,8928571428571; 0,08852041
3759; 0,0390625; 0,0390625; 531,9642857142857; 0,08836616
3760; 0,0390625; 0,0390625; 529,9285714285714; 0,08802801
3761; 0,0390625; 0,0390625; 529,8928571428571; 0,088022076
3762; 0,0390625; 0,0390625; 532,1428571428571; 0,08839582
3763; 0,0390625; 0,0390625; 527,1964285714286; 0,08757416
3764; 0,0390625; 0,0390625; 529,9107142857143; 0,08802505
3765; 0,0390625; 0,0390625; 531,3035714285714; 0,08825642
3766; 0,0390625; 0,0390625; 532,2142857142857; 0,08840768
3767; 0,0390625; 0,0390625; 526,6607142857143; 0,08748518
3768; 0,0390625; 0,0390625; 532,0892857142857; 0,088386945
3769; 0,0390625; 0,0390625; 527,8392857142857; 0,08768095
3770; 0,0390625; 0,0390625; 531,0357142857143; 0,0882119
3771; 0,0390625; 0,0390625; 528,0; 0,087707646
3772; 0,0390625; 0,0390625; 530,6785714285714; 0,08815259
3773; 0,0390625; 0,0390625; 529,9821428571429; 0,08803691
3774; 0,0390625; 0,0390625; 532,625; 0,08847592
3775; 0,0390625; 0,0390625; 532,5714285714286; 0,088466994
3776; 0,0390625; 0,0390625; 530,1785714285714; 0,08806952
3777; 0,0390625; 0,0390625; 529,5357142857143; 0,08796273
3778; 0,0390625; 0,0390625; 532,9464285714286; 0,0885293
3779; 0,0390625; 0,0390625; 528,4107142857143; 0,08777588
3780; 0,0390625; 0,0390625; 528,0535714285714; 0,08771656
3781; 0,0390625; 0,0390625; 534,0892857142857; 0,08871917
3782; 0,0390625; 0,0390625; 530,0357142857143; 0,08804579
3783; 0,0390625; 0,0390625; 532,6607142857143; 0,08848186
3784; 0,0390625; 0,0390625; 531,0; 0,08820598
3785; 0,0390625; 0,0390625; 529,75; 0,087998345
3786; 0,0390625; 0,0390625; 532,5535714285714; 0,088464044
3787; 0,0390625; 0,0390625; 529,75; 0,08799834
3788; 0,0390625; 0,0390625; 528,6428571428571; 0,08781443
3789; 0,0390625; 0,0390625; 529,8928571428571; 0,088022076
3790; 0,0390625; 0,0390625; 532,6428571428571; 0,08847887
3791; 0,0390625; 0,0390625; 533,75; 0,088662796
3792; 0,0390625; 0,0390625; 531,1785714285714; 0,088235654
3793; 0,0390625; 0,0390625; 531,5535714285714; 0,08829794
3794; 0,0390625; 0,0390625; 530,5535714285714; 0,08813182
3795; 0,0390625; 0,0390625; 529,7678571428571; 0,08800131
3796; 0,0390625; 0,0390625; 532,3928571428571; 0,08843734
3797; 0,0390625; 0,0390625; 530,125; 0,08806064
3798; 0,0390625; 0,0390625; 528,2857142857143; 0,0877551
3799; 0,0390625; 0,0390625; 528,3571428571429; 0,08776696
3800; 0,0390625; 0,0390625; 530,8392857142857; 0,088179275
3801; 0,0390625; 0,0390625; 532,1607142857143; 0,08839879
3802; 0,0390625; 0,0390625; 531,3035714285714; 0,08825642
3803; 0,0390625; 0,0390625; 530,4464285714286; 0,088114046
3804; 0,0390625; 0,0390625; 528,8392857142857; 0,08784706
3805; 0,0390625; 0,0390625; 529,4821428571429; 0,08795385
3806; 0,0390625; 0,0390625; 530,1964285714286; 0,08807249
3807; 0,0390625; 0,0390625; 529,7321428571429; 0,08799537
3808; 0,0390625; 0,0390625; 528,1071428571429; 0,087725446
3809; 0,0390625; 0,0390625; 527,0178571428571; 0,0875445
3810; 0,0390625; 0,0390625; 532,8392857142857; 0,08851151
3811; 0,0390625; 0,0390625; 530,0357142857143; 0,0880458
3812; 0,0390625; 0,0390625; 531,6428571428571; 0,08831276
3813; 0,0390625; 0,0390625; 529,9464285714286; 0,08803099
3814; 0,0390625; 0,0390625; 530,8035714285714; 0,08817337
3815; 0,0390625; 0,0390625; 530,8928571428571; 0,08818818
3816; 0,0390625; 0,0390625; 532,5357142857143; 0,08846108
3817; 0,0390625; 0,0390625; 530,8214285714286; 0,08817631
3818; 0,0390625; 0,0390625; 530,8928571428571; 0,08818819
3819; 0,0390625; 0,0390625; 528,7321428571429; 0,08782927
3820; 0,0390625; 0,0390625; 529,0892857142857; 0,08788859
3821; 0,0390625; 0,0390625; 531,7321428571429; 0,088327624
3822; 0,0390625; 0,0390625; 530,75; 0,088164456
3823; 0,0390625; 0,0390625; 527,4285714285714; 0,087612726
3824; 0,0390625; 0,0390625; 528,2321428571429; 0,0877462
3825; 0,0390625; 0,0390625; 532,7142857142857; 0,08849075
3826; 0,0390625; 0,0390625; 531,875; 0,088351324
3827; 0,0390625; 0,0390625; 531,3928571428571; 0,088271245
3828; 0,0390625; 0,0390625; 528,5535714285714; 0,0877996
3829; 0,0390625; 0,0390625; 531,8928571428571; 0,08835429
3830; 0,0390625; 0,0390625; 531,9464285714286; 0,088363186
3831; 0,0390625; 0,0390625; 532,5178571428571; 0,088458136
3832; 0,0390625; 0,0390625; 529,0892857142857; 0,0878886
3833; 0,0390625; 0,0390625; 531,4464285714286; 0,08828014
3834; 0,0390625; 0,0390625; 531,9285714285714; 0,088360235
3835; 0,0390625; 0,0390625; 530,9821428571429; 0,08820303
3836; 0,0390625; 0,0390625; 528,5535714285714; 0,0877996
3837; 0,0390625; 0,0390625; 529,4285714285714; 0,08794496
3838; 0,0390625; 0,0390625; 530,7142857142857; 0,0881585
3839; 0,0390625; 0,0390625; 527,9107142857143; 0,08769281
3840; 0,0390625; 0,0390625; 527,875; 0,087686874
3841; 0,0390625; 0,0390625; 531,5892857142857; 0,088303864
3842; 0,0390625; 0,0390625; 531,4464285714286; 0,08828014
3843; 0,0390625; 0,0390625; 527,9464285714286; 0,08769875
3844; 0,0390625; 0,0390625; 527,6428571428571; 0,087648325
3845; 0,0390625; 0,0390625; 528,5535714285714; 0,0877996
3846; 0,0390625; 0,0390625; 530,8571428571429; 0,08818223
3847; 0,0390625; 0,0390625; 530,3392857142857; 0,088096224
3848; 0,0390625; 0,0390625; 529,0892857142857; 0,0878886
3849; 0,0390625; 0,0390625; 527,375; 0,08760382
3850; 0,0390625; 0,0390625; 529,5; 0,08795681
3851; 0,0390625; 0,0390625; 531,5535714285714; 0,088297926
3852; 0,0390625; 0,0390625; 526,875; 0,08752077
3853; 0,0390625; 0,0390625; 531,1785714285714; 0,088235654
3854; 0,0390625; 0,0390625; 529,125; 0,08789452
3855; 0,0390625; 0,0390625; 530,0178571428571; 0,08804285
3856; 0,0390625; 0,0390625; 532,5535714285714; 0,08846406
3857; 0,0390625; 0,0390625; 528,3928571428571; 0,0877729
3858; 0,0390625; 0,0390625; 532,1607142857143; 0,0883988
3859; 0,0390625; 0,0390625; 531,9285714285714; 0,088360235
3860; 0,0390625; 0,0390625; 530,2678571428571; 0,088084355
3861; 0,0390625; 0,0390625; 532,1428571428571; 0,088395834
3862; 0,0390625; 0,0390625; 532,5178571428571; 0,08845812
3863; 0,0390625; 0,0390625; 531,875; 0,08835135
3864; 0,0390625; 0,0390625; 532,0357142857143; 0,08837802
3865; 0,0390625; 0,0390625; 529,8928571428571; 0,08802207
3866; 0,0390625; 0,0390625; 530,1785714285714; 0,088069536
3867; 0,0390625; 0,0390625; 528,7678571428571; 0,08783519
3868; 0,0390625; 0,0390625; 533,3928571428571; 0,08860348
3869; 0,0390625; 0,0390625; 530,1607142857143; 0,08806656
3870; 0,0390625; 0,0390625; 528,8392857142857; 0,08784706
3871; 0,0390625; 0,0390625; 531,4285714285714; 0,08827716
3872; 0,0390625; 0,0390625; 532,3928571428571; 0,08843736
3873; 0,0390625; 0,0390625; 527,5714285714286; 0,087636456
3874; 0,0390625; 0,0390625; 532,6607142857143; 0,08848185
3875; 0,0390625; 0,0390625; 531,5714285714286; 0,0883009
3876; 0,0390625; 0,0390625; 532,8214285714286; 0,088508554
3877; 0,0390625; 0,0390625; 528,4464285714286; 0,087781794
3878; 0,0390625; 0,0390625; 531,7678571428571; 0,08833355
3879; 0,0390625; 0,0390625; 531,3392857142857; 0,088262334
3880; 0,0390625; 0,0390625; 529,5535714285714; 0,087965705
3881; 0,0390625; 0,0390625; 530,3214285714286; 0,088093266
3882; 0,0390625; 0,0390625; 532,4821428571429; 0,08845218
3883; 0,0390625; 0,0390625; 530,375; 0,088102154
3884; 0,0390625; 0,0390625; 529,2857142857143; 0,08792122
3885; 0,0390625; 0,0390625; 530,5892857142857; 0,088137746
3886; 0,0390625; 0,0390625; 530,4285714285714; 0,088111065
3887; 0,0390625; 0,0390625; 531,5535714285714; 0,088297926
3888; 0,0390625; 0,0390625; 534,2142857142857; 0,08873993
3889; 0,0390625; 0,0390625; 528,4107142857143; 0,08777587
3890; 0,0390625; 0,0390625; 525,625; 0,08731312
3891; 0,0390625; 0,0390625; 530,125; 0,08806063
3892; 0,0390625; 0,0390625; 526,9821428571429; 0,08753858
3893; 0,0390625; 0,0390625; 533,0178571428571; 0,08854117
3894; 0,0390625; 0,0390625; 530,3571428571429; 0,088099204
3895; 0,0390625; 0,0390625; 529,8214285714286; 0,08801021
3896; 0,0390625; 0,0390625; 528,9285714285714; 0,08786188
3897; 0,0390625; 0,0390625; 529,1071428571429; 0,08789157
3898; 0,0390625; 0,0390625; 530,6785714285714; 0,088152595
3899; 0,0390625; 0,0390625; 528,9821428571429; 0,08787078
3900; 0,0390625; 0,0390625; 529,9821428571429; 0,08803691
3901; 0,0390625; 0,0390625; 530,7142857142857; 0,088158526
3902; 0,0390625; 0,0390625; 532,4821428571429; 0,0884522
3903; 0,0390625; 0,0390625; 529,9464285714286; 0,08803098
3904; 0,0390625; 0,0390625; 529,9821428571429; 0,0880369
3905; 0,0390625; 0,0390625; 528,7142857142857; 0,0878263
3906; 0,0390625; 0,0390625; 531,3214285714286; 0,08825939
3907; 0,0390625; 0,0390625; 533,1964285714286; 0,08857083
3908; 0,0390625; 0,0390625; 531,3571428571429; 0,08826531
3909; 0,0390625; 0,0390625; 532,0535714285714; 0,08838101
3910; 0,0390625; 0,0390625; 529,4464285714286; 0,08794791
3911; 0,0390625; 0,0390625; 529,6428571428571; 0,08798052
3912; 0,0390625; 0,0390625; 529,7857142857143; 0,08800428
3913; 0,0390625; 0,0390625; 530,25; 0,088081405
3914; 0,0390625; 0,0390625; 532,6071428571429; 0,08847296
3915; 0,0390625; 0,0390625; 531,4107142857143; 0,0882742
3916; 0,0390625; 0,0390625; 531,5892857142857; 0,088303864
3917; 0,0390625; 0,0390625; 534,0892857142857; 0,08871915
3918; 0,0390625; 0,0390625; 529,1785714285714; 0,08790344
3919; 0,0390625; 0,0390625; 530,5714285714286; 0,08813479
3920; 0,0390625; 0,0390625; 531,4107142857143; 0,088274226
3921; 0,0390625; 0,0390625; 526,0; 0,087375425
3922; 0,0390625; 0,0390625; 531,125; 0,08822676
3923; 0,0390625; 0,0390625; 529,3571428571429; 0,08793308
3924; 0,0390625; 0,0390625; 534,25; 0,08874584
3925; 0,0390625; 0,0390625; 529,6428571428571; 0,087980546
3926; 0,0390625; 0,0390625; 533,0714285714286; 0,088550076
3927; 0,0390625; 0,0390625; 528,1785714285714; 0,08773731
3928; 0,0390625; 0,0390625; 528,1785714285714; 0,087737314
3929; 0,0390625; 0,0390625; 530,9107142857143; 0,08819116
3930; 0,0390625; 0,0390625; 530,4107142857143; 0,0881081
3931; 0,0390625; 0,0390625; 531,7678571428571; 0,08833353
3932; 0,0390625; 0,0390625; 531,2678571428571; 0,08825048
3933; 0,0390625; 0,0390625; 529,3928571428571; 0,087939
3934; 0,0390625; 0,0390625; 530,0178571428571; 0,08804284
3935; 0,0390625; 0,0390625; 529,3928571428571; 0,08793902
3936; 0,0390625; 0,0390625; 534,25; 0,08874585
3937; 0,0390625; 0,0390625; 531,5357142857143; 0,08829498
3938; 0,0390625; 0,0390625; 529,4107142857143; 0,08794197
3939; 0,0390625; 0,0390625; 527,0357142857143; 0,08754747
3940; 0,0390625; 0,0390625; 530,3214285714286; 0,08809327
3941; 0,0390625; 0,0390625; 530,0178571428571; 0,08804283
3942; 0,0390625; 0,0390625; 531,5892857142857; 0,08830387
3943; 0,0390625; 0,0390625; 531,9285714285714; 0,088360235
3944; 0,0390625; 0,0390625; 532,8571428571429; 0,088514484
3945; 0,0390625; 0,0390625; 532,4285714285714; 0,08844329
3946; 0,0390625; 0,0390625; 534,0892857142857; 0,088719144
3947; 0,0390625; 0,0390625; 529,4642857142857; 0,08795088
3948; 0,0390625; 0,0390625; 530,7321428571429; 0,08816147
3949; 0,0390625; 0,0390625; 531,6964285714286; 0,08832166
3950; 0,0390625; 0,0390625; 529,9821428571429; 0,08803691
3951; 0,0390625; 0,0390625; 531,5178571428571; 0,08829201
3952; 0,0390625; 0,0390625; 529,875; 0,08801913
3953; 0,0390625; 0,0390625; 532,0535714285714; 0,088381
3954; 0,0390625; 0,0390625; 532,4464285714286; 0,08844626
3955; 0,0390625; 0,0390625; 529,0892857142857; 0,08788859
3956; 0,0390625; 0,0390625; 530,1607142857143; 0,08806657
3957; 0,0390625; 0,0390625; 531,6964285714286; 0,08832168
3958; 0,0390625; 0,0390625; 529,7321428571429; 0,08799537
3959; 0,0390625; 0,0390625; 531,7142857142857; 0,08832463
3960; 0,0390625; 0,0390625; 530,4642857142857; 0,08811699
3961; 0,0390625; 0,0390625; 534,2321428571429; 0,088742904
3962; 0,0390625; 0,0390625; 531,6964285714286; 0,08832167
3963; 0,0390625; 0,0390625; 531,0357142857143; 0,08821191
3964; 0,0390625; 0,0390625; 531,0178571428571; 0,08820895
3965; 0,0390625; 0,0390625; 530,6071428571429; 0,088140726
3966; 0,0390625; 0,0390625; 528,375; 0,08776993
3967; 0,0390625; 0,0390625; 530,0714285714286; 0,08805173
3968; 0,0390625; 0,0390625; 533,1607142857143; 0,08856492
3969; 0,0390625; 0,0390625; 530,5892857142857; 0,088137746
3970; 0,0390625; 0,0390625; 531,5535714285714; 0,08829794
3971; 0,0390625; 0,0390625; 528,8214285714286; 0,087844096
3972; 0,0390625; 0,0390625; 528,9107142857143; 0,08785892
3973; 0,0390625; 0,0390625; 530,8928571428571; 0,08818818
3974; 0,0390625; 0,0390625; 531,9642857142857; 0,08836616
3975; 0,0390625; 0,0390625; 527,3035714285714; 0,087591946
3976; 0,0390625; 0,0390625; 530,5178571428571; 0,0881259
3977; 0,0390625; 0,0390625; 529,8571428571429; 0,08801613
3978; 0,0390625; 0,0390625; 529,8928571428571; 0,088022076
3979; 0,0390625; 0,0390625; 529,9642857142857; 0,08803396
3980; 0,0390625; 0,0390625; 528,8928571428571; 0,08785596
3981; 0,0390625; 0,0390625; 533,5714285714286; 0,08863313
3982; 0,0390625; 0,0390625; 527,9642857142857; 0,0877017
3983; 0,0390625; 0,0390625; 529,8214285714286; 0,088010214
3984; 0,0390625; 0,0390625; 530,5535714285714; 0,08813184
3985; 0,0390625; 0,0390625; 533,4642857142857; 0,088615336
3986; 0,0390625; 0,0390625; 530,4464285714286; 0,08811402
3987; 0,0390625; 0,0390625; 531,9285714285714; 0,088360235
3988; 0,0390625; 0,0390625; 533,4107142857143; 0,08860643
3989; 0,0390625; 0,0390625; 529,9821428571429; 0,08803691
3990; 0,0390625; 0,0390625; 531,8928571428571; 0,08835431
3991; 0,0390625; 0,0390625; 532,7678571428571; 0,08849963
3992; 0,0390625; 0,0390625; 528,3392857142857; 0,087764
3993; 0,0390625; 0,0390625; 527,25; 0,087583065
3994; 0,0390625; 0,0390625; 527,3214285714286; 0,08759492
3995; 0,0390625; 0,0390625; 531,5714285714286; 0,088300906
3996; 0,0390625; 0,0390625; 533,3928571428571; 0,08860346
3997; 0,0390625; 0,0390625; 530,9285714285714; 0,08819412
3998; 0,0390625; 0,0390625; 530,8035714285714; 0,08817335
3999; 0,0390625; 0,0390625; 531,8214285714286; 0,088342436
4000; 0,0390625; 0,0390625; 529,4642857142857; 0,087950885
4001; 0,0390625; 0,0390625; 532,7321428571429; 0,088493705
4002; 0,0390625; 0,0390625; 530,5535714285714; 0,08813184
4003; 0,0390625; 0,0390625; 531,5; 0,08828904
4004; 0,0390625; 0,0390625; 528,875; 0,08785301
4005; 0,0390625; 0,0390625; 530,25; 0,08808141
4006; 0,0390625; 0,0390625; 528,2321428571429; 0,08774622
4007; 0,0390625; 0,0390625; 530,25; 0,0880814
4008; 0,0390625; 0,0390625; 531,8928571428571; 0,088354304
4009; 0,0390625; 0,0390625; 532,7142857142857; 0,08849073
4010; 0,0390625; 0,0390625; 527,8392857142857; 0,08768094
4011; 0,0390625; 0,0390625; 531,4285714285714; 0,08827716
4012; 0,0390625; 0,0390625; 529,6785714285714; 0,08798648
4013; 0,0390625; 0,0390625; 534,9464285714286; 0,08886154
4014; 0,0390625; 0,0390625; 529,3214285714286; 0,08792715
4015; 0,0390625; 0,0390625; 533,4642857142857; 0,08861532
4016; 0,0390625; 0,0390625; 531,25; 0,0882475
4017; 0,0390625; 0,0390625; 529,625; 0,08797758
4018; 0,0390625; 0,0390625; 533,125; 0,088558964
4019; 0,0390625; 0,0390625; 528,7142857142857; 0,087826304
4020; 0,0390625; 0,0390625; 529,1071428571429; 0,08789154
4021; 0,0390625; 0,0390625; 533,3035714285714; 0,08858863
4022; 0,0390625; 0,0390625; 530,4464285714286; 0,08811402
4023; 0,0390625; 0,0390625; 531,5178571428571; 0,088292
4024; 0,0390625; 0,0390625; 529,1071428571429; 0,08789156
4025; 0,0390625; 0,0390625; 529,0892857142857; 0,08788859
4026; 0,0390625; 0,0390625; 534,4285714285714; 0,088775516
4027; 0,0390625; 0,0390625; 529,8214285714286; 0,0880102
4028; 0,0390625; 0,0390625; 529,0714285714286; 0,08788562
4029; 0,0390625; 0,0390625; 528,6785714285714; 0,08782035
4030; 0,0390625; 0,0390625; 534,8035714285714; 0,0888378
4031; 0,0390625; 0,0390625; 531,6607142857143; 0,08831573
4032; 0,0390625; 0,0390625; 532,3571428571429; 0,088431425
4033; 0,0390625; 0,0390625; 532,3035714285714; 0,08842253
4034; 0,0390625; 0,0390625; 531,1428571428571; 0,0882297
4035; 0,0390625; 0,0390625; 532,2857142857143; 0,08841955
4036; 0,0390625; 0,0390625; 530,6607142857143; 0,08814963
4037; 0,0390625; 0,0390625; 529,9642857142857; 0,08803393
4038; 0,0390625; 0,0390625; 531,7857142857143; 0,08833649
4039; 0,0390625; 0,0390625; 530,25; 0,088081405
4040; 0,0390625; 0,0390625; 531,3214285714286; 0,088259384
4041; 0,0390625; 0,0390625; 528,5714285714286; 0,08780255
4042; 0,0390625; 0,0390625; 531,9821428571429; 0,08836912
4043; 0,0390625; 0,0390625; 532,2678571428571; 0,08841659
4044; 0,0390625; 0,0390625; 532,6428571428571; 0,08847891
4045; 0,0390625; 0,0390625; 529,5892857142857; 0,08797165
4046; 0,0390625; 0,0390625; 533,125; 0,08855896
4047; 0,0390625; 0,0390625; 528,5; 0,08779072
4048; 0,0390625; 0,0390625; 529,9107142857143; 0,08802503
4049; 0,0390625; 0,0390625; 526,5357142857143; 0,087464415
4050; 0,0390625; 0,0390625; 531,0357142857143; 0,08821192
4051; 0,0390625; 0,0390625; 532,25; 0,08841364
4052; 0,0390625; 0,0390625; 528,6071428571429; 0,087808475
4053; 0,0390625; 0,0390625; 530,0; 0,08803987
4054; 0,0390625; 0,0390625; 531,4642857142857; 0,08828312
4055; 0,0390625; 0,0390625; 531,6607142857143; 0,08831574
4056; 0,0390625; 0,0390625; 531,7321428571429; 0,08832761
4057; 0,0390625; 0,0390625; 533,9642857142857; 0,08869839
4058; 0,0390625; 0,0390625; 531,625; 0,08830981
4059; 0,0390625; 0,0390625; 533,0892857142857; 0,08855305
4060; 0,0390625; 0,0390625; 533,9642857142857; 0,088698395
4061; 0,0390625; 0,0390625; 528,6785714285714; 0,08782036
4062; 0,0390625; 0,0390625; 533,125; 0,08855897
4063; 0,0390625; 0,0390625; 533,0892857142857; 0,08855305
4064; 0,0390625; 0,0390625; 529,7321428571429; 0,08799536
4065; 0,0390625; 0,0390625; 530,8928571428571; 0,08818819
4066; 0,0390625; 0,0390625; 532,7857142857143; 0,08850262
4067; 0,0390625; 0,0390625; 528,8928571428571; 0,08785595
4068; 0,0390625; 0,0390625; 531,0357142857143; 0,08821191
4069; 0,0390625; 0,0390625; 528,7142857142857; 0,0878263
4070; 0,0390625; 0,0390625; 530,1071428571429; 0,08805766
4071; 0,0390625; 0,0390625; 533,0535714285714; 0,08854709
4072; 0,0390625; 0,0390625; 532,5714285714286; 0,08846704
4073; 0,0390625; 0,0390625; 529,25; 0,08791529
4074; 0,0390625; 0,0390625; 529,1071428571429; 0,08789156
4075; 0,0390625; 0,0390625; 531,2142857142857; 0,08824157
4076; 0,0390625; 0,0390625; 529,3571428571429; 0,087933086
4077; 0,0390625; 0,0390625; 532,0714285714286; 0,088383965
4078; 0,0390625; 0,0390625; 527,2142857142857; 0,08757713
4079; 0,0390625; 0,0390625; 531,4107142857143; 0,08827422
4080; 0,0390625; 0,0390625; 531,5714285714286; 0,0883009
4081; 0,0390625; 0,0390625; 528,8035714285714; 0,08784113
4082; 0,0390625; 0,0390625; 527,9285714285714; 0,08769578
4083; 0,0390625; 0,0390625; 530,4642857142857; 0,08811699
4084; 0,0390625; 0,0390625; 529,8035714285714; 0,08800725
4085; 0,0390625; 0,0390625; 529,375; 0,08793605
4086; 0,0390625; 0,0390625; 526,8035714285714; 0,0875089
4087; 0,0390625; 0,0390625; 528,6428571428571; 0,08781444
4088; 0,0390625; 0,0390625; 534,5178571428571; 0,08879036
4089; 0,0390625; 0,0390625; 531,3035714285714; 0,088256404
4090; 0,0390625; 0,0390625; 529,6785714285714; 0,08798648
4091; 0,0390625; 0,0390625; 534,1071428571429; 0,088722125
4092; 0,0390625; 0,0390625; 530,9642857142857; 0,08820005
4093; 0,0390625; 0,0390625; 526,8214285714286; 0,08751186
4094; 0,0390625; 0,0390625; 534,2142857142857; 0,08873992
4095; 0,0390625; 0,0390625; 531,5; 0,08828902
4096; 0,0390625; 0,0390625; 529,4464285714286; 0,08794791
4097; 0,0390625; 0,0390625; 529,4464285714286; 0,08794791
4098; 0,0390625; 0,0390625; 529,5178571428571; 0,087959774
4099; 0,0390625; 0,0390625; 529,3035714285714; 0,08792418
4100; 0,0390625; 0,0390625; 531,5; 0,08828903
4101; 0,0390625; 0,0390625; 531,8035714285714; 0,08833946
4102; 0,0390625; 0,0390625; 533,1964285714286; 0,08857084
4103; 0,0390625; 0,0390625; 532,0178571428571; 0,088375054
4104; 0,0390625; 0,0390625; 529,8928571428571; 0,08802207
4105; 0,0390625; 0,0390625; 529,3035714285714; 0,08792419
4106; 0,0390625; 0,0390625; 530,9464285714286; 0,0881971
4107; 0,0390625; 0,0390625; 526,8571428571429; 0,087517805
4108; 0,0390625; 0,0390625; 533,3392857142857; 0,08859458
4109; 0,0390625; 0,0390625; 533,5535714285714; 0,08863016
4110; 0,0390625; 0,0390625; 530,7857142857143; 0,0881704
4111; 0,0390625; 0,0390625; 531,1785714285714; 0,08823564
4112; 0,0390625; 0,0390625; 527,9821428571429; 0,087704666
4113; 0,0390625; 0,0390625; 528,4107142857143; 0,08777587
4114; 0,0390625; 0,0390625; 532,9107142857143; 0,088523366
4115; 0,0390625; 0,0390625; 530,8035714285714; 0,088173345
4116; 0,0390625; 0,0390625; 531,2142857142857; 0,08824159
4117; 0,0390625; 0,0390625; 529,6428571428571; 0,08798055
4118; 0,0390625; 0,0390625; 529,8571428571429; 0,08801614
4119; 0,0390625; 0,0390625; 534,2321428571429; 0,08874287
4120; 0,0390625; 0,0390625; 530,0178571428571; 0,08804282
4121; 0,0390625; 0,0390625; 533,5178571428571; 0,08862423
4122; 0,0390625; 0,0390625; 529,5357142857143; 0,08796273
4123; 0,0390625; 0,0390625; 528,3214285714286; 0,087761045
4124; 0,0390625; 0,0390625; 531,9107142857143; 0,08835727
4125; 0,0390625; 0,0390625; 532,0892857142857; 0,08838694
4126; 0,0390625; 0,0390625; 530,4821428571429; 0,08811996
4127; 0,0390625; 0,0390625; 532,1071428571429; 0,08838989
4128; 0,0390625; 0,0390625; 530,8392857142857; 0,08817928
4129; 0,0390625; 0,0390625; 530,6964285714286; 0,088155545
4130; 0,0390625; 0,0390625; 528,2321428571429; 0,08774621
4131; 0,0390625; 0,0390625; 530,7678571428571; 0,08816742
4132; 0,0390625; 0,0390625; 528,1428571428571; 0,08773138
4133; 0,0390625; 0,0390625; 529,6428571428571; 0,087980546
4134; 0,0390625; 0,0390625; 530,8392857142857; 0,0881793
4135; 0,0390625; 0,0390625; 532,9285714285714; 0,088526316
4136; 0,0390625; 0,0390625; 529,7142857142857; 0,08799242
4137; 0,0390625; 0,0390625; 533,7142857142857; 0,08865686
4138; 0,0390625; 0,0390625; 531,5892857142857; 0,088303864
4139; 0,0390625; 0,0390625; 531,9464285714286; 0,08836321
4140; 0,0390625; 0,0390625; 530,5714285714286; 0,08813478
4141; 0,0390625; 0,0390625; 529,7857142857143; 0,08800427
4142; 0,0390625; 0,0390625; 529,8214285714286; 0,08801021
4143; 0,0390625; 0,0390625; 528,6071428571429; 0,0878085
4144; 0,0390625; 0,0390625; 531,7678571428571; 0,088333525
4145; 0,0390625; 0,0390625; 533,8035714285714; 0,0886717
4146; 0,0390625; 0,0390625; 528,7142857142857; 0,0878263
4147; 0,0390625; 0,0390625; 531,5714285714286; 0,08830089
4148; 0,0390625; 0,0390625; 530,7857142857143; 0,08817039
4149; 0,0390625; 0,0390625; 530,625; 0,08814369
4150; 0,0390625; 0,0390625; 532,4821428571429; 0,08845218
4151; 0,0390625; 0,0390625; 529,9285714285714; 0,08802801
4152; 0,0390625; 0,0390625; 530,2142857142857; 0,08807546
4153; 0,0390625; 0,0390625; 528,625; 0,08781146
4154; 0,0390625; 0,0390625; 532,375; 0,088434376
4155; 0,0390625; 0,0390625; 532,5714285714286; 0,08846701
4156; 0,0390625; 0,0390625; 531,3214285714286; 0,08825938
4157; 0,0390625; 0,0390625; 532,3214285714286; 0,08842548
4158; 0,0390625; 0,0390625; 532,1071428571429; 0,088389896
4159; 0,0390625; 0,0390625; 530,9642857142857; 0,08820005
4160; 0,0390625; 0,0390625; 534,1428571428571; 0,08872805
4161; 0,0390625; 0,0390625; 530,6785714285714; 0,088152595
4162; 0,0390625; 0,0390625; 530,6964285714286; 0,08815556
4163; 0,0390625; 0,0390625; 532,4107142857143; 0,08844034
4164; 0,0390625; 0,0390625; 527,25; 0,08758304
4165; 0,0390625; 0,0390625; 527,4464285714286; 0,087615676
4166; 0,0390625; 0,0390625; 532,125; 0,08839285
4167; 0,0390625; 0,0390625; 528,4285714285714; 0,08777883
4168; 0,0390625; 0,0390625; 531,0178571428571; 0,08820896
4169; 0,0390625; 0,0390625; 530,8035714285714; 0,08817335
4170; 0,0390625; 0,0390625; 530,7142857142857; 0,08815854
4171; 0,0390625; 0,0390625; 526,5; 0,087458484
4172; 0,0390625; 0,0390625; 530,7321428571429; 0,08816149
4173; 0,0390625; 0,0390625; 532,7678571428571; 0,08849965
4174; 0,0390625; 0,0390625; 531,8571428571429; 0,088348374
4175; 0,0390625; 0,0390625; 532,4285714285714; 0,08844329
4176; 0,0390625; 0,0390625; 533,6785714285714; 0,08865093
4177; 0,0390625; 0,0390625; 531,8214285714286; 0,08834243
4178; 0,0390625; 0,0390625; 528,8392857142857; 0,08784707
4179; 0,0390625; 0,0390625; 530,2321428571429; 0,08807843
4180; 0,0390625; 0,0390625; 529,9285714285714; 0,08802801
4181; 0,0390625; 0,0390625; 530,3035714285714; 0,0880903
4182; 0,0390625; 0,0390625; 529,4107142857143; 0,087942
4183; 0,0390625; 0,0390625; 531,0178571428571; 0,088208936
4184; 0,0390625; 0,0390625; 528,9642857142857; 0,08786781
4185; 0,0390625; 0,0390625; 531,1964285714286; 0,08823861
4186; 0,0390625; 0,0390625; 534,2321428571429; 0,088742875
4187; 0,0390625; 0,0390625; 532,8571428571429; 0,088514484
4188; 0,0390625; 0,0390625; 530,0178571428571; 0,08804284
4189; 0,0390625; 0,0390625; 530,0892857142857; 0,08805472
4190; 0,0390625; 0,0390625; 533,4821428571429; 0,0886183
4191; 0,0390625; 0,0390625; 526,9642857142857; 0,0875356
4192; 0,0390625; 0,0390625; 527,6071428571429; 0,08764239
4193; 0,0390625; 0,0390625; 531,0714285714286; 0,08821785
4194; 0,0390625; 0,0390625; 532,3214285714286; 0,08842547
4195; 0,0390625; 0,0390625; 528,7857142857143; 0,08783816
4196; 0,0390625; 0,0390625; 530,2678571428571; 0,08808438
4197; 0,0390625; 0,0390625; 529,875; 0,08801911
4198; 0,0390625; 0,0390625; 529,3571428571429; 0,08793306
4199; 0,0390625; 0,0390625; 530,25; 0,0880814
4200; 0,0390625; 0,0390625; 529,5357142857143; 0,087962754
4201; 0,0390625; 0,0390625; 533,4285714285714; 0,0886094
4202; 0,0390625; 0,0390625; 531,9821428571429; 0,08836913
4203; 0,0390625; 0,0390625; 529,1428571428571; 0,087897494
4204; 0,0390625; 0,0390625; 530,8035714285714; 0,08817335
4205; 0,0390625; 0,0390625; 531,625; 0,0883098
4206; 0,0390625; 0,0390625; 529,5535714285714; 0,08796573
4207; 0,0390625; 0,0390625; 531,1785714285714; 0,088235654
4208; 0,0390625; 0,0390625; 527,8035714285714; 0,08767502
4209; 0,0390625; 0,0390625; 531,5178571428571; 0,08829201
4210; 0,0390625; 0,0390625; 532,1607142857143; 0,08839881
4211; 0,0390625; 0,0390625; 534,5535714285714; 0,08879627
4212; 0,0390625; 0,0390625; 531,7321428571429; 0,08832761
4213; 0,0390625; 0,0390625; 528,375; 0,08776993
4214; 0,0390625; 0,0390625; 531,5357142857143; 0,08829499
4215; 0,0390625; 0,0390625; 529,4464285714286; 0,08794792
4216; 0,0390625; 0,0390625; 532,3035714285714; 0,08842254
4217; 0,0390625; 0,0390625; 529,8214285714286; 0,088010214
4218; 0,0390625; 0,0390625; 529,875; 0,08801911
4219; 0,0390625; 0,0390625; 533,0; 0,08853819
4220; 0,0390625; 0,0390625; 531,4285714285714; 0,088277176
4221; 0,0390625; 0,0390625; 533,8035714285714; 0,088671684
4222; 0,0390625; 0,0390625; 530,4285714285714; 0,088111065
4223; 0,0390625; 0,0390625; 530,8214285714286; 0,088176325
4224; 0,0390625; 0,0390625; 531,2857142857143; 0,088253446
4225; 0,0390625; 0,0390625; 534,875; 0,08884967
4226; 0,0390625; 0,0390625; 529,1071428571429; 0,08789157
4227; 0,0390625; 0,0390625; 530,9464285714286; 0,08819707
4228; 0,0390625; 0,0390625; 531,375; 0,08826828
4229; 0,0390625; 0,0390625; 529,3571428571429; 0,08793308
4230; 0,0390625; 0,0390625; 531,2678571428571; 0,08825046
4231; 0,0390625; 0,0390625; 528,0; 0,08770764
4232; 0,0390625; 0,0390625; 532,6964285714286; 0,0884878
4233; 0,0390625; 0,0390625; 531,0357142857143; 0,08821192
4234; 0,0390625; 0,0390625; 534,2142857142857; 0,08873992
4235; 0,0390625; 0,0390625; 532,2142857142857; 0,08840768
4236; 0,0390625; 0,0390625; 528,8214285714286; 0,087844096
4237; 0,0390625; 0,0390625; 530,25; 0,08808138
4238; 0,0390625; 0,0390625; 531,3035714285714; 0,08825642
4239; 0,0390625; 0,0390625; 531,0892857142857; 0,088220835
4240; 0,0390625; 0,0390625; 531,6964285714286; 0,08832168
4241; 0,0390625; 0,0390625; 531,9642857142857; 0,088366166
4242; 0,0390625; 0,0390625; 532,1071428571429; 0,088389896
4243; 0,0390625; 0,0390625; 533,0535714285714; 0,08854712
4244; 0,0390625; 0,0390625; 528,9107142857143; 0,087858915
4245; 0,0390625; 0,0390625; 528,5178571428571; 0,08779367
4246; 0,0390625; 0,0390625; 528,7142857142857; 0,08782629
4247; 0,0390625; 0,0390625; 527,7678571428571; 0,08766908
4248; 0,0390625; 0,0390625; 526,6964285714286; 0,08749111
4249; 0,0390625; 0,0390625; 530,4821428571429; 0,08811996
4250; 0,0390625; 0,0390625; 530,5892857142857; 0,08813777
4251; 0,0390625; 0,0390625; 532,875; 0,088517435
4252; 0,0390625; 0,0390625; 528,875; 0,08785299
4253; 0,0390625; 0,0390625; 531,25; 0,088247515
4254; 0,0390625; 0,0390625; 532,1428571428571; 0,08839584
4255; 0,0390625; 0,0390625; 531,8571428571429; 0,08834837
4256; 0,0390625; 0,0390625; 527,6428571428571; 0,087648325
4257; 0,0390625; 0,0390625; 527,2857142857143; 0,087589
4258; 0,0390625; 0,0390625; 528,9285714285714; 0,087861896
4259; 0,0390625; 0,0390625; 534,8392857142857; 0,08884374
4260; 0,0390625; 0,0390625; 529,2857142857143; 0,08792121
4261; 0,0390625; 0,0390625; 528,4821428571429; 0,087787725
4262; 0,0390625; 0,0390625; 532,4642857142857; 0,08844922
4263; 0,0390625; 0,0390625; 530,3928571428571; 0,08810512
4264; 0,0390625; 0,0390625; 532,4642857142857; 0,0884492
4265; 0,0390625; 0,0390625; 530,5892857142857; 0,08813775
4266; 0,0390625; 0,0390625; 531,9107142857143; 0,088357255
4267; 0,0390625; 0,0390625; 528,1607142857143; 0,08773434
4268; 0,0390625; 0,0390625; 531,2857142857143; 0,08825345
4269; 0,0390625; 0,0390625; 529,5357142857143; 0,087962754
4270; 0,0390625; 0,0390625; 529,0178571428571; 0,087876715
4271; 0,0390625; 0,0390625; 532,9821428571429; 0,08853524
4272; 0,0390625; 0,0390625; 531,4107142857143; 0,08827419
4273; 0,0390625; 0,0390625; 531,1964285714286; 0,08823861
4274; 0,0390625; 0,0390625; 528,125; 0,0877284
4275; 0,0390625; 0,0390625; 531,25; 0,088247515
4276; 0,0390625; 0,0390625; 531,7678571428571; 0,08833354
4277; 0,0390625; 0,0390625; 531,3035714285714; 0,08825642
4278; 0,0390625; 0,0390625; 529,375; 0,08793605
4279; 0,0390625; 0,0390625; 529,2142857142857; 0,08790934
4280; 0,0390625; 0,0390625; 533,5; 0,088621266
4281; 0,0390625; 0,0390625; 528,7857142857143; 0,087838165
4282; 0,0390625; 0,0390625; 531,1428571428571; 0,08822972
4283; 0,0390625; 0,0390625; 529,6785714285714; 0,08798648
4284; 0,0390625; 0,0390625; 531,7857142857143; 0,08833649
4285; 0,0390625; 0,0390625; 530,8214285714286; 0,08817631
4286; 0,0390625; 0,0390625; 529,2321428571429; 0,08791233
4287; 0,0390625; 0,0390625; 528,1785714285714; 0,0877373
4288; 0,0390625; 0,0390625; 531,6964285714286; 0,08832166
4289; 0,0390625; 0,0390625; 532,8571428571429; 0,088514484
4290; 0,0390625; 0,0390625; 532,7678571428571; 0,08849964
4291; 0,0390625; 0,0390625; 531,875; 0,08835133
4292; 0,0390625; 0,0390625; 529,0535714285714; 0,087882675
4293; 0,0390625; 0,0390625; 527,5; 0,08762459
4294; 0,0390625; 0,0390625; 530,25; 0,088081405
4295; 0,0390625; 0,0390625; 530,2678571428571; 0,08808436
4296; 0,0390625; 0,0390625; 530,0535714285714; 0,08804877
4297; 0,0390625; 0,0390625; 529,4285714285714; 0,08794494
4298; 0,0390625; 0,0390625; 531,7321428571429; 0,0883276
4299; 0,0390625; 0,0390625; 532,5357142857143; 0,08846108
4300; 0,0390625; 0,0390625; 526,9464285714286; 0,08753262
4301; 0,0390625; 0,0390625; 532,7857142857143; 0,08850261
4302; 0,0390625; 0,0390625; 528,4107142857143; 0,08777588
4303; 0,0390625; 0,0390625; 530,5; 0,08812293
4304; 0,0390625; 0,0390625; 526,8571428571429; 0,0875178
4305; 0,0390625; 0,0390625; 529,7678571428571; 0,08800131
4306; 0,0390625; 0,0390625; 527,7142857142857; 0,087660186
4307; 0,0390625; 0,0390625; 527,5357142857143; 0,08763051
4308; 0,0390625; 0,0390625; 528,8214285714286; 0,08784408
4309; 0,0390625; 0,0390625; 528,5; 0,08779071
4310; 0,0390625; 0,0390625; 531,9642857142857; 0,08836616
4311; 0,0390625; 0,0390625; 528,3928571428571; 0,08777291
4312; 0,0390625; 0,0390625; 529,5; 0,08795683
4313; 0,0390625; 0,0390625; 531,9285714285714; 0,088360235
4314; 0,0390625; 0,0390625; 532,7857142857143; 0,08850262
4315; 0,0390625; 0,0390625; 529,0535714285714; 0,08788265
4316; 0,0390625; 0,0390625; 531,5892857142857; 0,08830388
4317; 0,0390625; 0,0390625; 529,9821428571429; 0,0880369
4318; 0,0390625; 0,0390625; 530,3571428571429; 0,08809919
4319; 0,0390625; 0,0390625; 532,6428571428571; 0,08847888
4320; 0,0390625; 0,0390625; 530,3928571428571; 0,088105135
4321; 0,0390625; 0,0390625; 530,9107142857143; 0,08819115
4322; 0,0390625; 0,0390625; 529,0535714285714; 0,08788265
4323; 0,0390625; 0,0390625; 532,125; 0,08839287
4324; 0,0390625; 0,0390625; 530,5; 0,08812292
4325; 0,0390625; 0,0390625; 529,9285714285714; 0,088028
4326; 0,0390625; 0,0390625; 532,0; 0,0883721
4327; 0,0390625; 0,0390625; 532,6964285714286; 0,08848777
4328; 0,0390625; 0,0390625; 529,6607142857143; 0,087983504
4329; 0,0390625; 0,0390625; 531,0357142857143; 0,08821191
4330; 0,0390625; 0,0390625; 529,9464285714286; 0,08803095
4331; 0,0390625; 0,0390625; 530,7142857142857; 0,08815851
4332; 0,0390625; 0,0390625; 531,4107142857143; 0,088274196
4333; 0,0390625; 0,0390625; 530,0357142857143; 0,0880458
4334; 0,0390625; 0,0390625; 531,9285714285714; 0,08836021
4335; 0,0390625; 0,0390625; 532,2678571428571; 0,088416584
4336; 0,0390625; 0,0390625; 530,6428571428571; 0,088146664
4337; 0,0390625; 0,0390625; 532,6428571428571; 0,0884789
4338; 0,0390625; 0,0390625; 528,7678571428571; 0,087835185
4339; 0,0390625; 0,0390625; 528,6428571428571; 0,087814435
4340; 0,0390625; 0,0390625; 529,1964285714286; 0,087906376
4341; 0,0390625; 0,0390625; 531,125; 0,08822674
4342; 0,0390625; 0,0390625; 529,7678571428571; 0,0880013
4343; 0,0390625; 0,0390625; 529,9107142857143; 0,08802504
4344; 0,0390625; 0,0390625; 529,6607142857143; 0,08798351
4345; 0,0390625; 0,0390625; 528,7857142857143; 0,08783815
4346; 0,0390625; 0,0390625; 530,375; 0,08810214
4347; 0,0390625; 0,0390625; 528,4107142857143; 0,08777588
4348; 0,0390625; 0,0390625; 530,1785714285714; 0,08806952
4349; 0,0390625; 0,0390625; 530,9464285714286; 0,088197075
4350; 0,0390625; 0,0390625; 526,6607142857143; 0,08748517
4351; 0,0390625; 0,0390625; 528,7142857142857; 0,08782629
4352; 0,0390625; 0,0390625; 529,8392857142857; 0,08801318
4353; 0,0390625; 0,0390625; 529,1785714285714; 0,08790342
4354; 0,0390625; 0,0390625; 526,5; 0,087458454
4355; 0,0390625; 0,0390625; 529,7321428571429; 0,08799537
4356; 0,0390625; 0,0390625; 530,7678571428571; 0,08816743
4357; 0,0390625; 0,0390625; 532,6607142857143; 0,088481836
4358; 0,0390625; 0,0390625; 529,625; 0,08797759
4359; 0,0390625; 0,0390625; 527,5714285714286; 0,087636456
4360; 0,0390625; 0,0390625; 531,1071428571429; 0,08822379
4361; 0,0390625; 0,0390625; 530,5535714285714; 0,08813183
4362; 0,0390625; 0,0390625; 530,3928571428571; 0,088105135
4363; 0,0390625; 0,0390625; 531,3035714285714; 0,0882564
4364; 0,0390625; 0,0390625; 531,1071428571429; 0,08822378
4365; 0,0390625; 0,0390625; 530,7142857142857; 0,08815851
4366; 0,0390625; 0,0390625; 528,0178571428571; 0,08771062
4367; 0,0390625; 0,0390625; 531,4285714285714; 0,088277176
4368; 0,0390625; 0,0390625; 530,8928571428571; 0,08818818
4369; 0,0390625; 0,0390625; 528,3392857142857; 0,08776399
4370; 0,0390625; 0,0390625; 531,7678571428571; 0,08833354
4371; 0,0390625; 0,0390625; 531,5; 0,088289015
4372; 0,0390625; 0,0390625; 531,0; 0,088205986
4373; 0,0390625; 0,0390625; 530,0535714285714; 0,08804877
4374; 0,0390625; 0,0390625; 535,0535714285714; 0,08887933
4375; 0,0390625; 0,0390625; 531,3214285714286; 0,088259384
4376; 0,0390625; 0,0390625; 533,0178571428571; 0,088541165
4377; 0,0390625; 0,0390625; 532,3392857142857; 0,08842846
4378; 0,0390625; 0,0390625; 528,8928571428571; 0,08785597
4379; 0,0390625; 0,0390625; 529,7321428571429; 0,087995395
4380; 0,0390625; 0,0390625; 531,6607142857143; 0,08831573
4381; 0,0390625; 0,0390625; 532,9464285714286; 0,0885293
4382; 0,0390625; 0,0390625; 530,0; 0,08803988
4383; 0,0390625; 0,0390625; 529,3571428571429; 0,08793308
4384; 0,0390625; 0,0390625; 528,2321428571429; 0,0877462
4385; 0,0390625; 0,0390625; 528,5892857142857; 0,08780553
4386; 0,0390625; 0,0390625; 531,6964285714286; 0,08832167
4387; 0,0390625; 0,0390625; 532,4285714285714; 0,08844329
4388; 0,0390625; 0,0390625; 530,5535714285714; 0,08813182
4389; 0,0390625; 0,0390625; 530,75; 0,08816445
4390; 0,0390625; 0,0390625; 530,1071428571429; 0,08805765
4391; 0,0390625; 0,0390625; 530,3928571428571; 0,08810513
4392; 0,0390625; 0,0390625; 529,0357142857143; 0,087879695
4393; 0,0390625; 0,0390625; 530,25; 0,08808141
4394; 0,0390625; 0,0390625; 530,5535714285714; 0,08813183
4395; 0,0390625; 0,0390625; 529,9285714285714; 0,088028006
4396; 0,0390625; 0,0390625; 533,375; 0,0886005
4397; 0,0390625; 0,0390625; 527,8571428571429; 0,08768391
4398; 0,0390625; 0,0390625; 534,0535714285714; 0,08871322
4399; 0,0390625; 0,0390625; 532,625; 0,0884759
4400; 0,0390625; 0,0390625; 533,1785714285714; 0,088567875
4401; 0,0390625; 0,0390625; 527,0; 0,08754156
4402; 0,0390625; 0,0390625; 531,375; 0,08826824
4403; 0,0390625; 0,0390625; 529,4642857142857; 0,087950885
4404; 0,0390625; 0,0390625; 529,9821428571429; 0,08803691
4405; 0,0390625; 0,0390625; 535,7142857142857; 0,08898908
4406; 0,0390625; 0,0390625; 529,8035714285714; 0,08800725
4407; 0,0390625; 0,0390625; 530,2142857142857; 0,08807547
4408; 0,0390625; 0,0390625; 529,6428571428571; 0,087980546
4409; 0,0390625; 0,0390625; 531,3214285714286; 0,08825938
4410; 0,0390625; 0,0390625; 531,4464285714286; 0,088280134
4411; 0,0390625; 0,0390625; 533,0535714285714; 0,0885471
4412; 0,0390625; 0,0390625; 528,8392857142857; 0,08784706
4413; 0,0390625; 0,0390625; 529,1428571428571; 0,087897494
4414; 0,0390625; 0,0390625; 531,5714285714286; 0,0883009
4415; 0,0390625; 0,0390625; 531,9821428571429; 0,08836913
4416; 0,0390625; 0,0390625; 528,9642857142857; 0,08786782
4417; 0,0390625; 0,0390625; 529,7142857142857; 0,087992415
4418; 0,0390625; 0,0390625; 529,5357142857143; 0,08796275
4419; 0,0390625; 0,0390625; 531,8928571428571; 0,088354304
4420; 0,0390625; 0,0390625; 528,5357142857143; 0,08779664
4421; 0,0390625; 0,0390625; 531,4821428571429; 0,08828608
4422; 0,0390625; 0,0390625; 529,4642857142857; 0,087950885
4423; 0,0390625; 0,0390625; 531,3928571428571; 0,088271245
4424; 0,0390625; 0,0390625; 532,0535714285714; 0,08838099
4425; 0,0390625; 0,0390625; 528,7857142857143; 0,08783817
4426; 0,0390625; 0,0390625; 526,8214285714286; 0,08751186
4427; 0,0390625; 0,0390625; 528,8214285714286; 0,08784409
4428; 0,0390625; 0,0390625; 529,5714285714286; 0,08796867
4429; 0,0390625; 0,0390625; 527,9642857142857; 0,087701716
4430; 0,0390625; 0,0390625; 528,8035714285714; 0,087841116
4431; 0,0390625; 0,0390625; 531,2678571428571; 0,08825048
4432; 0,0390625; 0,0390625; 532,2678571428571; 0,08841659
4433; 0,0390625; 0,0390625; 528,25; 0,08774919
4434; 0,0390625; 0,0390625; 530,125; 0,088060625
4435; 0,0390625; 0,0390625; 529,4821428571429; 0,087953866
4436; 0,0390625; 0,0390625; 527,9107142857143; 0,08769282
4437; 0,0390625; 0,0390625; 529,7142857142857; 0,087992415
4438; 0,0390625; 0,0390625; 530,9821428571429; 0,088203005
4439; 0,0390625; 0,0390625; 530,5535714285714; 0,08813183
4440; 0,0390625; 0,0390625; 529,9464285714286; 0,08803097
4441; 0,0390625; 0,0390625; 531,9642857142857; 0,088366166
4442; 0,0390625; 0,0390625; 529,7678571428571; 0,0880013
4443; 0,0390625; 0,0390625; 529,6428571428571; 0,08798055
4444; 0,0390625; 0,0390625; 530,1964285714286; 0,088072486
4445; 0,0390625; 0,0390625; 536,1071428571429; 0,08905435
4446; 0,0390625; 0,0390625; 530,5357142857143; 0,08812885
4447; 0,0390625; 0,0390625; 527,6071428571429; 0,08764238
4448; 0,0390625; 0,0390625; 534,8392857142857; 0,08884372
4449; 0,0390625; 0,0390625; 530,6428571428571; 0,08814665
4450; 0,0390625; 0,0390625; 528,2321428571429; 0,0877462
4451; 0,0390625; 0,0390625; 530,1964285714286; 0,08807249
4452; 0,0390625; 0,0390625; 532,6071428571429; 0,088472955
4453; 0,0390625; 0,0390625; 530,5535714285714; 0,08813183
4454; 0,0390625; 0,0390625; 533,0892857142857; 0,088553034
4455; 0,0390625; 0,0390625; 527,6607142857143; 0,0876513
4456; 0,0390625; 0,0390625; 531,9107142857143; 0,088357255
4457; 0,0390625; 0,0390625; 528,875; 0,08785299
4458; 0,0390625; 0,0390625; 531,1964285714286; 0,088238604
4459; 0,0390625; 0,0390625; 531,1785714285714; 0,08823564
4460; 0,0390625; 0,0390625; 532,2678571428571; 0,0884166
4461; 0,0390625; 0,0390625; 529,2321428571429; 0,087912306
4462; 0,0390625; 0,0390625; 530,3928571428571; 0,08810513
4463; 0,0390625; 0,0390625; 529,1785714285714; 0,08790342
4464; 0,0390625; 0,0390625; 533,8571428571429; 0,08868058
4465; 0,0390625; 0,0390625; 531,9107142857143; 0,08835727
4466; 0,0390625; 0,0390625; 530,9107142857143; 0,088191144
4467; 0,0390625; 0,0390625; 532,6785714285714; 0,08848481
4468; 0,0390625; 0,0390625; 532,875; 0,08851744
4469; 0,0390625; 0,0390625; 531,4464285714286; 0,08828014
4470; 0,0390625; 0,0390625; 531,9821428571429; 0,08836914
4471; 0,0390625; 0,0390625; 530,9821428571429; 0,08820303
4472; 0,0390625; 0,0390625; 531,3928571428571; 0,088271245
4473; 0,0390625; 0,0390625; 530,3035714285714; 0,08809029
4474; 0,0390625; 0,0390625; 530,9642857142857; 0,08820007
4475; 0,0390625; 0,0390625; 530,1428571428571; 0,08806359
4476; 0,0390625; 0,0390625; 530,8035714285714; 0,08817335
4477; 0,0390625; 0,0390625; 532,1785714285714; 0,08840177
4478; 0,0390625; 0,0390625; 530,3392857142857; 0,088096224
4479; 0,0390625; 0,0390625; 529,1785714285714; 0,0879034
4480; 0,0390625; 0,0390625; 532,1071428571429; 0,08838989
4481; 0,0390625; 0,0390625; 528,5357142857143; 0,08779663
4482; 0,0390625; 0,0390625; 530,9821428571429; 0,08820301
4483; 0,0390625; 0,0390625; 528,7857142857143; 0,08783816
4484; 0,0390625; 0,0390625; 534,9285714285714; 0,08885857
4485; 0,0390625; 0,0390625; 528,9821428571429; 0,087870784
4486; 0,0390625; 0,0390625; 532,0178571428571; 0,08837507
4487; 0,0390625; 0,0390625; 530,5714285714286; 0,0881348
4488; 0,0390625; 0,0390625; 532,8928571428571; 0,088520385
4489; 0,0390625; 0,0390625; 533,2321428571429; 0,08857677
4490; 0,0390625; 0,0390625; 529,9642857142857; 0,08803395
4491; 0,0390625; 0,0390625; 527,5357142857143; 0,087630525
4492; 0,0390625; 0,0390625; 530,3214285714286; 0,08809326
4493; 0,0390625; 0,0390625; 531,7678571428571; 0,088333525
4494; 0,0390625; 0,0390625; 530,1607142857143; 0,08806658
4495; 0,0390625; 0,0390625; 532,9107142857143; 0,08852338
4496; 0,0390625; 0,0390625; 529,75; 0,087998345
4497; 0,0390625; 0,0390625; 528,8571428571429; 0,08785003
4498; 0,0390625; 0,0390625; 527,5535714285714; 0,08763348
4499; 0,0390625; 0,0390625; 525,5892857142857; 0,08730721
4500; 0,0390625; 0,0390625; 531,1785714285714; 0,08823566
4501; 0,0390625; 0,0390625; 531,0; 0,088205986
4502; 0,0390625; 0,0390625; 529,1785714285714; 0,087903425
4503; 0,0390625; 0,0390625; 531,6964285714286; 0,08832167
4504; 0,0390625; 0,0390625; 530,8928571428571; 0,08818819
4505; 0,0390625; 0,0390625; 529,2321428571429; 0,08791233
4506; 0,0390625; 0,0390625; 530,0535714285714; 0,088048756
4507; 0,0390625; 0,0390625; 527,9285714285714; 0,08769578
4508; 0,0390625; 0,0390625; 529,875; 0,08801912
4509; 0,0390625; 0,0390625; 530,2321428571429; 0,08807843
4510; 0,0390625; 0,0390625; 531,7321428571429; 0,0883276
4511; 0,0390625; 0,0390625; 529,5; 0,08795679
4512; 0,0390625; 0,0390625; 532,8928571428571; 0,088520415
4513; 0,0390625; 0,0390625; 530,2678571428571; 0,08808436
4514; 0,0390625; 0,0390625; 529,4821428571429; 0,08795386
4515; 0,0390625; 0,0390625; 529,3571428571429; 0,08793308
4516; 0,0390625; 0,0390625; 529,6785714285714; 0,08798648
4517; 0,0390625; 0,0390625; 532,6607142857143; 0,08848185
4518; 0,0390625; 0,0390625; 530,8928571428571; 0,088188194
4519; 0,0390625; 0,0390625; 526,9464285714286; 0,08753264
4520; 0,0390625; 0,0390625; 529,8214285714286; 0,08801021
4521; 0,0390625; 0,0390625; 533,4821428571429; 0,08861829
4522; 0,0390625; 0,0390625; 530,2857142857143; 0,08808733
4523; 0,0390625; 0,0390625; 529,125; 0,08789454
4524; 0,0390625; 0,0390625; 529,7857142857143; 0,08800427
4525; 0,0390625; 0,0390625; 527,125; 0,08756228
4526; 0,0390625; 0,0390625; 535,6071428571429; 0,0889713
4527; 0,0390625; 0,0390625; 535,1964285714286; 0,08890307
4528; 0,0390625; 0,0390625; 532,3392857142857; 0,08842845
4529; 0,0390625; 0,0390625; 529,125; 0,08789454
4530; 0,0390625; 0,0390625; 529,625; 0,08797757
4531; 0,0390625; 0,0390625; 533,7857142857143; 0,08866873
4532; 0,0390625; 0,0390625; 529,75; 0,08799834
4533; 0,0390625; 0,0390625; 533,5714285714286; 0,08863311
4534; 0,0390625; 0,0390625; 531,5535714285714; 0,08829795
4535; 0,0390625; 0,0390625; 531,25; 0,08824752
4536; 0,0390625; 0,0390625; 531,2857142857143; 0,08825344
4537; 0,0390625; 0,0390625; 528,6071428571429; 0,0878085
4538; 0,0390625; 0,0390625; 529,5178571428571; 0,087959774
4539; 0,0390625; 0,0390625; 530,0535714285714; 0,08804876
4540; 0,0390625; 0,0390625; 530,375; 0,08810215
4541; 0,0390625; 0,0390625; 528,0178571428571; 0,08771061
4542; 0,0390625; 0,0390625; 529,0357142857143; 0,087879695
4543; 0,0390625; 0,0390625; 530,7142857142857; 0,088158526
4544; 0,0390625; 0,0390625; 529,6964285714286; 0,08798944
4545; 0,0390625; 0,0390625; 527,375; 0,08760382
4546; 0,0390625; 0,0390625; 531,0714285714286; 0,08821784
4547; 0,0390625; 0,0390625; 530,5892857142857; 0,08813775
4548; 0,0390625; 0,0390625; 530,2321428571429; 0,08807843
4549; 0,0390625; 0,0390625; 532,1428571428571; 0,08839583
4550; 0,0390625; 0,0390625; 531,8214285714286; 0,08834243
4551; 0,0390625; 0,0390625; 528,1964285714286; 0,08774025
4552; 0,0390625; 0,0390625; 530,8928571428571; 0,08818817
4553; 0,0390625; 0,0390625; 529,3214285714286; 0,08792716
4554; 0,0390625; 0,0390625; 534,25; 0,08874584
4555; 0,0390625; 0,0390625; 530,375; 0,08810216
4556; 0,0390625; 0,0390625; 530,1071428571429; 0,088057674
4557; 0,0390625; 0,0390625; 531,0; 0,08820599
4558; 0,0390625; 0,0390625; 529,6964285714286; 0,08798945
4559; 0,0390625; 0,0390625; 528,4285714285714; 0,08777883
4560; 0,0390625; 0,0390625; 530,8214285714286; 0,08817631
4561; 0,0390625; 0,0390625; 528,7321428571429; 0,087829255
4562; 0,0390625; 0,0390625; 530,4821428571429; 0,08811995
4563; 0,0390625; 0,0390625; 529,5535714285714; 0,08796572
4564; 0,0390625; 0,0390625; 532,1785714285714; 0,08840175
4565; 0,0390625; 0,0390625; 531,4642857142857; 0,08828311
4566; 0,0390625; 0,0390625; 530,1071428571429; 0,08805765
4567; 0,0390625; 0,0390625; 531,7678571428571; 0,08833353
4568; 0,0390625; 0,0390625; 528,625; 0,08781147
4569; 0,0390625; 0,0390625; 530,1607142857143; 0,08806657
4570; 0,0390625; 0,0390625; 529,75; 0,087998345
4571; 0,0390625; 0,0390625; 528,9285714285714; 0,087861896
4572; 0,0390625; 0,0390625; 532,3392857142857; 0,088428445
4573; 0,0390625; 0,0390625; 530,2142857142857; 0,088075474
4574; 0,0390625; 0,0390625; 530,1607142857143; 0,08806657
4575; 0,0390625; 0,0390625; 530,9821428571429; 0,08820301
4576; 0,0390625; 0,0390625; 528,1428571428571; 0,08773136
4577; 0,0390625; 0,0390625; 528,9107142857143; 0,08785893
4578; 0,0390625; 0,0390625; 530,0357142857143; 0,08804579
4579; 0,0390625; 0,0390625; 531,625; 0,08830981
4580; 0,0390625; 0,0390625; 531,5714285714286; 0,088300884
4581; 0,0390625; 0,0390625; 530,3392857142857; 0,08809622
4582; 0,0390625; 0,0390625; 529,7678571428571; 0,088001296
4583; 0,0390625; 0,0390625; 533,0714285714286; 0,08855008
4584; 0,0390625; 0,0390625; 529,9642857142857; 0,08803393
4585; 0,0390625; 0,0390625; 528,5357142857143; 0,087796636
4586; 0,0390625; 0,0390625; 529,7678571428571; 0,08800131
4587; 0,0390625; 0,0390625; 531,6964285714286; 0,08832168
4588; 0,0390625; 0,0390625; 529,8392857142857; 0,08801317
4589; 0,0390625; 0,0390625; 532,5357142857143; 0,0884611
4590; 0,0390625; 0,0390625; 531,75; 0,08833055
4591; 0,0390625; 0,0390625; 532,6428571428571; 0,08847888
4592; 0,0390625; 0,0390625; 532,1428571428571; 0,08839583
4593; 0,0390625; 0,0390625; 530,5714285714286; 0,08813477
4594; 0,0390625; 0,0390625; 531,3571428571429; 0,08826531
4595; 0,0390625; 0,0390625; 528,0178571428571; 0,08771061
4596; 0,0390625; 0,0390625; 530,2321428571429; 0,088078424
4597; 0,0390625; 0,0390625; 530,2678571428571; 0,08808435
4598; 0,0390625; 0,0390625; 526,0178571428571; 0,087378375
4599; 0,0390625; 0,0390625; 529,9642857142857; 0,08803394
4600; 0,0390625; 0,0390625; 530,6785714285714; 0,08815259
4601; 0,0390625; 0,0390625; 530,0; 0,088039875
4602; 0,0390625; 0,0390625; 531,1964285714286; 0,08823861
4603; 0,0390625; 0,0390625; 532,4285714285714; 0,088443294
4604; 0,0390625; 0,0390625; 531,5535714285714; 0,088297926
4605; 0,0390625; 0,0390625; 532,4285714285714; 0,08844328
4606; 0,0390625; 0,0390625; 528,1428571428571; 0,08773137
4607; 0,0390625; 0,0390625; 530,5714285714286; 0,08813481
4608; 0,0390625; 0,0390625; 531,5892857142857; 0,08830387
4609; 0,0390625; 0,0390625; 531,3214285714286; 0,088259384
4610; 0,0390625; 0,0390625; 530,3035714285714; 0,08809031
4611; 0,0390625; 0,0390625; 532,0357142857143; 0,088378035
4612; 0,0390625; 0,0390625; 529,6428571428571; 0,087980546
4613; 0,0390625; 0,0390625; 530,375; 0,08810217
4614; 0,0390625; 0,0390625; 527,7857142857143; 0,08767204
4615; 0,0390625; 0,0390625; 531,2857142857143; 0,08825344
4616; 0,0390625; 0,0390625; 532,0892857142857; 0,08838693
4617; 0,0390625; 0,0390625; 530,3928571428571; 0,088105135
4618; 0,0390625; 0,0390625; 527,125; 0,08756231
4619; 0,0390625; 0,0390625; 527,625; 0,08764535
4620; 0,0390625; 0,0390625; 529,7142857142857; 0,08799241
4621; 0,0390625; 0,0390625; 531,9464285714286; 0,088363215
4622; 0,0390625; 0,0390625; 529,5357142857143; 0,08796275
4623; 0,0390625; 0,0390625; 532,6964285714286; 0,08848778
4624; 0,0390625; 0,0390625; 527,375; 0,08760382
4625; 0,0390625; 0,0390625; 531,5714285714286; 0,088300906
4626; 0,0390625; 0,0390625; 529,4821428571429; 0,08795385
4627; 0,0390625; 0,0390625; 529,4821428571429; 0,08795384
4628; 0,0390625; 0,0390625; 528,1964285714286; 0,087740295
4629; 0,0390625; 0,0390625; 529,1785714285714; 0,08790342
4630; 0,0390625; 0,0390625; 528,7678571428571; 0,08783519
4631; 0,0390625; 0,0390625; 532,6071428571429; 0,08847296
4632; 0,0390625; 0,0390625; 532,5714285714286; 0,08846701
4633; 0,0390625; 0,0390625; 529,0; 0,08787376
4634; 0,0390625; 0,0390625; 528,9642857142857; 0,08786784
4635; 0,0390625; 0,0390625; 529,1428571428571; 0,08789749
4636; 0,0390625; 0,0390625; 530,7678571428571; 0,08816742
4637; 0,0390625; 0,0390625; 534,7321428571429; 0,08882594
4638; 0,0390625; 0,0390625; 530,9821428571429; 0,08820301
4639; 0,0390625; 0,0390625; 530,7142857142857; 0,08815853
4640; 0,0390625; 0,0390625; 529,8214285714286; 0,088010214
4641; 0,0390625; 0,0390625; 534,6964285714286; 0,08882
4642; 0,0390625; 0,0390625; 529,8214285714286; 0,0880102
4643; 0,0390625; 0,0390625; 528,9642857142857; 0,08786783
4644; 0,0390625; 0,0390625; 530,0357142857143; 0,08804579
4645; 0,0390625; 0,0390625; 530,0714285714286; 0,08805174
4646; 0,0390625; 0,0390625; 531,6428571428571; 0,08831277
4647; 0,0390625; 0,0390625; 530,3214285714286; 0,08809326
4648; 0,0390625; 0,0390625; 530,5178571428571; 0,08812589
4649; 0,0390625; 0,0390625; 527,9107142857143; 0,08769281
4650; 0,0390625; 0,0390625; 530,2857142857143; 0,08808734
4651; 0,0390625; 0,0390625; 527,3035714285714; 0,08759195
4652; 0,0390625; 0,0390625; 531,8392857142857; 0,08834541
4653; 0,0390625; 0,0390625; 530,8392857142857; 0,088179275
4654; 0,0390625; 0,0390625; 529,2857142857143; 0,08792121
4655; 0,0390625; 0,0390625; 530,0892857142857; 0,088054694
4656; 0,0390625; 0,0390625; 533,0178571428571; 0,08854117
4657; 0,0390625; 0,0390625; 527,6607142857143; 0,08765127
4658; 0,0390625; 0,0390625; 532,1428571428571; 0,08839582
4659; 0,0390625; 0,0390625; 531,6428571428571; 0,08831276
4660; 0,0390625; 0,0390625; 530,8214285714286; 0,08817631
4661; 0,0390625; 0,0390625; 527,6964285714286; 0,08765723
4662; 0,0390625; 0,0390625; 529,0892857142857; 0,08788859
4663; 0,0390625; 0,0390625; 530,2142857142857; 0,08807547
4664; 0,0390625; 0,0390625; 529,0714285714286; 0,087885626
4665; 0,0390625; 0,0390625; 529,125; 0,08789452
4666; 0,0390625; 0,0390625; 529,625; 0,08797757
4667; 0,0390625; 0,0390625; 530,3035714285714; 0,08809029
4668; 0,0390625; 0,0390625; 528,7142857142857; 0,087826304
4669; 0,0390625; 0,0390625; 530,5535714285714; 0,08813182
4670; 0,0390625; 0,0390625; 529,625; 0,087977596
4671; 0,0390625; 0,0390625; 531,5; 0,08828904
4672; 0,0390625; 0,0390625; 530,1071428571429; 0,08805765
4673; 0,0390625; 0,0390625; 531,5714285714286; 0,088300906
4674; 0,0390625; 0,0390625; 529,9107142857143; 0,08802503
4675; 0,0390625; 0,0390625; 533,1428571428571; 0,08856194
4676; 0,0390625; 0,0390625; 530,8928571428571; 0,08818818
4677; 0,0390625; 0,0390625; 532,3571428571429; 0,08843142
4678; 0,0390625; 0,0390625; 531,125; 0,08822675
4679; 0,0390625; 0,0390625; 530,7321428571429; 0,08816148
4680; 0,0390625; 0,0390625; 530,5178571428571; 0,08812589
4681; 0,0390625; 0,0390625; 530,1964285714286; 0,08807249
4682; 0,0390625; 0,0390625; 529,6964285714286; 0,08798946
4683; 0,0390625; 0,0390625; 529,9642857142857; 0,08803393
4684; 0,0390625; 0,0390625; 530,7678571428571; 0,08816743
4685; 0,0390625; 0,0390625; 531,4285714285714; 0,08827717
4686; 0,0390625; 0,0390625; 531,75; 0,088330574
4687; 0,0390625; 0,0390625; 528,1785714285714; 0,087737314
4688; 0,0390625; 0,0390625; 531,375; 0,08826827
4689; 0,0390625; 0,0390625; 532,5535714285714; 0,08846406
4690; 0,0390625; 0,0390625; 530,9285714285714; 0,088194124
4691; 0,0390625; 0,0390625; 532,4464285714286; 0,088446245
4692; 0,0390625; 0,0390625; 529,6607142857143; 0,087983504
4693; 0,0390625; 0,0390625; 531,0357142857143; 0,08821192
4694; 0,0390625; 0,0390625; 529,9821428571429; 0,088036895
4695; 0,0390625; 0,0390625; 526,5; 0,08745847
4696; 0,0390625; 0,0390625; 528,9642857142857; 0,08786782
4697; 0,0390625; 0,0390625; 529,375; 0,08793605
4698; 0,0390625; 0,0390625; 529,5178571428571; 0,08795977
4699; 0,0390625; 0,0390625; 532,4285714285714; 0,08844329
4700; 0,0390625; 0,0390625; 527,7142857142857; 0,08766018
4701; 0,0390625; 0,0390625; 528,8392857142857; 0,08784707
4702; 0,0390625; 0,0390625; 532,5357142857143; 0,08846109
4703; 0,0390625; 0,0390625; 529,375; 0,08793606
4704; 0,0390625; 0,0390625; 533,6607142857143; 0,08864798
4705; 0,0390625; 0,0390625; 529,4107142857143; 0,08794198
4706; 0,0390625; 0,0390625; 530,9464285714286; 0,088197075
4707; 0,0390625; 0,0390625; 531,5357142857143; 0,088294975
4708; 0,0390625; 0,0390625; 529,7857142857143; 0,08800427
4709; 0,0390625; 0,0390625; 533,1071428571429; 0,08855599
4710; 0,0390625; 0,0390625; 531,1785714285714; 0,08823564
4711; 0,0390625; 0,0390625; 530,0714285714286; 0,08805175
4712; 0,0390625; 0,0390625; 527,9107142857143; 0,087692805
4713; 0,0390625; 0,0390625; 531,5714285714286; 0,08830092
4714; 0,0390625; 0,0390625; 531,8928571428571; 0,088354304
4715; 0,0390625; 0,0390625; 531,7857142857143; 0,08833651
4716; 0,0390625; 0,0390625; 531,9107142857143; 0,08835726
4717; 0,0390625; 0,0390625; 532,0357142857143; 0,08837801
4718; 0,0390625; 0,0390625; 531,625; 0,08830981
4719; 0,0390625; 0,0390625; 531,1964285714286; 0,08823859
4720; 0,0390625; 0,0390625; 528,9642857142857; 0,08786785
4721; 0,0390625; 0,0390625; 528,5892857142857; 0,08780553
4722; 0,0390625; 0,0390625; 532,125; 0,088392854
4723; 0,0390625; 0,0390625; 532,875; 0,08851747
4724; 0,0390625; 0,0390625; 531,8392857142857; 0,08834539
4725; 0,0390625; 0,0390625; 531,625; 0,0883098
4726; 0,0390625; 0,0390625; 526,7321428571429; 0,08749704
4727; 0,0390625; 0,0390625; 529,375; 0,087936044
4728; 0,0390625; 0,0390625; 529,8214285714286; 0,08801021
4729; 0,0390625; 0,0390625; 530,125; 0,08806064
4730; 0,0390625; 0,0390625; 533,4642857142857; 0,08861534
4731; 0,0390625; 0,0390625; 527,5357142857143; 0,08763052
4732; 0,0390625; 0,0390625; 527,0714285714286; 0,08755339
4733; 0,0390625; 0,0390625; 530,0178571428571; 0,08804284
4734; 0,0390625; 0,0390625; 529,8928571428571; 0,08802206
4735; 0,0390625; 0,0390625; 533,0892857142857; 0,088553034
4736; 0,0390625; 0,0390625; 531,8928571428571; 0,08835429
4737; 0,0390625; 0,0390625; 528,0535714285714; 0,08771654
4738; 0,0390625; 0,0390625; 534,1071428571429; 0,08872211
4739; 0,0390625; 0,0390625; 531,25; 0,088247515
4740; 0,0390625; 0,0390625; 533,8392857142857; 0,08867763
4741; 0,0390625; 0,0390625; 530,9642857142857; 0,088200055
4742; 0,0390625; 0,0390625; 530,4464285714286; 0,08811403
4743; 0,0390625; 0,0390625; 527,8035714285714; 0,08767502
4744; 0,0390625; 0,0390625; 532,7678571428571; 0,08849965
4745; 0,0390625; 0,0390625; 528,4821428571429; 0,087787725
4746; 0,0390625; 0,0390625; 532,5357142857143; 0,08846109
4747; 0,0390625; 0,0390625; 525,8392857142857; 0,087348714
4748; 0,0390625; 0,0390625; 529,9107142857143; 0,08802503
4749; 0,0390625; 0,0390625; 531,7321428571429; 0,0883276
4750; 0,0390625; 0,0390625; 528,1607142857143; 0,08773435
4751; 0,0390625; 0,0390625; 529,25; 0,0879153
4752; 0,0390625; 0,0390625; 529,7857142857143; 0,088004276
4753; 0,0390625; 0,0390625; 528,9821428571429; 0,087870784
4754; 0,0390625; 0,0390625; 532,1071428571429; 0,08838989
4755; 0,0390625; 0,0390625; 528,0178571428571; 0,0877106
4756; 0,0390625; 0,0390625; 531,1607142857143; 0,08823269
4757; 0,0390625; 0,0390625; 529,1428571428571; 0,087897494
4758; 0,0390625; 0,0390625; 528,5892857142857; 0,08780553
4759; 0,0390625; 0,0390625; 530,8214285714286; 0,088176325
4760; 0,0390625; 0,0390625; 529,9821428571429; 0,0880369
4761; 0,0390625; 0,0390625; 528,9107142857143; 0,08785892
4762; 0,0390625; 0,0390625; 529,375; 0,08793605
4763; 0,0390625; 0,0390625; 529,2321428571429; 0,08791232
4764; 0,0390625; 0,0390625; 533,9642857142857; 0,08869839
4765; 0,0390625; 0,0390625; 534,2142857142857; 0,088739924
4766; 0,0390625; 0,0390625; 532,8928571428571; 0,0885204
4767; 0,0390625; 0,0390625; 529,1428571428571; 0,08789748
4768; 0,0390625; 0,0390625; 529,5714285714286; 0,08796869
4769; 0,0390625; 0,0390625; 533,5; 0,08862127
4770; 0,0390625; 0,0390625; 526,25; 0,08741693
4771; 0,0390625; 0,0390625; 530,9285714285714; 0,08819412
4772; 0,0390625; 0,0390625; 532,0; 0,088372104
4773; 0,0390625; 0,0390625; 529,8392857142857; 0,08801318
4774; 0,0390625; 0,0390625; 528,6428571428571; 0,087814435
4775; 0,0390625; 0,0390625; 533,5; 0,08862126
4776; 0,0390625; 0,0390625; 533,25; 0,08857973
4777; 0,0390625; 0,0390625; 532,6785714285714; 0,088484816
4778; 0,0390625; 0,0390625; 531,7142857142857; 0,08832464
4779; 0,0390625; 0,0390625; 530,125; 0,08806063
4780; 0,0390625; 0,0390625; 531,6607142857143; 0,08831573
4781; 0,0390625; 0,0390625; 533,0178571428571; 0,08854119
4782; 0,0390625; 0,0390625; 530,6785714285714; 0,0881526
4783; 0,0390625; 0,0390625; 531,0714285714286; 0,088217854
4784; 0,0390625; 0,0390625; 531,4107142857143; 0,08827422
4785; 0,0390625; 0,0390625; 528,125; 0,08772839
4786; 0,0390625; 0,0390625; 530,1964285714286; 0,08807249
4787; 0,0390625; 0,0390625; 528,9642857142857; 0,08786783
4788; 0,0390625; 0,0390625; 530,6428571428571; 0,08814665
4789; 0,0390625; 0,0390625; 531,625; 0,08830979
4790; 0,0390625; 0,0390625; 532,1607142857143; 0,0883988
4791; 0,0390625; 0,0390625; 528,8928571428571; 0,08785595
4792; 0,0390625; 0,0390625; 528,6607142857143; 0,08781737
4793; 0,0390625; 0,0390625; 528,5535714285714; 0,0877996
4794; 0,0390625; 0,0390625; 529,1785714285714; 0,08790342
4795; 0,0390625; 0,0390625; 531,8928571428571; 0,08835429
4796; 0,0390625; 0,0390625; 529,1071428571429; 0,08789156
4797; 0,0390625; 0,0390625; 528,9107142857143; 0,08785891
4798; 0,0390625; 0,0390625; 531,8214285714286; 0,08834243
4799; 0,0390625; 0,0390625; 530,5357142857143; 0,08812886
4800; 0,0390625; 0,0390625; 528,0535714285714; 0,087716535
4801; 0,0390625; 0,0390625; 531,7678571428571; 0,08833353
4802; 0,0390625; 0,0390625; 528,9464285714286; 0,08786485
4803; 0,0390625; 0,0390625; 531,625; 0,08830981
4804; 0,0390625; 0,0390625; 534,875; 0,08884967
4805; 0,0390625; 0,0390625; 531,3571428571429; 0,08826531
4806; 0,0390625; 0,0390625; 527,3214285714286; 0,08759493
4807; 0,0390625; 0,0390625; 532,8035714285714; 0,08850559
4808; 0,0390625; 0,0390625; 530,6428571428571; 0,088146664
4809; 0,0390625; 0,0390625; 531,75; 0,08833056
4810; 0,0390625; 0,0390625; 527,25; 0,087583065
4811; 0,0390625; 0,0390625; 532,4107142857143; 0,088440314
4812; 0,0390625; 0,0390625; 530,8928571428571; 0,08818818
4813; 0,0390625; 0,0390625; 528,7321428571429; 0,08782928
4814; 0,0390625; 0,0390625; 531,0; 0,08820599
4815; 0,0390625; 0,0390625; 529,8035714285714; 0,08800725
4816; 0,0390625; 0,0390625; 531,375; 0,08826827
4817; 0,0390625; 0,0390625; 532,2142857142857; 0,088407695
4818; 0,0390625; 0,0390625; 533,9642857142857; 0,08869838
4819; 0,0390625; 0,0390625; 529,2857142857143; 0,08792121
4820; 0,0390625; 0,0390625; 526,7857142857143; 0,087505944
4821; 0,0390625; 0,0390625; 528,3392857142857; 0,087764
4822; 0,0390625; 0,0390625; 528,9464285714286; 0,08786487
4823; 0,0390625; 0,0390625; 532,125; 0,08839286
4824; 0,0390625; 0,0390625; 531,4821428571429; 0,08828609
4825; 0,0390625; 0,0390625; 528,4642857142857; 0,08778476
4826; 0,0390625; 0,0390625; 529,2857142857143; 0,087921225
4827; 0,0390625; 0,0390625; 529,1785714285714; 0,0879034
4828; 0,0390625; 0,0390625; 532,8571428571429; 0,088514484
4829; 0,0390625; 0,0390625; 527,5357142857143; 0,08763052
4830; 0,0390625; 0,0390625; 530,5357142857143; 0,088128865
4831; 0,0390625; 0,0390625; 530,1071428571429; 0,088057674
4832; 0,0390625; 0,0390625; 530,5178571428571; 0,08812592
4833; 0,0390625; 0,0390625; 527,3928571428571; 0,08760679
4834; 0,0390625; 0,0390625; 529,75; 0,08799834
4835; 0,0390625; 0,0390625; 531,2142857142857; 0,088241585
4836; 0,0390625; 0,0390625; 531,0357142857143; 0,08821194
4837; 0,0390625; 0,0390625; 530,1428571428571; 0,088063605
4838; 0,0390625; 0,0390625; 532,375; 0,08843439
4839; 0,0390625; 0,0390625; 533,3392857142857; 0,08859455
4840; 0,0390625; 0,0390625; 529,0714285714286; 0,087885626
4841; 0,0390625; 0,0390625; 534,1071428571429; 0,08872212
4842; 0,0390625; 0,0390625; 531,5714285714286; 0,08830092
4843; 0,0390625; 0,0390625; 530,2857142857143; 0,08808733
4844; 0,0390625; 0,0390625; 530,0357142857143; 0,08804582
4845; 0,0390625; 0,0390625; 528,7678571428571; 0,0878352
4846; 0,0390625; 0,0390625; 528,4821428571429; 0,087787725
4847; 0,0390625; 0,0390625; 531,9642857142857; 0,08836617
4848; 0,0390625; 0,0390625; 534,0714285714286; 0,0887162
4849; 0,0390625; 0,0390625; 532,1964285714286; 0,088404715
4850; 0,0390625; 0,0390625; 532,4821428571429; 0,088452175
4851; 0,0390625; 0,0390625; 531,75; 0,088330574
4852; 0,0390625; 0,0390625; 531,1428571428571; 0,08822971
4853; 0,0390625; 0,0390625; 531,75; 0,08833057
4854; 0,0390625; 0,0390625; 529,6428571428571; 0,087980546
4855; 0,0390625; 0,0390625; 532,9107142857143; 0,08852338
4856; 0,0390625; 0,0390625; 533,2857142857143; 0,08858566
4857; 0,0390625; 0,0390625; 528,0714285714286; 0,08771951
4858; 0,0390625; 0,0390625; 531,0535714285714; 0,08821488
4859; 0,0390625; 0,0390625; 533,0; 0,08853821
4860; 0,0390625; 0,0390625; 529,8035714285714; 0,08800723
4861; 0,0390625; 0,0390625; 529,375; 0,08793605
4862; 0,0390625; 0,0390625; 529,5892857142857; 0,08797164
4863; 0,0390625; 0,0390625; 530,1428571428571; 0,088063605
4864; 0,0390625; 0,0390625; 529,0892857142857; 0,08788859
4865; 0,0390625; 0,0390625; 530,4821428571429; 0,08811997
4866; 0,0390625; 0,0390625; 529,7857142857143; 0,08800428
4867; 0,0390625; 0,0390625; 532,1607142857143; 0,0883988
4868; 0,0390625; 0,0390625; 529,4285714285714; 0,08794496
4869; 0,0390625; 0,0390625; 529,6964285714286; 0,08798944
4870; 0,0390625; 0,0390625; 532,3571428571429; 0,088431425
4871; 0,0390625; 0,0390625; 530,0535714285714; 0,088048756
4872; 0,0390625; 0,0390625; 529,5535714285714; 0,08796571
4873; 0,0390625; 0,0390625; 531,6785714285714; 0,08831871
4874; 0,0390625; 0,0390625; 529,9464285714286; 0,08803096
4875; 0,0390625; 0,0390625; 531,75; 0,08833057
4876; 0,0390625; 0,0390625; 531,2142857142857; 0,08824157
4877; 0,0390625; 0,0390625; 529,5357142857143; 0,08796275
4878; 0,0390625; 0,0390625; 533,9464285714286; 0,08869543
4879; 0,0390625; 0,0390625; 532,8214285714286; 0,08850855
4880; 0,0390625; 0,0390625; 532,4107142857143; 0,08844034
4881; 0,0390625; 0,0390625; 532,1607142857143; 0,08839879
4882; 0,0390625; 0,0390625; 531,6607142857143; 0,08831573
4883; 0,0390625; 0,0390625; 531,6428571428571; 0,08831276
4884; 0,0390625; 0,0390625; 529,0535714285714; 0,08788264
4885; 0,0390625; 0,0390625; 534,3035714285714; 0,08875475
4886; 0,0390625; 0,0390625; 530,1428571428571; 0,08806358
4887; 0,0390625; 0,0390625; 531,8392857142857; 0,0883454
4888; 0,0390625; 0,0390625; 533,3571428571429; 0,08859754
4889; 0,0390625; 0,0390625; 530,0714285714286; 0,088051744
4890; 0,0390625; 0,0390625; 527,8214285714286; 0,08767798
4891; 0,0390625; 0,0390625; 533,6964285714286; 0,08865387
4892; 0,0390625; 0,0390625; 532,1428571428571; 0,08839582
4893; 0,0390625; 0,0390625; 528,3571428571429; 0,08776699
4894; 0,0390625; 0,0390625; 530,0; 0,08803986
4895; 0,0390625; 0,0390625; 531,1964285714286; 0,08823862
4896; 0,0390625; 0,0390625; 530,9285714285714; 0,08819412
4897; 0,0390625; 0,0390625; 531,5892857142857; 0,08830388
4898; 0,0390625; 0,0390625; 528,2321428571429; 0,0877462
4899; 0,0390625; 0,0390625; 526,4464285714286; 0,087449566
4900; 0,0390625; 0,0390625; 529,6607142857143; 0,08798351
4901; 0,0390625; 0,0390625; 533,3035714285714; 0,08858864
4902; 0,0390625; 0,0390625; 532,4642857142857; 0,08844922
4903; 0,0390625; 0,0390625; 529,4464285714286; 0,08794793
4904; 0,0390625; 0,0390625; 529,8928571428571; 0,08802207
4905; 0,0390625; 0,0390625; 531,25; 0,088247515
4906; 0,0390625; 0,0390625; 529,8571428571429; 0,08801614
4907; 0,0390625; 0,0390625; 530,125; 0,08806063
4908; 0,0390625; 0,0390625; 529,1428571428571; 0,087897494
4909; 0,0390625; 0,0390625; 529,3035714285714; 0,08792419
4910; 0,0390625; 0,0390625; 530,9107142857143; 0,088191144
4911; 0,0390625; 0,0390625; 526,5535714285714; 0,08746737
4912; 0,0390625; 0,0390625; 533,6785714285714; 0,08865093
4913; 0,0390625; 0,0390625; 531,9464285714286; 0,088363186
4914; 0,0390625; 0,0390625; 530,4107142857143; 0,088108085
4915; 0,0390625; 0,0390625; 530,0535714285714; 0,08804876
4916; 0,0390625; 0,0390625; 529,8928571428571; 0,088022076
4917; 0,0390625; 0,0390625; 528,5892857142857; 0,087805524
4918; 0,0390625; 0,0390625; 529,9642857142857; 0,08803393
4919; 0,0390625; 0,0390625; 532,0; 0,088372104
4920; 0,0390625; 0,0390625; 531,25; 0,0882475
4921; 0,0390625; 0,0390625; 528,75; 0,08783223
4922; 0,0390625; 0,0390625; 531,1607142857143; 0,08823269
4923; 0,0390625; 0,0390625; 531,5535714285714; 0,08829795
4924; 0,0390625; 0,0390625; 531,9821428571429; 0,08836914
4925; 0,0390625; 0,0390625; 529,0178571428571; 0,0878767
4926; 0,0390625; 0,0390625; 532,9821428571429; 0,08853525
4927; 0,0390625; 0,0390625; 528,0892857142857; 0,08772247
4928; 0,0390625; 0,0390625; 533,1428571428571; 0,088561945
4929; 0,0390625; 0,0390625; 529,5535714285714; 0,08796571
4930; 0,0390625; 0,0390625; 528,3928571428571; 0,087772906
4931; 0,0390625; 0,0390625; 529,3392857142857; 0,08793013
4932; 0,0390625; 0,0390625; 533,9821428571429; 0,08870137
4933; 0,0390625; 0,0390625; 532,6071428571429; 0,08847295
4934; 0,0390625; 0,0390625; 527,5535714285714; 0,08763348
4935; 0,0390625; 0,0390625; 530,5357142857143; 0,08812885
4936; 0,0390625; 0,0390625; 528,9107142857143; 0,08785892
4937; 0,0390625; 0,0390625; 532,4107142857143; 0,088440314
4938; 0,0390625; 0,0390625; 531,3214285714286; 0,08825938
4939; 0,0390625; 0,0390625; 530,875; 0,088185206
4940; 0,0390625; 0,0390625; 531,9107142857143; 0,08835727
4941; 0,0390625; 0,0390625; 530,7857142857143; 0,088170394
4942; 0,0390625; 0,0390625; 530,8928571428571; 0,08818817
4943; 0,0390625; 0,0390625; 528,7857142857143; 0,08783817
4944; 0,0390625; 0,0390625; 530,4821428571429; 0,08811997
4945; 0,0390625; 0,0390625; 530,2321428571429; 0,08807843
4946; 0,0390625; 0,0390625; 527,5357142857143; 0,08763051
4947; 0,0390625; 0,0390625; 533,3571428571429; 0,088597536
4948; 0,0390625; 0,0390625; 529,5; 0,08795681
4949; 0,0390625; 0,0390625; 529,5892857142857; 0,08797164
4950; 0,0390625; 0,0390625; 528,8928571428571; 0,08785596
4951; 0,0390625; 0,0390625; 530,2857142857143; 0,08808734
4952; 0,0390625; 0,0390625; 530,6071428571429; 0,088140726
4953; 0,0390625; 0,0390625; 527,8928571428571; 0,08768984
4954; 0,0390625; 0,0390625; 530,3571428571429; 0,088099204
4955; 0,0390625; 0,0390625; 529,3928571428571; 0,08793901
4956; 0,0390625; 0,0390625; 528,9464285714286; 0,08786485
4957; 0,0390625; 0,0390625; 531,3928571428571; 0,08827125
4958; 0,0390625; 0,0390625; 533,0178571428571; 0,08854117
4959; 0,0390625; 0,0390625; 530,5892857142857; 0,088137746
4960; 0,0390625; 0,0390625; 529,3928571428571; 0,08793902
4961; 0,0390625; 0,0390625; 527,9464285714286; 0,08769876
4962; 0,0390625; 0,0390625; 529,7142857142857; 0,08799241
4963; 0,0390625; 0,0390625; 532,1964285714286; 0,08840472
4964; 0,0390625; 0,0390625; 530,2678571428571; 0,08808436
4965; 0,0390625; 0,0390625; 529,8035714285714; 0,088007234
4966; 0,0390625; 0,0390625; 531,875; 0,08835132
4967; 0,0390625; 0,0390625; 530,5357142857143; 0,088128865
4968; 0,0390625; 0,0390625; 530,2678571428571; 0,08808438
4969; 0,0390625; 0,0390625; 528,875; 0,087853
4970; 0,0390625; 0,0390625; 526,875; 0,08752077
4971; 0,0390625; 0,0390625; 530,9107142857143; 0,088191144
4972; 0,0390625; 0,0390625; 531,625; 0,0883098
4973; 0,0390625; 0,0390625; 526,9285714285714; 0,087529674
4974; 0,0390625; 0,0390625; 529,5892857142857; 0,087971635
4975; 0,0390625; 0,0390625; 530,9285714285714; 0,08819413
4976; 0,0390625; 0,0390625; 531,9464285714286; 0,08836319
4977; 0,0390625; 0,0390625; 534,0714285714286; 0,08871621
4978; 0,0390625; 0,0390625; 532,625; 0,08847592
4979; 0,0390625; 0,0390625; 532,3571428571429; 0,0884314
4980; 0,0390625; 0,0390625; 532,3571428571429; 0,088431425
4981; 0,0390625; 0,0390625; 530,4464285714286; 0,08811402
4982; 0,0390625; 0,0390625; 530,7142857142857; 0,08815851
4983; 0,0390625; 0,0390625; 528,8928571428571; 0,08785594
4984; 0,0390625; 0,0390625; 531,1607142857143; 0,08823267
4985; 0,0390625; 0,0390625; 530,3214285714286; 0,08809326
4986; 0,0390625; 0,0390625; 529,2678571428571; 0,087918244
4987; 0,0390625; 0,0390625; 527,8571428571429; 0,08768391
4988; 0,0390625; 0,0390625; 529,0357142857143; 0,087879695
4989; 0,0390625; 0,0390625; 531,0357142857143; 0,08821192
4990; 0,0390625; 0,0390625; 529,625; 0,08797758
4991; 0,0390625; 0,0390625; 529,8928571428571; 0,08802207
4992; 0,0390625; 0,0390625; 530,3571428571429; 0,0880992
4993; 0,0390625; 0,0390625; 531,6964285714286; 0,08832166
4994; 0,0390625; 0,0390625; 529,2857142857143; 0,08792124
4995; 0,0390625; 0,0390625; 531,0892857142857; 0,08822082
4996; 0,0390625; 0,0390625; 526,6785714285714; 0,08748813
4997; 0,0390625; 0,0390625; 532,9464285714286; 0,088529296
4998; 0,0390625; 0,0390625; 527,5714285714286; 0,08763645
4999; 0,0390625; 0,0390625; 531,7857142857143; 0,08833651
5000; 0,0390625; 0,0390625; 532,8214285714286; 0,08850854
5001; 0,0390625; 0,0390625; 531,5178571428571; 0,08829202
5002; 0,0390625; 0,0390625; 530,9821428571429; 0,08820301
5003; 0,0390625; 0,0390625; 530,0714285714286; 0,08805174
5004; 0,0390625; 0,0390625; 531,6785714285714; 0,088318706
5005; 0,0390625; 0,0390625; 529,3392857142857; 0,087930106
5006; 0,0390625; 0,0390625; 532,3571428571429; 0,08843143
5007; 0,0390625; 0,0390625; 526,125; 0,08739618
5008; 0,0390625; 0,0390625; 533,2142857142857; 0,088573806
5009; 0,0390625; 0,0390625; 532,1607142857143; 0,08839879
5010; 0,0390625; 0,0390625; 533,6785714285714; 0,088650934
5011; 0,0390625; 0,0390625; 529,375; 0,087936044
5012; 0,0390625; 0,0390625; 530,3035714285714; 0,0880903
5013; 0,0390625; 0,0390625; 532,3035714285714; 0,08842252
5014; 0,0390625; 0,0390625; 531,2678571428571; 0,08825048
5015; 0,0390625; 0,0390625; 528,4821428571429; 0,087787725
5016; 0,0390625; 0,0390625; 534,0357142857143; 0,08871025
5017; 0,0390625; 0,0390625; 528,4285714285714; 0,087778844
5018; 0,0390625; 0,0390625; 534,7857142857143; 0,08883484
5019; 0,0390625; 0,0390625; 533,7678571428571; 0,08866576
5020; 0,0390625; 0,0390625; 532,5; 0,08845515
5021; 0,0390625; 0,0390625; 531,2321428571429; 0,08824455
5022; 0,0390625; 0,0390625; 531,8214285714286; 0,088342436
5023; 0,0390625; 0,0390625; 532,5178571428571; 0,08845812
5024; 0,0390625; 0,0390625; 532,2678571428571; 0,088416584
5025; 0,0390625; 0,0390625; 529,6785714285714; 0,087986484
5026; 0,0390625; 0,0390625; 532,6428571428571; 0,088478886
5027; 0,0390625; 0,0390625; 530,2857142857143; 0,08808733
5028; 0,0390625; 0,0390625; 529,9285714285714; 0,088028006
5029; 0,0390625; 0,0390625; 531,4642857142857; 0,0882831
5030; 0,0390625; 0,0390625; 531,9464285714286; 0,08836321
5031; 0,0390625; 0,0390625; 529,8214285714286; 0,08801021
5032; 0,0390625; 0,0390625; 530,4464285714286; 0,08811402
5033; 0,0390625; 0,0390625; 530,5178571428571; 0,088125885
5034; 0,0390625; 0,0390625; 533,7857142857143; 0,08866874
5035; 0,0390625; 0,0390625; 531,2857142857143; 0,088253446
5036; 0,0390625; 0,0390625; 530,9285714285714; 0,088194124
5037; 0,0390625; 0,0390625; 533,25; 0,08857973
5038; 0,0390625; 0,0390625; 528,0357142857143; 0,087713584
5039; 0,0390625; 0,0390625; 533,5535714285714; 0,088630155
5040; 0,0390625; 0,0390625; 528,6785714285714; 0,087820366
5041; 0,0390625; 0,0390625; 532,4821428571429; 0,088452175
5042; 0,0390625; 0,0390625; 531,5535714285714; 0,08829794
5043; 0,0390625; 0,0390625; 530,2321428571429; 0,08807843
5044; 0,0390625; 0,0390625; 530,1071428571429; 0,08805765
5045; 0,0390625; 0,0390625; 532,125; 0,088392854
5046; 0,0390625; 0,0390625; 527,8928571428571; 0,08768984
5047; 0,0390625; 0,0390625; 532,0714285714286; 0,08838395
5048; 0,0390625; 0,0390625; 532,7142857142857; 0,08849073
5049; 0,0390625; 0,0390625; 530,4107142857143; 0,088108115
5050; 0,0390625; 0,0390625; 530,2678571428571; 0,08808436
5051; 0,0390625; 0,0390625; 531,4285714285714; 0,08827715
5052; 0,0390625; 0,0390625; 531,7321428571429; 0,08832761
5053; 0,0390625; 0,0390625; 528,875; 0,08785299
5054; 0,0390625; 0,0390625; 530,5892857142857; 0,08813777
5055; 0,0390625; 0,0390625; 531,8035714285714; 0,08833946
5056; 0,0390625; 0,0390625; 529,1607142857143; 0,08790045
5057; 0,0390625; 0,0390625; 531,3392857142857; 0,08826234
5058; 0,0390625; 0,0390625; 530,9107142857143; 0,08819115
5059; 0,0390625; 0,0390625; 529,2678571428571; 0,08791826
5060; 0,0390625; 0,0390625; 528,1964285714286; 0,08774026
5061; 0,0390625; 0,0390625; 531,9821428571429; 0,08836913
5062; 0,0390625; 0,0390625; 529,625; 0,08797758
5063; 0,0390625; 0,0390625; 531,3571428571429; 0,08826531
5064; 0,0390625; 0,0390625; 535,1785714285714; 0,0889001
5065; 0,0390625; 0,0390625; 530,7142857142857; 0,088158526
5066; 0,0390625; 0,0390625; 532,6964285714286; 0,08848778
5067; 0,0390625; 0,0390625; 529,8928571428571; 0,08802207
5068; 0,0390625; 0,0390625; 530,8571428571429; 0,08818226
5069; 0,0390625; 0,0390625; 530,4464285714286; 0,08811402
5070; 0,0390625; 0,0390625; 533,6428571428571; 0,088645
5071; 0,0390625; 0,0390625; 531,0; 0,08820599
5072; 0,0390625; 0,0390625; 530,7678571428571; 0,08816742
5073; 0,0390625; 0,0390625; 527,7142857142857; 0,087660186
5074; 0,0390625; 0,0390625; 528,8928571428571; 0,08785596
5075; 0,0390625; 0,0390625; 527,6785714285714; 0,087654255
5076; 0,0390625; 0,0390625; 529,1607142857143; 0,08790045
5077; 0,0390625; 0,0390625; 532,1785714285714; 0,08840175
5078; 0,0390625; 0,0390625; 530,3214285714286; 0,08809326
5079; 0,0390625; 0,0390625; 530,7678571428571; 0,088167414
5080; 0,0390625; 0,0390625; 531,6607142857143; 0,08831573
5081; 0,0390625; 0,0390625; 529,3214285714286; 0,08792715
5082; 0,0390625; 0,0390625; 528,0892857142857; 0,08772248
5083; 0,0390625; 0,0390625; 532,2142857142857; 0,088407695
5084; 0,0390625; 0,0390625; 531,3571428571429; 0,08826529
5085; 0,0390625; 0,0390625; 529,4821428571429; 0,08795385
5086; 0,0390625; 0,0390625; 530,625; 0,0881437
5087; 0,0390625; 0,0390625; 532,6785714285714; 0,088484816
5088; 0,0390625; 0,0390625; 526,8214285714286; 0,08751186
5089; 0,0390625; 0,0390625; 527,8928571428571; 0,08768984
5090; 0,0390625; 0,0390625; 530,9285714285714; 0,088194124
5091; 0,0390625; 0,0390625; 529,2857142857143; 0,08792121
5092; 0,0390625; 0,0390625; 530,0714285714286; 0,08805174
5093; 0,0390625; 0,0390625; 528,4642857142857; 0,08778477
5094; 0,0390625; 0,0390625; 530,5178571428571; 0,08812591
5095; 0,0390625; 0,0390625; 526,9107142857143; 0,08752669
5096; 0,0390625; 0,0390625; 529,9464285714286; 0,08803096
5097; 0,0390625; 0,0390625; 536,25; 0,089078076
5098; 0,0390625; 0,0390625; 530,9285714285714; 0,08819412
5099; 0,0390625; 0,0390625; 531,5; 0,08828904
5100; 0,0390625; 0,0390625; 534,9821428571429; 0,08886748
5101; 0,0390625; 0,0390625; 530,4464285714286; 0,088114016
5102; 0,0390625; 0,0390625; 526,625; 0,08747924
5103; 0,0390625; 0,0390625; 528,0; 0,08770765
5104; 0,0390625; 0,0390625; 530,0; 0,08803986
5105; 0,0390625; 0,0390625; 532,875; 0,088517435
5106; 0,0390625; 0,0390625; 529,8928571428571; 0,08802207
5107; 0,0390625; 0,0390625; 530,0178571428571; 0,08804285
5108; 0,0390625; 0,0390625; 529,5892857142857; 0,08797164
5109; 0,0390625; 0,0390625; 530,5714285714286; 0,0881348
5110; 0,0390625; 0,0390625; 529,0178571428571; 0,08787672
5111; 0,0390625; 0,0390625; 530,7857142857143; 0,088170394
5112; 0,0390625; 0,0390625; 528,5892857142857; 0,08780555
5113; 0,0390625; 0,0390625; 526,9642857142857; 0,087535605
5114; 0,0390625; 0,0390625; 530,875; 0,08818521
5115; 0,0390625; 0,0390625; 529,0714285714286; 0,08788562
5116; 0,0390625; 0,0390625; 531,0892857142857; 0,08822083
5117; 0,0390625; 0,0390625; 533,5535714285714; 0,08863016
5118; 0,0390625; 0,0390625; 528,8035714285714; 0,08784113
5119; 0,0390625; 0,0390625; 533,75; 0,088662796
5120; 0,0390625; 0,0390625; 531,9464285714286; 0,08836319
5121; 0,0390625; 0,0390625; 528,0535714285714; 0,08771653
5122; 0,0390625; 0,0390625; 531,8035714285714; 0,08833947
5123; 0,0390625; 0,0390625; 530,625; 0,0881437
5124; 0,0390625; 0,0390625; 530,7678571428571; 0,08816742
5125; 0,0390625; 0,0390625; 528,2321428571429; 0,08774622
5126; 0,0390625; 0,0390625; 530,6607142857143; 0,088149615
5127; 0,0390625; 0,0390625; 531,125; 0,08822674
5128; 0,0390625; 0,0390625; 530,9285714285714; 0,08819413
5129; 0,0390625; 0,0390625; 531,0178571428571; 0,088208936
5130; 0,0390625; 0,0390625; 529,375; 0,08793605
5131; 0,0390625; 0,0390625; 531,5357142857143; 0,08829498
5132; 0,0390625; 0,0390625; 528,0714285714286; 0,08771951
5133; 0,0390625; 0,0390625; 532,2321428571429; 0,08841066
5134; 0,0390625; 0,0390625; 532,9285714285714; 0,08852635
5135; 0,0390625; 0,0390625; 530,6964285714286; 0,08815556
5136; 0,0390625; 0,0390625; 530,2142857142857; 0,08807545
5137; 0,0390625; 0,0390625; 530,6785714285714; 0,088152595
5138; 0,0390625; 0,0390625; 534,8571428571429; 0,08884669
5139; 0,0390625; 0,0390625; 533,3035714285714; 0,08858865
5140; 0,0390625; 0,0390625; 531,3928571428571; 0,088271245
5141; 0,0390625; 0,0390625; 531,7678571428571; 0,08833353
5142; 0,0390625; 0,0390625; 531,1071428571429; 0,08822379
5143; 0,0390625; 0,0390625; 531,7321428571429; 0,08832761
5144; 0,0390625; 0,0390625; 533,6785714285714; 0,08865094
5145; 0,0390625; 0,0390625; 528,3035714285714; 0,08775808
5146; 0,0390625; 0,0390625; 531,625; 0,0883098
5147; 0,0390625; 0,0390625; 526,7678571428571; 0,08750297
5148; 0,0390625; 0,0390625; 529,8928571428571; 0,088022076
5149; 0,0390625; 0,0390625; 528,3571428571429; 0,08776697
5150; 0,0390625; 0,0390625; 529,125; 0,087894514
5151; 0,0390625; 0,0390625; 527,3571428571429; 0,087600864
5152; 0,0390625; 0,0390625; 530,375; 0,08810216
5153; 0,0390625; 0,0390625; 529,9464285714286; 0,08803096
5154; 0,0390625; 0,0390625; 527,375; 0,08760382
5155; 0,0390625; 0,0390625; 532,0178571428571; 0,08837507
5156; 0,0390625; 0,0390625; 529,9107142857143; 0,088025056
5157; 0,0390625; 0,0390625; 533,3928571428571; 0,088603474
5158; 0,0390625; 0,0390625; 532,5535714285714; 0,08846406
5159; 0,0390625; 0,0390625; 528,375; 0,08776994
5160; 0,0390625; 0,0390625; 530,6071428571429; 0,08814072
5161; 0,0390625; 0,0390625; 530,4285714285714; 0,08811106
5162; 0,0390625; 0,0390625; 528,625; 0,08781145
5163; 0,0390625; 0,0390625; 527,1071428571429; 0,087559335
5164; 0,0390625; 0,0390625; 531,4642857142857; 0,08828312
5165; 0,0390625; 0,0390625; 530,0357142857143; 0,08804579
5166; 0,0390625; 0,0390625; 529,5178571428571; 0,08795978
5167; 0,0390625; 0,0390625; 530,4285714285714; 0,088111065
5168; 0,0390625; 0,0390625; 529,5357142857143; 0,08796275
5169; 0,0390625; 0,0390625; 532,6607142857143; 0,08848184
5170; 0,0390625; 0,0390625; 532,4285714285714; 0,08844328
5171; 0,0390625; 0,0390625; 531,625; 0,08830981
5172; 0,0390625; 0,0390625; 531,0357142857143; 0,08821192
5173; 0,0390625; 0,0390625; 531,1071428571429; 0,08822377
5174; 0,0390625; 0,0390625; 530,2321428571429; 0,088078454
5175; 0,0390625; 0,0390625; 533,1607142857143; 0,08856491
5176; 0,0390625; 0,0390625; 528,9821428571429; 0,08787078
5177; 0,0390625; 0,0390625; 534,7142857142857; 0,088822976
5178; 0,0390625; 0,0390625; 530,8928571428571; 0,08818818
5179; 0,0390625; 0,0390625; 530,9464285714286; 0,088197075
5180; 0,0390625; 0,0390625; 531,1964285714286; 0,08823861
5181; 0,0390625; 0,0390625; 532,4821428571429; 0,088452175
5182; 0,0390625; 0,0390625; 534,25; 0,088745855
5183; 0,0390625; 0,0390625; 528,0357142857143; 0,08771358
5184; 0,0390625; 0,0390625; 529,5714285714286; 0,08796869
5185; 0,0390625; 0,0390625; 531,8214285714286; 0,08834243
5186; 0,0390625; 0,0390625; 530,5535714285714; 0,08813182
5187; 0,0390625; 0,0390625; 529,5; 0,0879568
5188; 0,0390625; 0,0390625; 530,1071428571429; 0,08805766
5189; 0,0390625; 0,0390625; 530,9285714285714; 0,08819412
5190; 0,0390625; 0,0390625; 528,4285714285714; 0,087778844
5191; 0,0390625; 0,0390625; 532,3035714285714; 0,08842252
5192; 0,0390625; 0,0390625; 528,1428571428571; 0,08773137
5193; 0,0390625; 0,0390625; 529,0535714285714; 0,08788266
5194; 0,0390625; 0,0390625; 529,8928571428571; 0,088022076
5195; 0,0390625; 0,0390625; 531,5178571428571; 0,088291995
5196; 0,0390625; 0,0390625; 529,0892857142857; 0,08788858
5197; 0,0390625; 0,0390625; 528,1607142857143; 0,087734334
5198; 0,0390625; 0,0390625; 529,3571428571429; 0,087933086
5199; 0,0390625; 0,0390625; 530,2678571428571; 0,08808436
5200; 0,0390625; 0,0390625; 532,875; 0,088517435
5201; 0,0390625; 0,0390625; 532,5; 0,08845515
5202; 0,0390625; 0,0390625; 530,4285714285714; 0,08811105
5203; 0,0390625; 0,0390625; 530,6071428571429; 0,08814071
5204; 0,0390625; 0,0390625; 531,3928571428571; 0,08827126
5205; 0,0390625; 0,0390625; 528,5; 0,08779069
5206; 0,0390625; 0,0390625; 533,6607142857143; 0,08864797
5207; 0,0390625; 0,0390625; 526,5; 0,087458484
5208; 0,0390625; 0,0390625; 530,3392857142857; 0,08809622
5209; 0,0390625; 0,0390625; 529,3571428571429; 0,08793307
5210; 0,0390625; 0,0390625; 530,5; 0,08812293
5211; 0,0390625; 0,0390625; 529,0; 0,087873764
5212; 0,0390625; 0,0390625; 530,3392857142857; 0,08809622
5213; 0,0390625; 0,0390625; 532,5357142857143; 0,088461086
5214; 0,0390625; 0,0390625; 529,4285714285714; 0,08794495
5215; 0,0390625; 0,0390625; 528,7142857142857; 0,087826304
5216; 0,0390625; 0,0390625; 531,9464285714286; 0,088363186
5217; 0,0390625; 0,0390625; 531,1964285714286; 0,088238604
5218; 0,0390625; 0,0390625; 529,1785714285714; 0,08790342
5219; 0,0390625; 0,0390625; 531,9285714285714; 0,088360235
5220; 0,0390625; 0,0390625; 530,5535714285714; 0,08813184
5221; 0,0390625; 0,0390625; 529,7857142857143; 0,088004276
5222; 0,0390625; 0,0390625; 529,5892857142857; 0,087971635
5223; 0,0390625; 0,0390625; 533,2857142857143; 0,08858566
5224; 0,0390625; 0,0390625; 531,7142857142857; 0,08832465
5225; 0,0390625; 0,0390625; 528,75; 0,08783221
5226; 0,0390625; 0,0390625; 532,6607142857143; 0,08848184
5227; 0,0390625; 0,0390625; 531,1785714285714; 0,08823566
5228; 0,0390625; 0,0390625; 527,8571428571429; 0,087683916
5229; 0,0390625; 0,0390625; 530,4285714285714; 0,08811105
5230; 0,0390625; 0,0390625; 530,125; 0,08806062
5231; 0,0390625; 0,0390625; 529,6964285714286; 0,08798946
5232; 0,0390625; 0,0390625; 529,5714285714286; 0,08796867
5233; 0,0390625; 0,0390625; 533,3035714285714; 0,08858862
5234; 0,0390625; 0,0390625; 531,0892857142857; 0,08822082
5235; 0,0390625; 0,0390625; 528,7678571428571; 0,087835185
5236; 0,0390625; 0,0390625; 533,5535714285714; 0,08863018
5237; 0,0390625; 0,0390625; 531,1964285714286; 0,08823861
5238; 0,0390625; 0,0390625; 531,6607142857143; 0,088315725
5239; 0,0390625; 0,0390625; 530,4821428571429; 0,08811996
5240; 0,0390625; 0,0390625; 528,2142857142857; 0,08774321
5241; 0,0390625; 0,0390625; 528,375; 0,087769926
5242; 0,0390625; 0,0390625; 531,2857142857143; 0,08825343
5243; 0,0390625; 0,0390625; 533,4107142857143; 0,088606454
5244; 0,0390625; 0,0390625; 531,7857142857143; 0,088336505
5245; 0,0390625; 0,0390625; 532,25; 0,08841363
5246; 0,0390625; 0,0390625; 530,875; 0,08818521
5247; 0,0390625; 0,0390625; 528,4107142857143; 0,08777588
5248; 0,0390625; 0,0390625; 530,8035714285714; 0,088173345
5249; 0,0390625; 0,0390625; 529,4464285714286; 0,08794791
5250; 0,0390625; 0,0390625; 529,75; 0,08799834
5251; 0,0390625; 0,0390625; 531,6785714285714; 0,0883187
5252; 0,0390625; 0,0390625; 531,375; 0,08826829
5253; 0,0390625; 0,0390625; 530,5178571428571; 0,08812589
5254; 0,0390625; 0,0390625; 528,8571428571429; 0,087850034
5255; 0,0390625; 0,0390625; 531,375; 0,08826828
5256; 0,0390625; 0,0390625; 531,9285714285714; 0,08836021
5257; 0,0390625; 0,0390625; 530,0892857142857; 0,08805468
5258; 0,0390625; 0,0390625; 528,3035714285714; 0,08775807
5259; 0,0390625; 0,0390625; 529,5892857142857; 0,08797165
5260; 0,0390625; 0,0390625; 527,7321428571429; 0,08766315
5261; 0,0390625; 0,0390625; 532,125; 0,08839284
5262; 0,0390625; 0,0390625; 533,125; 0,08855897
5263; 0,0390625; 0,0390625; 529,6071428571429; 0,0879746
5264; 0,0390625; 0,0390625; 527,5535714285714; 0,0876335
5265; 0,0390625; 0,0390625; 533,5; 0,08862126
5266; 0,0390625; 0,0390625; 531,2142857142857; 0,08824157
5267; 0,0390625; 0,0390625; 530,7678571428571; 0,088167414
5268; 0,0390625; 0,0390625; 528,0714285714286; 0,08771951
5269; 0,0390625; 0,0390625; 527,1071428571429; 0,08755933
5270; 0,0390625; 0,0390625; 530,8214285714286; 0,0881763
5271; 0,0390625; 0,0390625; 530,0535714285714; 0,08804878
5272; 0,0390625; 0,0390625; 531,1071428571429; 0,08822377
5273; 0,0390625; 0,0390625; 529,6428571428571; 0,087980546
5274; 0,0390625; 0,0390625; 532,1428571428571; 0,08839582
5275; 0,0390625; 0,0390625; 529,7857142857143; 0,08800427
5276; 0,0390625; 0,0390625; 531,8392857142857; 0,08834541
5277; 0,0390625; 0,0390625; 528,7142857142857; 0,0878263
5278; 0,0390625; 0,0390625; 529,9107142857143; 0,08802503
5279; 0,0390625; 0,0390625; 530,9464285714286; 0,088197105
5280; 0,0390625; 0,0390625; 531,25; 0,08824749
5281; 0,0390625; 0,0390625; 527,3571428571429; 0,08760087
5282; 0,0390625; 0,0390625; 531,625; 0,0883098
5283; 0,0390625; 0,0390625; 529,7678571428571; 0,0880013
5284; 0,0390625; 0,0390625; 532,7321428571429; 0,088493705
5285; 0,0390625; 0,0390625; 529,625; 0,08797758
5286; 0,0390625; 0,0390625; 533,3035714285714; 0,08858864
5287; 0,0390625; 0,0390625; 529,9107142857143; 0,08802504
5288; 0,0390625; 0,0390625; 530,6071428571429; 0,08814073
5289; 0,0390625; 0,0390625; 530,6785714285714; 0,088152595
5290; 0,0390625; 0,0390625; 527,9107142857143; 0,08769281
5291; 0,0390625; 0,0390625; 528,25; 0,087749176
5292; 0,0390625; 0,0390625; 531,3392857142857; 0,08826234
5293; 0,0390625; 0,0390625; 533,25; 0,08857973
5294; 0,0390625; 0,0390625; 530,3571428571429; 0,0880992
5295; 0,0390625; 0,0390625; 530,1964285714286; 0,08807249
5296; 0,0390625; 0,0390625; 534,25; 0,08874584
5297; 0,0390625; 0,0390625; 530,0178571428571; 0,08804284
5298; 0,0390625; 0,0390625; 530,4464285714286; 0,08811403
5299; 0,0390625; 0,0390625; 528,6607142857143; 0,08781739
5300; 0,0390625; 0,0390625; 530,5357142857143; 0,088128865
5301; 0,0390625; 0,0390625; 531,0357142857143; 0,08821191
5302; 0,0390625; 0,0390625; 530,2678571428571; 0,08808438
5303; 0,0390625; 0,0390625; 530,1785714285714; 0,08806954
5304; 0,0390625; 0,0390625; 530,3928571428571; 0,088105135
5305; 0,0390625; 0,0390625; 532,0714285714286; 0,088383965
5306; 0,0390625; 0,0390625; 529,1607142857143; 0,08790045
5307; 0,0390625; 0,0390625; 530,9107142857143; 0,08819114
5308; 0,0390625; 0,0390625; 532,6607142857143; 0,08848184
5309; 0,0390625; 0,0390625; 530,75; 0,08816445
5310; 0,0390625; 0,0390625; 529,3214285714286; 0,087927155
5311; 0,0390625; 0,0390625; 533,1071428571429; 0,088556
5312; 0,0390625; 0,0390625; 529,5535714285714; 0,08796571
5313; 0,0390625; 0,0390625; 529,6428571428571; 0,08798056
5314; 0,0390625; 0,0390625; 530,6964285714286; 0,08815555
5315; 0,0390625; 0,0390625; 527,4464285714286; 0,08761568
5316; 0,0390625; 0,0390625; 527,8392857142857; 0,08768094
5317; 0,0390625; 0,0390625; 530,75; 0,08816447
5318; 0,0390625; 0,0390625; 532,9821428571429; 0,08853524
5319; 0,0390625; 0,0390625; 529,2142857142857; 0,08790935
5320; 0,0390625; 0,0390625; 532,5357142857143; 0,088461064
5321; 0,0390625; 0,0390625; 535,1785714285714; 0,088900104
5322; 0,0390625; 0,0390625; 531,4642857142857; 0,08828311
5323; 0,0390625; 0,0390625; 527,875; 0,08768689
5324; 0,0390625; 0,0390625; 530,0; 0,08803986
5325; 0,0390625; 0,0390625; 531,7857142857143; 0,08833649
5326; 0,0390625; 0,0390625; 530,125; 0,08806063
5327; 0,0390625; 0,0390625; 532,2321428571429; 0,08841067
5328; 0,0390625; 0,0390625; 530,3392857142857; 0,088096224
5329; 0,0390625; 0,0390625; 530,8035714285714; 0,08817337
5330; 0,0390625; 0,0390625; 532,0178571428571; 0,08837507
5331; 0,0390625; 0,0390625; 532,6607142857143; 0,088481866
5332; 0,0390625; 0,0390625; 530,9285714285714; 0,08819412
5333; 0,0390625; 0,0390625; 528,9821428571429; 0,087870784
5334; 0,0390625; 0,0390625; 530,4821428571429; 0,08811997
5335; 0,0390625; 0,0390625; 531,3571428571429; 0,08826531
5336; 0,0390625; 0,0390625; 530,0178571428571; 0,08804284
5337; 0,0390625; 0,0390625; 528,4642857142857; 0,08778477
5338; 0,0390625; 0,0390625; 532,9642857142857; 0,08853228
5339; 0,0390625; 0,0390625; 528,8392857142857; 0,087847054
5340; 0,0390625; 0,0390625; 529,25; 0,087915294
5341; 0,0390625; 0,0390625; 530,6428571428571; 0,08814669
5342; 0,0390625; 0,0390625; 530,6071428571429; 0,088140726
5343; 0,0390625; 0,0390625; 530,3214285714286; 0,088093266
5344; 0,0390625; 0,0390625; 528,0178571428571; 0,08771062
5345; 0,0390625; 0,0390625; 528,8035714285714; 0,08784113
5346; 0,0390625; 0,0390625; 529,1071428571429; 0,08789156
5347; 0,0390625; 0,0390625; 528,0714285714286; 0,0877195
5348; 0,0390625; 0,0390625; 530,3214285714286; 0,08809327
5349; 0,0390625; 0,0390625; 530,2142857142857; 0,088075474
5350; 0,0390625; 0,0390625; 529,9642857142857; 0,08803393
5351; 0,0390625; 0,0390625; 530,7857142857143; 0,08817039
5352; 0,0390625; 0,0390625; 528,6071428571429; 0,0878085
5353; 0,0390625; 0,0390625; 531,6428571428571; 0,08831278
5354; 0,0390625; 0,0390625; 530,6071428571429; 0,088140726
5355; 0,0390625; 0,0390625; 527,3571428571429; 0,087600864
5356; 0,0390625; 0,0390625; 530,9107142857143; 0,08819115
5357; 0,0390625; 0,0390625; 534,25; 0,088745855
5358; 0,0390625; 0,0390625; 529,8571428571429; 0,08801614
5359; 0,0390625; 0,0390625; 531,0535714285714; 0,08821487
5360; 0,0390625; 0,0390625; 527,5714285714286; 0,087636456
5361; 0,0390625; 0,0390625; 532,8214285714286; 0,088508554
5362; 0,0390625; 0,0390625; 530,4642857142857; 0,08811699
5363; 0,0390625; 0,0390625; 528,6607142857143; 0,08781739
5364; 0,0390625; 0,0390625; 530,4464285714286; 0,08811403
5365; 0,0390625; 0,0390625; 530,5; 0,08812294
5366; 0,0390625; 0,0390625; 528,7857142857143; 0,087838165
5367; 0,0390625; 0,0390625; 529,7321428571429; 0,08799536
5368; 0,0390625; 0,0390625; 531,0178571428571; 0,088208966
5369; 0,0390625; 0,0390625; 530,9107142857143; 0,08819115
5370; 0,0390625; 0,0390625; 530,3214285714286; 0,088093266
5371; 0,0390625; 0,0390625; 531,4642857142857; 0,08828312
5372; 0,0390625; 0,0390625; 531,5892857142857; 0,08830387
5373; 0,0390625; 0,0390625; 532,125; 0,088392854
5374; 0,0390625; 0,0390625; 531,9464285714286; 0,08836321
5375; 0,0390625; 0,0390625; 533,5357142857143; 0,08862721
5376; 0,0390625; 0,0390625; 525,9285714285714; 0,08736355
5377; 0,0390625; 0,0390625; 528,6428571428571; 0,087814435
5378; 0,0390625; 0,0390625; 534,2678571428571; 0,08874882
5379; 0,0390625; 0,0390625; 529,8571428571429; 0,088016145
5380; 0,0390625; 0,0390625; 532,375; 0,0884344
5381; 0,0390625; 0,0390625; 534,3571428571429; 0,088763654
5382; 0,0390625; 0,0390625; 526,0; 0,08737541
5383; 0,0390625; 0,0390625; 531,2857142857143; 0,088253446
5384; 0,0390625; 0,0390625; 527,8214285714286; 0,08767796
5385; 0,0390625; 0,0390625; 530,6964285714286; 0,08815555
5386; 0,0390625; 0,0390625; 533,75; 0,08866279
5387; 0,0390625; 0,0390625; 530,4642857142857; 0,088116996
5388; 0,0390625; 0,0390625; 529,625; 0,08797757
5389; 0,0390625; 0,0390625; 532,8214285714286; 0,08850856
5390; 0,0390625; 0,0390625; 529,5178571428571; 0,087959774
5391; 0,0390625; 0,0390625; 534,5; 0,088787384
5392; 0,0390625; 0,0390625; 531,2142857142857; 0,08824157
5393; 0,0390625; 0,0390625; 532,0714285714286; 0,088383965
5394; 0,0390625; 0,0390625; 531,2678571428571; 0,08825047
5395; 0,0390625; 0,0390625; 529,8392857142857; 0,08801319
5396; 0,0390625; 0,0390625; 530,0178571428571; 0,08804284
5397; 0,0390625; 0,0390625; 530,5714285714286; 0,08813478
5398; 0,0390625; 0,0390625; 530,3214285714286; 0,088093266
5399; 0,0390625; 0,0390625; 531,9821428571429; 0,08836912
5400; 0,0390625; 0,0390625; 530,5; 0,08812294
5401; 0,0390625; 0,0390625; 529,4821428571429; 0,08795385
5402; 0,0390625; 0,0390625; 527,0; 0,087541535
5403; 0,0390625; 0,0390625; 530,4464285714286; 0,08811403
5404; 0,0390625; 0,0390625; 530,9464285714286; 0,088197075
5405; 0,0390625; 0,0390625; 534,7142857142857; 0,088822976
5406; 0,0390625; 0,0390625; 531,4107142857143; 0,088274196
5407; 0,0390625; 0,0390625; 530,7321428571429; 0,088161476
5408; 0,0390625; 0,0390625; 530,2142857142857; 0,08807545
5409; 0,0390625; 0,0390625; 530,7857142857143; 0,08817039
5410; 0,0390625; 0,0390625; 529,7857142857143; 0,08800429
5411; 0,0390625; 0,0390625; 531,8571428571429; 0,08834837
5412; 0,0390625; 0,0390625; 531,0178571428571; 0,08820896
5413; 0,0390625; 0,0390625; 531,4821428571429; 0,088286065
5414; 0,0390625; 0,0390625; 530,2678571428571; 0,088084355
5415; 0,0390625; 0,0390625; 529,1428571428571; 0,08789749
5416; 0,0390625; 0,0390625; 526,7678571428571; 0,08750298
5417; 0,0390625; 0,0390625; 528,5892857142857; 0,08780553
5418; 0,0390625; 0,0390625; 530,7678571428571; 0,08816742
5419; 0,0390625; 0,0390625; 531,7678571428571; 0,08833351
5420; 0,0390625; 0,0390625; 529,3035714285714; 0,08792418
5421; 0,0390625; 0,0390625; 536,6785714285714; 0,08914926
5422; 0,0390625; 0,0390625; 529,9464285714286; 0,08803095
5423; 0,0390625; 0,0390625; 530,3928571428571; 0,088105135
5424; 0,0390625; 0,0390625; 530,1428571428571; 0,0880636
5425; 0,0390625; 0,0390625; 528,6785714285714; 0,08782036
5426; 0,0390625; 0,0390625; 531,1428571428571; 0,08822971
5427; 0,0390625; 0,0390625; 532,2857142857143; 0,08841957
5428; 0,0390625; 0,0390625; 531,4642857142857; 0,08828312
5429; 0,0390625; 0,0390625; 531,7857142857143; 0,088336505
5430; 0,0390625; 0,0390625; 530,1785714285714; 0,088069536
5431; 0,0390625; 0,0390625; 528,9464285714286; 0,08786486
5432; 0,0390625; 0,0390625; 530,1964285714286; 0,08807249
5433; 0,0390625; 0,0390625; 535,25; 0,08891196
5434; 0,0390625; 0,0390625; 531,6428571428571; 0,08831278
5435; 0,0390625; 0,0390625; 533,0535714285714; 0,08854711
5436; 0,0390625; 0,0390625; 529,3035714285714; 0,08792419
5437; 0,0390625; 0,0390625; 531,6428571428571; 0,08831279
5438; 0,0390625; 0,0390625; 532,0535714285714; 0,08838101
5439; 0,0390625; 0,0390625; 528,75; 0,08783222
5440; 0,0390625; 0,0390625; 532,1964285714286; 0,08840472
5441; 0,0390625; 0,0390625; 531,3928571428571; 0,08827125
5442; 0,0390625; 0,0390625; 530,1428571428571; 0,0880636
5443; 0,0390625; 0,0390625; 529,6071428571429; 0,0879746
5444; 0,0390625; 0,0390625; 531,7142857142857; 0,08832463
5445; 0,0390625; 0,0390625; 532,0357142857143; 0,08837802
5446; 0,0390625; 0,0390625; 531,3035714285714; 0,088256404
5447; 0,0390625; 0,0390625; 530,9107142857143; 0,088191144
5448; 0,0390625; 0,0390625; 530,5892857142857; 0,088137746
5449; 0,0390625; 0,0390625; 531,1428571428571; 0,088229716
5450; 0,0390625; 0,0390625; 528,7321428571429; 0,08782927
5451; 0,0390625; 0,0390625; 532,1607142857143; 0,08839878
5452; 0,0390625; 0,0390625; 529,2857142857143; 0,087921225
5453; 0,0390625; 0,0390625; 527,8392857142857; 0,087680936
5454; 0,0390625; 0,0390625; 530,3035714285714; 0,08809029
5455; 0,0390625; 0,0390625; 527,4464285714286; 0,087615706
5456; 0,0390625; 0,0390625; 529,5357142857143; 0,08796275
5457; 0,0390625; 0,0390625; 528,8214285714286; 0,08784409
5458; 0,0390625; 0,0390625; 530,6428571428571; 0,08814665
5459; 0,0390625; 0,0390625; 531,6607142857143; 0,088315725
5460; 0,0390625; 0,0390625; 529,3928571428571; 0,08793901
5461; 0,0390625; 0,0390625; 532,8035714285714; 0,08850558
5462; 0,0390625; 0,0390625; 531,9821428571429; 0,08836912
5463; 0,0390625; 0,0390625; 530,1071428571429; 0,08805766
5464; 0,0390625; 0,0390625; 527,3035714285714; 0,08759195
5465; 0,0390625; 0,0390625; 529,6071428571429; 0,0879746
5466; 0,0390625; 0,0390625; 528,8214285714286; 0,08784411
5467; 0,0390625; 0,0390625; 528,25; 0,087749176
5468; 0,0390625; 0,0390625; 531,5892857142857; 0,088303864
5469; 0,0390625; 0,0390625; 533,625; 0,08864202
5470; 0,0390625; 0,0390625; 532,3035714285714; 0,088422544
5471; 0,0390625; 0,0390625; 533,1428571428571; 0,088561945
5472; 0,0390625; 0,0390625; 527,2857142857143; 0,087589
5473; 0,0390625; 0,0390625; 530,7857142857143; 0,0881704
5474; 0,0390625; 0,0390625; 529,5; 0,08795681
5475; 0,0390625; 0,0390625; 530,5892857142857; 0,08813777
5476; 0,0390625; 0,0390625; 530,4642857142857; 0,088117
5477; 0,0390625; 0,0390625; 531,0714285714286; 0,088217854
5478; 0,0390625; 0,0390625; 531,4464285714286; 0,08828014
5479; 0,0390625; 0,0390625; 530,9285714285714; 0,08819412
5480; 0,0390625; 0,0390625; 532,8928571428571; 0,088520415
5481; 0,0390625; 0,0390625; 530,9821428571429; 0,088203005
5482; 0,0390625; 0,0390625; 528,5714285714286; 0,087802574
5483; 0,0390625; 0,0390625; 529,2142857142857; 0,08790935
5484; 0,0390625; 0,0390625; 527,375; 0,087603845
5485; 0,0390625; 0,0390625; 528,9285714285714; 0,087861896
5486; 0,0390625; 0,0390625; 531,5892857142857; 0,08830386
5487; 0,0390625; 0,0390625; 530,0178571428571; 0,08804282
5488; 0,0390625; 0,0390625; 533,125; 0,08855898
5489; 0,0390625; 0,0390625; 530,5357142857143; 0,08812885
5490; 0,0390625; 0,0390625; 529,1964285714286; 0,0879064
5491; 0,0390625; 0,0390625; 531,5357142857143; 0,08829496
5492; 0,0390625; 0,0390625; 526,4285714285714; 0,087446585
5493; 0,0390625; 0,0390625; 528,4464285714286; 0,08778179
5494; 0,0390625; 0,0390625; 528,7678571428571; 0,0878352
5495; 0,0390625; 0,0390625; 528,625; 0,08781148
5496; 0,0390625; 0,0390625; 532,1964285714286; 0,08840472
5497; 0,0390625; 0,0390625; 533,9107142857143; 0,08868949
5498; 0,0390625; 0,0390625; 530,6428571428571; 0,08814665
5499; 0,0390625; 0,0390625; 534,4464285714286; 0,08877849
5500; 0,0390625; 0,0390625; 529,5714285714286; 0,087968685
5501; 0,0390625; 0,0390625; 527,6071428571429; 0,087642394
5502; 0,0390625; 0,0390625; 529,875; 0,08801912
5503; 0,0390625; 0,0390625; 531,1071428571429; 0,08822377
5504; 0,0390625; 0,0390625; 529,4642857142857; 0,08795088
5505; 0,0390625; 0,0390625; 530,0892857142857; 0,08805471
5506; 0,0390625; 0,0390625; 530,25; 0,0880814
5507; 0,0390625; 0,0390625; 528,7678571428571; 0,087835185
5508; 0,0390625; 0,0390625; 529,7857142857143; 0,08800427
5509; 0,0390625; 0,0390625; 531,9285714285714; 0,088360235
5510; 0,0390625; 0,0390625; 533,6428571428571; 0,088645
5511; 0,0390625; 0,0390625; 527,75; 0,08766612
5512; 0,0390625; 0,0390625; 529,4285714285714; 0,08794494
5513; 0,0390625; 0,0390625; 529,375; 0,08793605
5514; 0,0390625; 0,0390625; 530,8928571428571; 0,088188194
5515; 0,0390625; 0,0390625; 529,4285714285714; 0,08794496
5516; 0,0390625; 0,0390625; 529,75; 0,08799833
5517; 0,0390625; 0,0390625; 532,1964285714286; 0,08840473
5518; 0,0390625; 0,0390625; 530,4285714285714; 0,08811105
5519; 0,0390625; 0,0390625; 531,5892857142857; 0,08830387
5520; 0,0390625; 0,0390625; 531,2857142857143; 0,08825343
5521; 0,0390625; 0,0390625; 530,5357142857143; 0,08812884
5522; 0,0390625; 0,0390625; 531,7142857142857; 0,08832463
5523; 0,0390625; 0,0390625; 528,4107142857143; 0,08777586
5524; 0,0390625; 0,0390625; 532,5357142857143; 0,088461086
5525; 0,0390625; 0,0390625; 529,1785714285714; 0,0879034
5526; 0,0390625; 0,0390625; 526,3571428571429; 0,08743473
5527; 0,0390625; 0,0390625; 530,9107142857143; 0,08819115
5528; 0,0390625; 0,0390625; 532,2678571428571; 0,08841659
5529; 0,0390625; 0,0390625; 534,875; 0,088849664
5530; 0,0390625; 0,0390625; 532,5357142857143; 0,088461086
5531; 0,0390625; 0,0390625; 530,5178571428571; 0,0881259
5532; 0,0390625; 0,0390625; 528,1071428571429; 0,087725446
5533; 0,0390625; 0,0390625; 530,25; 0,088081375
5534; 0,0390625; 0,0390625; 526,7142857142857; 0,087494075
5535; 0,0390625; 0,0390625; 528,5178571428571; 0,08779367
5536; 0,0390625; 0,0390625; 530,3928571428571; 0,088105135
5537; 0,0390625; 0,0390625; 531,1607142857143; 0,08823269
5538; 0,0390625; 0,0390625; 531,4642857142857; 0,088283114
5539; 0,0390625; 0,0390625; 529,0178571428571; 0,08787673
5540; 0,0390625; 0,0390625; 528,6964285714286; 0,08782334
5541; 0,0390625; 0,0390625; 527,9285714285714; 0,08769578
5542; 0,0390625; 0,0390625; 528,3928571428571; 0,08777289
5543; 0,0390625; 0,0390625; 532,1964285714286; 0,08840473
5544; 0,0390625; 0,0390625; 531,9107142857143; 0,08835726
5545; 0,0390625; 0,0390625; 531,375; 0,08826827
5546; 0,0390625; 0,0390625; 531,1964285714286; 0,08823862
5547; 0,0390625; 0,0390625; 532,5178571428571; 0,08845813
5548; 0,0390625; 0,0390625; 533,0535714285714; 0,08854711
5549; 0,0390625; 0,0390625; 532,5; 0,08845515
5550; 0,0390625; 0,0390625; 532,4464285714286; 0,08844625
5551; 0,0390625; 0,0390625; 530,9107142857143; 0,08819116
5552; 0,0390625; 0,0390625; 531,4464285714286; 0,08828014
5553; 0,0390625; 0,0390625; 533,4464285714286; 0,08861236
5554; 0,0390625; 0,0390625; 531,2321428571429; 0,08824454
5555; 0,0390625; 0,0390625; 530,1071428571429; 0,08805768
5556; 0,0390625; 0,0390625; 530,375; 0,08810217
5557; 0,0390625; 0,0390625; 528,4464285714286; 0,0877818
5558; 0,0390625; 0,0390625; 530,3392857142857; 0,08809624
5559; 0,0390625; 0,0390625; 529,9285714285714; 0,08802802
5560; 0,0390625; 0,0390625; 535,6428571428571; 0,088977225
5561; 0,0390625; 0,0390625; 529,8035714285714; 0,088007234
5562; 0,0390625; 0,0390625; 530,7142857142857; 0,0881585
5563; 0,0390625; 0,0390625; 532,875; 0,08851744
5564; 0,0390625; 0,0390625; 531,3928571428571; 0,088271245
5565; 0,0390625; 0,0390625; 527,7678571428571; 0,08766907
5566; 0,0390625; 0,0390625; 528,25; 0,087749176
5567; 0,0390625; 0,0390625; 531,8571428571429; 0,08834837
5568; 0,0390625; 0,0390625; 532,4285714285714; 0,088443294
5569; 0,0390625; 0,0390625; 527,4464285714286; 0,08761568
5570; 0,0390625; 0,0390625; 528,1964285714286; 0,08774025
5571; 0,0390625; 0,0390625; 535,7678571428571; 0,088997975
5572; 0,0390625; 0,0390625; 529,8392857142857; 0,08801317
5573; 0,0390625; 0,0390625; 532,1607142857143; 0,0883988
5574; 0,0390625; 0,0390625; 532,0535714285714; 0,08838099
5575; 0,0390625; 0,0390625; 531,125; 0,08822676
5576; 0,0390625; 0,0390625; 530,5357142857143; 0,08812888
5577; 0,0390625; 0,0390625; 531,1071428571429; 0,08822377
5578; 0,0390625; 0,0390625; 524,2321428571429; 0,08708175
5579; 0,0390625; 0,0390625; 532,8928571428571; 0,0885204
5580; 0,0390625; 0,0390625; 533,6071428571429; 0,088639066
5581; 0,0390625; 0,0390625; 531,8392857142857; 0,08834541
5582; 0,0390625; 0,0390625; 529,3035714285714; 0,08792419
5583; 0,0390625; 0,0390625; 533,75; 0,08866281
5584; 0,0390625; 0,0390625; 530,3392857142857; 0,08809624
5585; 0,0390625; 0,0390625; 528,4642857142857; 0,08778477
5586; 0,0390625; 0,0390625; 530,0178571428571; 0,08804285
5587; 0,0390625; 0,0390625; 531,4642857142857; 0,08828311
5588; 0,0390625; 0,0390625; 531,125; 0,08822675
5589; 0,0390625; 0,0390625; 530,1964285714286; 0,0880725
5590; 0,0390625; 0,0390625; 531,3035714285714; 0,08825641
5591; 0,0390625; 0,0390625; 530,0; 0,08803988
5592; 0,0390625; 0,0390625; 529,4821428571429; 0,08795386
5593; 0,0390625; 0,0390625; 528,0; 0,087707646
5594; 0,0390625; 0,0390625; 530,7321428571429; 0,08816148
5595; 0,0390625; 0,0390625; 531,4642857142857; 0,08828311
5596; 0,0390625; 0,0390625; 532,6071428571429; 0,088472955
5597; 0,0390625; 0,0390625; 529,1785714285714; 0,08790342
5598; 0,0390625; 0,0390625; 530,0892857142857; 0,0880547
5599; 0,0390625; 0,0390625; 528,125; 0,087728426
5600; 0,0390625; 0,0390625; 530,7321428571429; 0,08816149
5601; 0,0390625; 0,0390625; 530,2857142857143; 0,088087335
5602; 0,0390625; 0,0390625; 530,4464285714286; 0,08811402
5603; 0,0390625; 0,0390625; 533,375; 0,08860051
5604; 0,0390625; 0,0390625; 529,6964285714286; 0,08798945
5605; 0,0390625; 0,0390625; 529,1071428571429; 0,08789156
5606; 0,0390625; 0,0390625; 530,5; 0,08812293
5607; 0,0390625; 0,0390625; 528,5535714285714; 0,087799594
5608; 0,0390625; 0,0390625; 529,3214285714286; 0,087927155
5609; 0,0390625; 0,0390625; 530,75; 0,08816445
5610; 0,0390625; 0,0390625; 529,9642857142857; 0,08803393
5611; 0,0390625; 0,0390625; 527,1428571428571; 0,08756526
5612; 0,0390625; 0,0390625; 533,7321428571429; 0,08865982
5613; 0,0390625; 0,0390625; 530,4642857142857; 0,08811698
5614; 0,0390625; 0,0390625; 529,0178571428571; 0,08787672
5615; 0,0390625; 0,0390625; 530,8392857142857; 0,08817929
5616; 0,0390625; 0,0390625; 530,5; 0,08812291
5617; 0,0390625; 0,0390625; 527,8571428571429; 0,087683916
5618; 0,0390625; 0,0390625; 527,0; 0,087541535
5619; 0,0390625; 0,0390625; 527,4285714285714; 0,087612726
5620; 0,0390625; 0,0390625; 529,8214285714286; 0,088010214
5621; 0,0390625; 0,0390625; 528,875; 0,08785299
5622; 0,0390625; 0,0390625; 531,0535714285714; 0,08821489
5623; 0,0390625; 0,0390625; 528,7142857142857; 0,08782631
5624; 0,0390625; 0,0390625; 532,0178571428571; 0,08837505
5625; 0,0390625; 0,0390625; 531,5535714285714; 0,08829795
5626; 0,0390625; 0,0390625; 531,3392857142857; 0,088262334
5627; 0,0390625; 0,0390625; 529,6428571428571; 0,087980546
5628; 0,0390625; 0,0390625; 531,6428571428571; 0,08831275
5629; 0,0390625; 0,0390625; 534,25; 0,08874585
5630; 0,0390625; 0,0390625; 530,2142857142857; 0,08807546
5631; 0,0390625; 0,0390625; 526,625; 0,08747924
5632; 0,0390625; 0,0390625; 532,4285714285714; 0,08844328
5633; 0,0390625; 0,0390625; 527,625; 0,08764535
5634; 0,0390625; 0,0390625; 530,8392857142857; 0,088179275
5635; 0,0390625; 0,0390625; 530,6607142857143; 0,088149615
5636; 0,0390625; 0,0390625; 531,8035714285714; 0,08833946
5637; 0,0390625; 0,0390625; 528,1428571428571; 0,08773136
5638; 0,0390625; 0,0390625; 532,25; 0,08841363
5639; 0,0390625; 0,0390625; 531,3571428571429; 0,088265315
5640; 0,0390625; 0,0390625; 531,5714285714286; 0,088300906
5641; 0,0390625; 0,0390625; 530,4464285714286; 0,08811403
5642; 0,0390625; 0,0390625; 529,6428571428571; 0,087980546
5643; 0,0390625; 0,0390625; 532,9821428571429; 0,08853525
5644; 0,0390625; 0,0390625; 530,125; 0,088060625
5645; 0,0390625; 0,0390625; 531,5892857142857; 0,08830387
5646; 0,0390625; 0,0390625; 530,4821428571429; 0,08811996
5647; 0,0390625; 0,0390625; 530,2321428571429; 0,08807844
5648; 0,0390625; 0,0390625; 530,5357142857143; 0,08812887
5649; 0,0390625; 0,0390625; 531,1607142857143; 0,08823267
5650; 0,0390625; 0,0390625; 531,5714285714286; 0,0883009
5651; 0,0390625; 0,0390625; 530,0535714285714; 0,08804877
5652; 0,0390625; 0,0390625; 529,4821428571429; 0,08795384
5653; 0,0390625; 0,0390625; 529,5535714285714; 0,08796571
5654; 0,0390625; 0,0390625; 527,1785714285714; 0,087571196
5655; 0,0390625; 0,0390625; 531,6964285714286; 0,08832166
5656; 0,0390625; 0,0390625; 530,5892857142857; 0,08813776
5657; 0,0390625; 0,0390625; 530,2321428571429; 0,088078424
5658; 0,0390625; 0,0390625; 532,0178571428571; 0,08837508
5659; 0,0390625; 0,0390625; 533,9285714285714; 0,088692464
5660; 0,0390625; 0,0390625; 530,9107142857143; 0,088191144
5661; 0,0390625; 0,0390625; 524,1964285714286; 0,087075815
5662; 0,0390625; 0,0390625; 527,5714285714286; 0,087636456
5663; 0,0390625; 0,0390625; 526,8214285714286; 0,08751186
5664; 0,0390625; 0,0390625; 533,8928571428571; 0,08868653
5665; 0,0390625; 0,0390625; 528,2321428571429; 0,08774622
5666; 0,0390625; 0,0390625; 530,1428571428571; 0,08806359
5667; 0,0390625; 0,0390625; 531,875; 0,088351324
5668; 0,0390625; 0,0390625; 532,1964285714286; 0,08840472
5669; 0,0390625; 0,0390625; 529,7857142857143; 0,08800427
5670; 0,0390625; 0,0390625; 530,4821428571429; 0,088119976
5671; 0,0390625; 0,0390625; 530,7678571428571; 0,08816742
5672; 0,0390625; 0,0390625; 525,9642857142857; 0,08736949
5673; 0,0390625; 0,0390625; 528,5357142857143; 0,087796636
5674; 0,0390625; 0,0390625; 529,7142857142857; 0,08799242
5675; 0,0390625; 0,0390625; 535,25; 0,08891196
5676; 0,0390625; 0,0390625; 529,3392857142857; 0,08793013
5677; 0,0390625; 0,0390625; 529,8035714285714; 0,088007234
5678; 0,0390625; 0,0390625; 527,875; 0,08768688
5679; 0,0390625; 0,0390625; 530,9821428571429; 0,08820302
5680; 0,0390625; 0,0390625; 533,25; 0,08857974
5681; 0,0390625; 0,0390625; 531,5178571428571; 0,088292
5682; 0,0390625; 0,0390625; 530,8928571428571; 0,08818817
5683; 0,0390625; 0,0390625; 532,2678571428571; 0,088416584
5684; 0,0390625; 0,0390625; 529,6428571428571; 0,087980546
5685; 0,0390625; 0,0390625; 530,5535714285714; 0,08813182
5686; 0,0390625; 0,0390625; 531,5; 0,08828903
5687; 0,0390625; 0,0390625; 532,5178571428571; 0,08845811
5688; 0,0390625; 0,0390625; 530,3571428571429; 0,08809919
5689; 0,0390625; 0,0390625; 528,5178571428571; 0,087793685
5690; 0,0390625; 0,0390625; 529,4285714285714; 0,08794495
5691; 0,0390625; 0,0390625; 533,1785714285714; 0,088567875
5692; 0,0390625; 0,0390625; 533,5892857142857; 0,08863609
5693; 0,0390625; 0,0390625; 530,8928571428571; 0,08818818
5694; 0,0390625; 0,0390625; 529,3035714285714; 0,087924175
5695; 0,0390625; 0,0390625; 527,7142857142857; 0,08766018
5696; 0,0390625; 0,0390625; 529,1607142857143; 0,08790046
5697; 0,0390625; 0,0390625; 532,8571428571429; 0,08851447
5698; 0,0390625; 0,0390625; 531,5535714285714; 0,088297926
5699; 0,0390625; 0,0390625; 530,9464285714286; 0,088197075
5700; 0,0390625; 0,0390625; 531,6785714285714; 0,0883187
5701; 0,0390625; 0,0390625; 529,9285714285714; 0,08802801
5702; 0,0390625; 0,0390625; 530,3928571428571; 0,088105135
5703; 0,0390625; 0,0390625; 533,25; 0,088579714
5704; 0,0390625; 0,0390625; 531,5; 0,088289045
5705; 0,0390625; 0,0390625; 530,4285714285714; 0,08811105
5706; 0,0390625; 0,0390625; 529,8392857142857; 0,08801317
5707; 0,0390625; 0,0390625; 531,5892857142857; 0,08830388
5708; 0,0390625; 0,0390625; 530,8571428571429; 0,08818225
5709; 0,0390625; 0,0390625; 531,8571428571429; 0,08834837
5710; 0,0390625; 0,0390625; 528,6785714285714; 0,087820366
5711; 0,0390625; 0,0390625; 529,9464285714286; 0,08803094
5712; 0,0390625; 0,0390625; 530,4642857142857; 0,08811698
5713; 0,0390625; 0,0390625; 529,4464285714286; 0,08794791
5714; 0,0390625; 0,0390625; 528,875; 0,08785298
5715; 0,0390625; 0,0390625; 531,6964285714286; 0,08832166
5716; 0,0390625; 0,0390625; 531,2142857142857; 0,08824158
5717; 0,0390625; 0,0390625; 532,3571428571429; 0,08843142
5718; 0,0390625; 0,0390625; 533,5; 0,08862126
5719; 0,0390625; 0,0390625; 531,3035714285714; 0,08825642
5720; 0,0390625; 0,0390625; 530,3214285714286; 0,088093266
5721; 0,0390625; 0,0390625; 529,2142857142857; 0,087909356
5722; 0,0390625; 0,0390625; 529,0178571428571; 0,08787672
5723; 0,0390625; 0,0390625; 530,1071428571429; 0,088057674
5724; 0,0390625; 0,0390625; 529,1607142857143; 0,08790045
5725; 0,0390625; 0,0390625; 532,1428571428571; 0,08839582
5726; 0,0390625; 0,0390625; 530,7321428571429; 0,088161506
5727; 0,0390625; 0,0390625; 531,5357142857143; 0,08829499
5728; 0,0390625; 0,0390625; 531,3035714285714; 0,08825641
5729; 0,0390625; 0,0390625; 529,6964285714286; 0,08798946
5730; 0,0390625; 0,0390625; 530,75; 0,08816446
5731; 0,0390625; 0,0390625; 530,9821428571429; 0,088203005
5732; 0,0390625; 0,0390625; 529,8035714285714; 0,08800725
5733; 0,0390625; 0,0390625; 531,8392857142857; 0,08834541
5734; 0,0390625; 0,0390625; 530,625; 0,0881437
5735; 0,0390625; 0,0390625; 530,0714285714286; 0,08805174
5736; 0,0390625; 0,0390625; 529,5535714285714; 0,08796573
5737; 0,0390625; 0,0390625; 531,3035714285714; 0,08825641
5738; 0,0390625; 0,0390625; 527,7321428571429; 0,08766315
5739; 0,0390625; 0,0390625; 532,4642857142857; 0,08844923
5740; 0,0390625; 0,0390625; 529,375; 0,08793606
5741; 0,0390625; 0,0390625; 530,9285714285714; 0,088194095
5742; 0,0390625; 0,0390625; 528,5357142857143; 0,08779662
5743; 0,0390625; 0,0390625; 531,7321428571429; 0,08832761
5744; 0,0390625; 0,0390625; 532,3214285714286; 0,088425495
5745; 0,0390625; 0,0390625; 529,4821428571429; 0,08795385
5746; 0,0390625; 0,0390625; 530,7142857142857; 0,0881585
5747; 0,0390625; 0,0390625; 530,2678571428571; 0,08808436
5748; 0,0390625; 0,0390625; 533,6607142857143; 0,08864796
5749; 0,0390625; 0,0390625; 526,8571428571429; 0,087517805
5750; 0,0390625; 0,0390625; 533,0714285714286; 0,088550076
5751; 0,0390625; 0,0390625; 535,7857142857143; 0,089000955
5752; 0,0390625; 0,0390625; 529,4107142857143; 0,08794199
5753; 0,0390625; 0,0390625; 532,7321428571429; 0,08849372
5754; 0,0390625; 0,0390625; 530,7142857142857; 0,08815851
5755; 0,0390625; 0,0390625; 530,7142857142857; 0,088158526
5756; 0,0390625; 0,0390625; 528,7321428571429; 0,087829255
5757; 0,0390625; 0,0390625; 530,1071428571429; 0,088057674
5758; 0,0390625; 0,0390625; 530,7678571428571; 0,08816742
5759; 0,0390625; 0,0390625; 533,75; 0,08866278
5760; 0,0390625; 0,0390625; 529,8392857142857; 0,08801318
5761; 0,0390625; 0,0390625; 527,9285714285714; 0,08769578
5762; 0,0390625; 0,0390625; 532,6607142857143; 0,08848184
5763; 0,0390625; 0,0390625; 532,7678571428571; 0,08849964
5764; 0,0390625; 0,0390625; 530,9821428571429; 0,08820302
5765; 0,0390625; 0,0390625; 531,8035714285714; 0,08833946
5766; 0,0390625; 0,0390625; 532,2678571428571; 0,08841658
5767; 0,0390625; 0,0390625; 527,5892857142857; 0,08763941
5768; 0,0390625; 0,0390625; 531,5535714285714; 0,08829794
5769; 0,0390625; 0,0390625; 529,875; 0,08801912
5770; 0,0390625; 0,0390625; 528,4285714285714; 0,08777883
5771; 0,0390625; 0,0390625; 530,3928571428571; 0,08810514
5772; 0,0390625; 0,0390625; 529,8035714285714; 0,08800726
5773; 0,0390625; 0,0390625; 529,5357142857143; 0,087962754
5774; 0,0390625; 0,0390625; 531,1785714285714; 0,08823564
5775; 0,0390625; 0,0390625; 531,7678571428571; 0,08833353
5776; 0,0390625; 0,0390625; 532,3928571428571; 0,08843736
5777; 0,0390625; 0,0390625; 531,9464285714286; 0,08836321
5778; 0,0390625; 0,0390625; 530,7857142857143; 0,0881704
5779; 0,0390625; 0,0390625; 530,125; 0,08806063
5780; 0,0390625; 0,0390625; 529,8928571428571; 0,088022076
5781; 0,0390625; 0,0390625; 528,5; 0,087790705
5782; 0,0390625; 0,0390625; 531,7678571428571; 0,088333525
5783; 0,0390625; 0,0390625; 533,3571428571429; 0,08859754
5784; 0,0390625; 0,0390625; 531,4464285714286; 0,088280134
5785; 0,0390625; 0,0390625; 529,5535714285714; 0,087965705
5786; 0,0390625; 0,0390625; 528,9464285714286; 0,08786487
5787; 0,0390625; 0,0390625; 530,5; 0,08812293
5788; 0,0390625; 0,0390625; 529,3035714285714; 0,08792418
5789; 0,0390625; 0,0390625; 531,2321428571429; 0,08824455
5790; 0,0390625; 0,0390625; 531,3392857142857; 0,08826236
5791; 0,0390625; 0,0390625; 530,1785714285714; 0,08806955
5792; 0,0390625; 0,0390625; 528,9464285714286; 0,08786487
5793; 0,0390625; 0,0390625; 526,375; 0,087437704
5794; 0,0390625; 0,0390625; 531,3571428571429; 0,08826531
5795; 0,0390625; 0,0390625; 532,3392857142857; 0,08842845
5796; 0,0390625; 0,0390625; 529,0357142857143; 0,0878797
5797; 0,0390625; 0,0390625; 531,8571428571429; 0,088348374
5798; 0,0390625; 0,0390625; 531,2678571428571; 0,088250466
5799; 0,0390625; 0,0390625; 532,5357142857143; 0,0884611
5800; 0,0390625; 0,0390625; 531,0892857142857; 0,08822081
5801; 0,0390625; 0,0390625; 529,2321428571429; 0,08791231
5802; 0,0390625; 0,0390625; 530,8571428571429; 0,088182256
5803; 0,0390625; 0,0390625; 531,9107142857143; 0,088357255
5804; 0,0390625; 0,0390625; 530,8214285714286; 0,08817631
5805; 0,0390625; 0,0390625; 531,6785714285714; 0,088318706
5806; 0,0390625; 0,0390625; 533,3035714285714; 0,08858864
5807; 0,0390625; 0,0390625; 530,3392857142857; 0,088096246
5808; 0,0390625; 0,0390625; 532,9821428571429; 0,08853524
5809; 0,0390625; 0,0390625; 528,8214285714286; 0,08784408
5810; 0,0390625; 0,0390625; 528,7857142857143; 0,08783816
5811; 0,0390625; 0,0390625; 533,3214285714286; 0,08859161
5812; 0,0390625; 0,0390625; 531,25; 0,0882475
5813; 0,0390625; 0,0390625; 531,4107142857143; 0,0882742
5814; 0,0390625; 0,0390625; 526,1607142857143; 0,08740213
5815; 0,0390625; 0,0390625; 528,5892857142857; 0,087805524
5816; 0,0390625; 0,0390625; 528,8571428571429; 0,08785002
5817; 0,0390625; 0,0390625; 531,6785714285714; 0,0883187
5818; 0,0390625; 0,0390625; 534,6071428571429; 0,08880519
5819; 0,0390625; 0,0390625; 528,2678571428571; 0,08775212
5820; 0,0390625; 0,0390625; 530,875; 0,088185206
5821; 0,0390625; 0,0390625; 530,75; 0,08816444
5822; 0,0390625; 0,0390625; 527,2142857142857; 0,08757712
5823; 0,0390625; 0,0390625; 531,9464285714286; 0,08836319
5824; 0,0390625; 0,0390625; 530,9464285714286; 0,08819707
5825; 0,0390625; 0,0390625; 530,9642857142857; 0,08820005
5826; 0,0390625; 0,0390625; 530,375; 0,088102184
5827; 0,0390625; 0,0390625; 530,625; 0,08814369
5828; 0,0390625; 0,0390625; 529,1785714285714; 0,08790344
5829; 0,0390625; 0,0390625; 529,5892857142857; 0,087971635
5830; 0,0390625; 0,0390625; 532,5892857142857; 0,08846999
5831; 0,0390625; 0,0390625; 532,0357142857143; 0,08837802
5832; 0,0390625; 0,0390625; 529,8392857142857; 0,088013165
5833; 0,0390625; 0,0390625; 529,8035714285714; 0,088007264
5834; 0,0390625; 0,0390625; 531,9285714285714; 0,08836024
5835; 0,0390625; 0,0390625; 532,3035714285714; 0,08842252
5836; 0,0390625; 0,0390625; 528,5357142857143; 0,08779662
5837; 0,0390625; 0,0390625; 528,5535714285714; 0,0877996
5838; 0,0390625; 0,0390625; 533,0892857142857; 0,08855305
5839; 0,0390625; 0,0390625; 529,8928571428571; 0,088022076
5840; 0,0390625; 0,0390625; 527,6785714285714; 0,087654255
5841; 0,0390625; 0,0390625; 530,5535714285714; 0,08813182
5842; 0,0390625; 0,0390625; 530,4821428571429; 0,08811997
5843; 0,0390625; 0,0390625; 531,1428571428571; 0,08822972
5844; 0,0390625; 0,0390625; 529,2321428571429; 0,08791231
5845; 0,0390625; 0,0390625; 531,0357142857143; 0,08821191
5846; 0,0390625; 0,0390625; 535,1607142857143; 0,08889715
5847; 0,0390625; 0,0390625; 529,0892857142857; 0,08788859
5848; 0,0390625; 0,0390625; 530,0535714285714; 0,08804876
5849; 0,0390625; 0,0390625; 533,0178571428571; 0,08854117
5850; 0,0390625; 0,0390625; 533,0714285714286; 0,088550076
5851; 0,0390625; 0,0390625; 528,7142857142857; 0,0878263
5852; 0,0390625; 0,0390625; 531,2142857142857; 0,08824157
5853; 0,0390625; 0,0390625; 531,8928571428571; 0,08835429
5854; 0,0390625; 0,0390625; 529,8571428571429; 0,088016145
5855; 0,0390625; 0,0390625; 529,5178571428571; 0,08795979
5856; 0,0390625; 0,0390625; 530,2857142857143; 0,08808733
5857; 0,0390625; 0,0390625; 527,9464285714286; 0,08769875
5858; 0,0390625; 0,0390625; 533,25; 0,08857973
5859; 0,0390625; 0,0390625; 530,875; 0,08818523
5860; 0,0390625; 0,0390625; 536,25; 0,08907806
5861; 0,0390625; 0,0390625; 533,4642857142857; 0,088615336
5862; 0,0390625; 0,0390625; 529,6607142857143; 0,0879835
5863; 0,0390625; 0,0390625; 530,9821428571429; 0,08820301
5864; 0,0390625; 0,0390625; 532,125; 0,088392854
5865; 0,0390625; 0,0390625; 531,5357142857143; 0,088294975
5866; 0,0390625; 0,0390625; 531,0892857142857; 0,08822079
5867; 0,0390625; 0,0390625; 530,8392857142857; 0,088179275
5868; 0,0390625; 0,0390625; 530,0178571428571; 0,08804283
5869; 0,0390625; 0,0390625; 529,125; 0,08789452
5870; 0,0390625; 0,0390625; 530,1607142857143; 0,08806656
5871; 0,0390625; 0,0390625; 527,0178571428571; 0,08754451
5872; 0,0390625; 0,0390625; 530,6964285714286; 0,08815556
5873; 0,0390625; 0,0390625; 533,0; 0,08853821
5874; 0,0390625; 0,0390625; 529,6964285714286; 0,08798945
5875; 0,0390625; 0,0390625; 531,3214285714286; 0,088259384
5876; 0,0390625; 0,0390625; 531,4464285714286; 0,088280134
5877; 0,0390625; 0,0390625; 529,6071428571429; 0,087974615
5878; 0,0390625; 0,0390625; 529,7678571428571; 0,0880013
5879; 0,0390625; 0,0390625; 528,9821428571429; 0,08787079
5880; 0,0390625; 0,0390625; 532,125; 0,088392854
5881; 0,0390625; 0,0390625; 535,1607142857143; 0,08889713
5882; 0,0390625; 0,0390625; 531,3035714285714; 0,08825642
5883; 0,0390625; 0,0390625; 526,3571428571429; 0,08743475
5884; 0,0390625; 0,0390625; 529,1785714285714; 0,087903425
5885; 0,0390625; 0,0390625; 529,5178571428571; 0,087959774
5886; 0,0390625; 0,0390625; 531,8928571428571; 0,08835433
5887; 0,0390625; 0,0390625; 531,7857142857143; 0,08833651
5888; 0,0390625; 0,0390625; 529,6071428571429; 0,0879746
5889; 0,0390625; 0,0390625; 532,8214285714286; 0,08850855
5890; 0,0390625; 0,0390625; 529,6964285714286; 0,08798945
5891; 0,0390625; 0,0390625; 531,4285714285714; 0,08827717
5892; 0,0390625; 0,0390625; 532,0; 0,088372104
5893; 0,0390625; 0,0390625; 529,2321428571429; 0,08791231
5894; 0,0390625; 0,0390625; 532,4285714285714; 0,088443294
5895; 0,0390625; 0,0390625; 529,8928571428571; 0,08802205
5896; 0,0390625; 0,0390625; 530,3035714285714; 0,0880903
5897; 0,0390625; 0,0390625; 529,9285714285714; 0,08802802
5898; 0,0390625; 0,0390625; 532,1785714285714; 0,08840177
5899; 0,0390625; 0,0390625; 530,9642857142857; 0,08820005
5900; 0,0390625; 0,0390625; 528,6071428571429; 0,0878085
5901; 0,0390625; 0,0390625; 531,4464285714286; 0,088280134
5902; 0,0390625; 0,0390625; 529,2857142857143; 0,08792121
5903; 0,0390625; 0,0390625; 532,125; 0,08839286
5904; 0,0390625; 0,0390625; 532,9107142857143; 0,08852339
5905; 0,0390625; 0,0390625; 531,1607142857143; 0,08823269
5906; 0,0390625; 0,0390625; 534,9821428571429; 0,08886748
5907; 0,0390625; 0,0390625; 529,2142857142857; 0,087909356
5908; 0,0390625; 0,0390625; 529,0178571428571; 0,08787673
5909; 0,0390625; 0,0390625; 529,5; 0,08795681
5910; 0,0390625; 0,0390625; 530,4464285714286; 0,08811404
5911; 0,0390625; 0,0390625; 530,7857142857143; 0,08817037
5912; 0,0390625; 0,0390625; 525,2678571428571; 0,087253794
5913; 0,0390625; 0,0390625; 530,25; 0,0880814
5914; 0,0390625; 0,0390625; 532,0357142857143; 0,08837802
5915; 0,0390625; 0,0390625; 529,2857142857143; 0,087921225
5916; 0,0390625; 0,0390625; 530,4107142857143; 0,088108085
5917; 0,0390625; 0,0390625; 533,5535714285714; 0,088630155
5918; 0,0390625; 0,0390625; 530,2321428571429; 0,08807844
5919; 0,0390625; 0,0390625; 527,7321428571429; 0,08766315
5920; 0,0390625; 0,0390625; 528,3928571428571; 0,08777289
5921; 0,0390625; 0,0390625; 531,4642857142857; 0,0882831
5922; 0,0390625; 0,0390625; 528,0; 0,08770764
5923; 0,0390625; 0,0390625; 532,7321428571429; 0,088493705
5924; 0,0390625; 0,0390625; 531,4285714285714; 0,08827717
5925; 0,0390625; 0,0390625; 531,5357142857143; 0,08829496
5926; 0,0390625; 0,0390625; 533,5892857142857; 0,08863609
5927; 0,0390625; 0,0390625; 529,3214285714286; 0,08792715
5928; 0,0390625; 0,0390625; 531,7321428571429; 0,0883276
5929; 0,0390625; 0,0390625; 529,6428571428571; 0,08798052
5930; 0,0390625; 0,0390625; 531,0714285714286; 0,08821785
5931; 0,0390625; 0,0390625; 530,5357142857143; 0,08812885
5932; 0,0390625; 0,0390625; 533,9464285714286; 0,08869542
5933; 0,0390625; 0,0390625; 530,4821428571429; 0,08811995
5934; 0,0390625; 0,0390625; 530,4821428571429; 0,08811996
5935; 0,0390625; 0,0390625; 532,5; 0,08845515
5936; 0,0390625; 0,0390625; 529,625; 0,08797759
5937; 0,0390625; 0,0390625; 528,9107142857143; 0,08785892
5938; 0,0390625; 0,0390625; 529,7321428571429; 0,08799537
5939; 0,0390625; 0,0390625; 531,5714285714286; 0,08830092
5940; 0,0390625; 0,0390625; 528,8035714285714; 0,087841116
5941; 0,0390625; 0,0390625; 530,0892857142857; 0,0880547
5942; 0,0390625; 0,0390625; 529,25; 0,08791528
5943; 0,0390625; 0,0390625; 532,2857142857143; 0,08841955
5944; 0,0390625; 0,0390625; 531,5892857142857; 0,08830387
5945; 0,0390625; 0,0390625; 530,5892857142857; 0,08813775
5946; 0,0390625; 0,0390625; 531,8928571428571; 0,0883543
5947; 0,0390625; 0,0390625; 529,375; 0,08793605
5948; 0,0390625; 0,0390625; 530,1964285714286; 0,088072516
5949; 0,0390625; 0,0390625; 528,6964285714286; 0,087823346
5950; 0,0390625; 0,0390625; 532,4642857142857; 0,088449225
5951; 0,0390625; 0,0390625; 529,6607142857143; 0,0879835
5952; 0,0390625; 0,0390625; 530,6964285714286; 0,08815556
5953; 0,0390625; 0,0390625; 530,8392857142857; 0,08817929
5954; 0,0390625; 0,0390625; 530,125; 0,08806062
5955; 0,0390625; 0,0390625; 530,7142857142857; 0,08815853
5956; 0,0390625; 0,0390625; 530,3035714285714; 0,08809031
5957; 0,0390625; 0,0390625; 531,2142857142857; 0,088241585
5958; 0,0390625; 0,0390625; 530,8392857142857; 0,08817928
5959; 0,0390625; 0,0390625; 528,5; 0,087790705
5960; 0,0390625; 0,0390625; 531,7857142857143; 0,088336505
5961; 0,0390625; 0,0390625; 530,8035714285714; 0,08817334
5962; 0,0390625; 0,0390625; 530,5357142857143; 0,08812884
5963; 0,0390625; 0,0390625; 530,125; 0,088060625
5964; 0,0390625; 0,0390625; 528,7321428571429; 0,08782927
5965; 0,0390625; 0,0390625; 531,8035714285714; 0,088339455
5966; 0,0390625; 0,0390625; 531,6785714285714; 0,088318706
5967; 0,0390625; 0,0390625; 528,4821428571429; 0,08778773
5968; 0,0390625; 0,0390625; 530,4642857142857; 0,088116996
5969; 0,0390625; 0,0390625; 526,3392857142857; 0,08743178
5970; 0,0390625; 0,0390625; 529,3928571428571; 0,08793901
5971; 0,0390625; 0,0390625; 532,1071428571429; 0,08838989
5972; 0,0390625; 0,0390625; 528,4642857142857; 0,087784775
5973; 0,0390625; 0,0390625; 530,2142857142857; 0,08807545
5974; 0,0390625; 0,0390625; 530,8928571428571; 0,08818818
5975; 0,0390625; 0,0390625; 532,1607142857143; 0,0883988
5976; 0,0390625; 0,0390625; 532,0892857142857; 0,08838694
5977; 0,0390625; 0,0390625; 529,9285714285714; 0,088028
5978; 0,0390625; 0,0390625; 533,0892857142857; 0,088553056
5979; 0,0390625; 0,0390625; 530,875; 0,088185236
5980; 0,0390625; 0,0390625; 528,9107142857143; 0,08785892
5981; 0,0390625; 0,0390625; 531,9642857142857; 0,088366166
5982; 0,0390625; 0,0390625; 530,1964285714286; 0,0880725
5983; 0,0390625; 0,0390625; 528,8928571428571; 0,08785597
5984; 0,0390625; 0,0390625; 533,7142857142857; 0,08865686
5985; 0,0390625; 0,0390625; 530,6964285714286; 0,08815557
5986; 0,0390625; 0,0390625; 527,9642857142857; 0,087701716
5987; 0,0390625; 0,0390625; 532,2678571428571; 0,08841659
5988; 0,0390625; 0,0390625; 529,4285714285714; 0,08794495
5989; 0,0390625; 0,0390625; 528,6785714285714; 0,087820366
5990; 0,0390625; 0,0390625; 529,625; 0,08797759
5991; 0,0390625; 0,0390625; 530,5714285714286; 0,08813481
5992; 0,0390625; 0,0390625; 529,9285714285714; 0,088028006
5993; 0,0390625; 0,0390625; 531,0178571428571; 0,088208966
5994; 0,0390625; 0,0390625; 529,8214285714286; 0,088010214
5995; 0,0390625; 0,0390625; 530,7678571428571; 0,08816741
5996; 0,0390625; 0,0390625; 530,2142857142857; 0,088075474
5997; 0,0390625; 0,0390625; 529,875; 0,08801911
5998; 0,0390625; 0,0390625; 533,4642857142857; 0,08861534
5999; 0,0390625; 0,0390625; 532,0535714285714; 0,08838101
6000; 0,0390625; 0,0390625; 529,8392857142857; 0,088013165
6001; 0,0390625; 0,0390625; 531,0892857142857; 0,08822083
6002; 0,0390625; 0,0390625; 529,3571428571429; 0,087933086
6003; 0,0390625; 0,0390625; 527,0178571428571; 0,08754449
6004; 0,0390625; 0,0390625; 527,375; 0,0876038
6005; 0,0390625; 0,0390625; 529,7857142857143; 0,088004276
6006; 0,0390625; 0,0390625; 530,0178571428571; 0,08804284
6007; 0,0390625; 0,0390625; 528,7857142857143; 0,08783816
6008; 0,0390625; 0,0390625; 529,8928571428571; 0,088022076
6009; 0,0390625; 0,0390625; 532,6785714285714; 0,088484816
6010; 0,0390625; 0,0390625; 528,375; 0,087769926
6011; 0,0390625; 0,0390625; 531,875; 0,08835133
6012; 0,0390625; 0,0390625; 528,3571428571429; 0,08776696
6013; 0,0390625; 0,0390625; 531,0178571428571; 0,08820896
6014; 0,0390625; 0,0390625; 531,7321428571429; 0,088327594
6015; 0,0390625; 0,0390625; 528,8571428571429; 0,08785003
6016; 0,0390625; 0,0390625; 530,2142857142857; 0,08807546
6017; 0,0390625; 0,0390625; 530,1785714285714; 0,08806952
6018; 0,0390625; 0,0390625; 530,0714285714286; 0,08805172
6019; 0,0390625; 0,0390625; 529,5; 0,0879568
6020; 0,0390625; 0,0390625; 529,4285714285714; 0,08794493
6021; 0,0390625; 0,0390625; 530,7678571428571; 0,08816742
6022; 0,0390625; 0,0390625; 532,5178571428571; 0,08845811
6023; 0,0390625; 0,0390625; 529,8214285714286; 0,088010214
6024; 0,0390625; 0,0390625; 531,9642857142857; 0,08836616
6025; 0,0390625; 0,0390625; 529,7678571428571; 0,08800132
6026; 0,0390625; 0,0390625; 531,25; 0,0882475
6027; 0,0390625; 0,0390625; 528,5357142857143; 0,08779664
6028; 0,0390625; 0,0390625; 527,4107142857143; 0,08760977
6029; 0,0390625; 0,0390625; 528,0714285714286; 0,08771951
6030; 0,0390625; 0,0390625; 531,1428571428571; 0,088229716
6031; 0,0390625; 0,0390625; 531,8214285714286; 0,088342436
6032; 0,0390625; 0,0390625; 526,9642857142857; 0,0875356
6033; 0,0390625; 0,0390625; 529,5357142857143; 0,08796275
6034; 0,0390625; 0,0390625; 528,7857142857143; 0,08783815
6035; 0,0390625; 0,0390625; 531,0892857142857; 0,08822081
6036; 0,0390625; 0,0390625; 531,2857142857143; 0,08825345
6037; 0,0390625; 0,0390625; 532,7142857142857; 0,08849075
6038; 0,0390625; 0,0390625; 528,4821428571429; 0,08778774
6039; 0,0390625; 0,0390625; 527,5; 0,087624595
6040; 0,0390625; 0,0390625; 533,3214285714286; 0,0885916
6041; 0,0390625; 0,0390625; 530,0892857142857; 0,08805472
6042; 0,0390625; 0,0390625; 530,8928571428571; 0,08818819
6043; 0,0390625; 0,0390625; 528,5357142857143; 0,08779663
6044; 0,0390625; 0,0390625; 531,8392857142857; 0,0883454
6045; 0,0390625; 0,0390625; 529,5535714285714; 0,08796572
6046; 0,0390625; 0,0390625; 531,2857142857143; 0,088253446
6047; 0,0390625; 0,0390625; 530,7857142857143; 0,088170394
6048; 0,0390625; 0,0390625; 530,6785714285714; 0,08815259
6049; 0,0390625; 0,0390625; 529,875; 0,088019095
6050; 0,0390625; 0,0390625; 530,5357142857143; 0,08812885
6051; 0,0390625; 0,0390625; 533,2321428571429; 0,08857677
6052; 0,0390625; 0,0390625; 530,7142857142857; 0,08815853
6053; 0,0390625; 0,0390625; 528,5714285714286; 0,08780257
6054; 0,0390625; 0,0390625; 527,4285714285714; 0,087612726
6055; 0,0390625; 0,0390625; 526,4464285714286; 0,08744957
6056; 0,0390625; 0,0390625; 529,4821428571429; 0,08795384
6057; 0,0390625; 0,0390625; 530,8571428571429; 0,08818225
6058; 0,0390625; 0,0390625; 531,4821428571429; 0,088286065
6059; 0,0390625; 0,0390625; 530,1964285714286; 0,0880725
6060; 0,0390625; 0,0390625; 530,4821428571429; 0,08811997
6061; 0,0390625; 0,0390625; 530,2678571428571; 0,08808438
6062; 0,0390625; 0,0390625; 530,0535714285714; 0,08804877
6063; 0,0390625; 0,0390625; 531,625; 0,08830981
6064; 0,0390625; 0,0390625; 530,4821428571429; 0,08811998
6065; 0,0390625; 0,0390625; 531,5; 0,08828903
6066; 0,0390625; 0,0390625; 531,5; 0,08828904
6067; 0,0390625; 0,0390625; 530,75; 0,088164456
6068; 0,0390625; 0,0390625; 529,75; 0,08799834
6069; 0,0390625; 0,0390625; 532,1071428571429; 0,08838989
6070; 0,0390625; 0,0390625; 531,8214285714286; 0,08834242
6071; 0,0390625; 0,0390625; 528,875; 0,08785299
6072; 0,0390625; 0,0390625; 530,3571428571429; 0,08809919
6073; 0,0390625; 0,0390625; 531,6428571428571; 0,08831275
6074; 0,0390625; 0,0390625; 531,0; 0,088205986
6075; 0,0390625; 0,0390625; 528,7142857142857; 0,087826274
6076; 0,0390625; 0,0390625; 530,4821428571429; 0,088119976
6077; 0,0390625; 0,0390625; 531,0535714285714; 0,08821488
6078; 0,0390625; 0,0390625; 531,0892857142857; 0,08822083
6079; 0,0390625; 0,0390625; 532,3214285714286; 0,088425495
6080; 0,0390625; 0,0390625; 531,8392857142857; 0,08834541
6081; 0,0390625; 0,0390625; 529,2321428571429; 0,08791231
6082; 0,0390625; 0,0390625; 531,4464285714286; 0,08828015
6083; 0,0390625; 0,0390625; 531,1785714285714; 0,08823564
6084; 0,0390625; 0,0390625; 530,4464285714286; 0,08811403
6085; 0,0390625; 0,0390625; 529,8392857142857; 0,08801317
6086; 0,0390625; 0,0390625; 527,4285714285714; 0,087612726
6087; 0,0390625; 0,0390625; 529,7142857142857; 0,08799242
6088; 0,0390625; 0,0390625; 530,3214285714286; 0,08809327
6089; 0,0390625; 0,0390625; 531,8035714285714; 0,088339485
6090; 0,0390625; 0,0390625; 529,9107142857143; 0,08802504
6091; 0,0390625; 0,0390625; 530,2142857142857; 0,08807547
6092; 0,0390625; 0,0390625; 531,4642857142857; 0,088283114
6093; 0,0390625; 0,0390625; 530,7142857142857; 0,08815854
6094; 0,0390625; 0,0390625; 530,4107142857143; 0,088108085
6095; 0,0390625; 0,0390625; 532,2857142857143; 0,08841955
6096; 0,0390625; 0,0390625; 532,1071428571429; 0,08838989
6097; 0,0390625; 0,0390625; 529,8928571428571; 0,08802206
6098; 0,0390625; 0,0390625; 530,8392857142857; 0,08817929
6099; 0,0390625; 0,0390625; 528,0; 0,08770764
6100; 0,0390625; 0,0390625; 526,9107142857143; 0,08752672
6101; 0,0390625; 0,0390625; 531,9464285714286; 0,088363186
6102; 0,0390625; 0,0390625; 531,4285714285714; 0,088277176
6103; 0,0390625; 0,0390625; 533,3392857142857; 0,08859457
6104; 0,0390625; 0,0390625; 530,5357142857143; 0,08812884
6105; 0,0390625; 0,0390625; 532,5714285714286; 0,08846702
6106; 0,0390625; 0,0390625; 529,5535714285714; 0,08796571
6107; 0,0390625; 0,0390625; 532,3392857142857; 0,088428475
6108; 0,0390625; 0,0390625; 535,625; 0,08897424
6109; 0,0390625; 0,0390625; 526,2857142857143; 0,087422885
6110; 0,0390625; 0,0390625; 529,3928571428571; 0,087939024
6111; 0,0390625; 0,0390625; 527,8571428571429; 0,08768391
6112; 0,0390625; 0,0390625; 527,9464285714286; 0,08769874
6113; 0,0390625; 0,0390625; 530,9821428571429; 0,088203035
6114; 0,0390625; 0,0390625; 531,8035714285714; 0,08833947
6115; 0,0390625; 0,0390625; 532,3928571428571; 0,08843733
6116; 0,0390625; 0,0390625; 530,5714285714286; 0,0881348
6117; 0,0390625; 0,0390625; 531,9642857142857; 0,088366166
6118; 0,0390625; 0,0390625; 530,9285714285714; 0,088194124
6119; 0,0390625; 0,0390625; 529,5535714285714; 0,08796571
6120; 0,0390625; 0,0390625; 530,1785714285714; 0,088069536
6121; 0,0390625; 0,0390625; 527,6071428571429; 0,08764239
6122; 0,0390625; 0,0390625; 526,9107142857143; 0,087526694
6123; 0,0390625; 0,0390625; 526,7857142857143; 0,087505944
6124; 0,0390625; 0,0390625; 529,7857142857143; 0,08800428
6125; 0,0390625; 0,0390625; 528,4821428571429; 0,087787725
6126; 0,0390625; 0,0390625; 530,5535714285714; 0,08813183
6127; 0,0390625; 0,0390625; 528,5178571428571; 0,08779366
6128; 0,0390625; 0,0390625; 529,7142857142857; 0,08799241
6129; 0,0390625; 0,0390625; 530,6964285714286; 0,08815556
6130; 0,0390625; 0,0390625; 528,4107142857143; 0,08777584
6131; 0,0390625; 0,0390625; 528,1785714285714; 0,08773731
6132; 0,0390625; 0,0390625; 530,6607142857143; 0,088149615
6133; 0,0390625; 0,0390625; 528,5; 0,08779069
6134; 0,0390625; 0,0390625; 535,0535714285714; 0,08887935
6135; 0,0390625; 0,0390625; 530,9821428571429; 0,08820302
6136; 0,0390625; 0,0390625; 528,1071428571429; 0,087725446
6137; 0,0390625; 0,0390625; 530,2678571428571; 0,08808438
6138; 0,0390625; 0,0390625; 530,0; 0,088039875
6139; 0,0390625; 0,0390625; 532,3035714285714; 0,08842252
6140; 0,0390625; 0,0390625; 526,3214285714286; 0,08742881
6141; 0,0390625; 0,0390625; 531,3571428571429; 0,08826532
6142; 0,0390625; 0,0390625; 529,4821428571429; 0,08795385
6143; 0,0390625; 0,0390625; 531,1964285714286; 0,08823861
6144; 0,0390625; 0,03515625; 530,7857142857143; 0,08817039
6145; 0,03515625; 0,03515625; 531,1785714285714; 0,088235654
6146; 0,03515625; 0,03515625; 515,9107142857143; 0,08569945
6147; 0,03515625; 0,03515625; 507,125; 0,084240034
6148; 0,03515625; 0,03515625; 508,9107142857143; 0,084536664
6149; 0,03515625; 0,03515625; 507,98214285714283; 0,084382415
6150; 0,03515625; 0,03515625; 508,64285714285717; 0,084492184
6151; 0,03515625; 0,03515625; 507,01785714285717; 0,08422225
6152; 0,03515625; 0,03515625; 510,1607142857143; 0,0847443
6153; 0,03515625; 0,03515625; 509,1607142857143; 0,08457819
6154; 0,03515625; 0,03515625; 509,80357142857144; 0,08468497
6155; 0,03515625; 0,03515625; 508,4107142857143; 0,084453605
6156; 0,03515625; 0,03515625; 510,07142857142856; 0,084729455
6157; 0,03515625; 0,03515625; 511,51785714285717; 0,08496974
6158; 0,03515625; 0,03515625; 509,92857142857144; 0,08470573
6159; 0,03515625; 0,03515625; 509,4107142857143; 0,084619716
6160; 0,03515625; 0,03515625; 509,67857142857144; 0,08466421
6161; 0,03515625; 0,03515625; 510,19642857142856; 0,084750235
6162; 0,03515625; 0,03515625; 508,98214285714283; 0,08454854
6163; 0,03515625; 0,03515625; 508,07142857142856; 0,084397264
6164; 0,03515625; 0,03515625; 509,89285714285717; 0,08469981
6165; 0,03515625; 0,03515625; 508,57142857142856; 0,08448031
6166; 0,03515625; 0,03515625; 508,125; 0,08440616
6167; 0,03515625; 0,03515625; 506,64285714285717; 0,08415996
6168; 0,03515625; 0,03515625; 507,3392857142857; 0,08427564
6169; 0,03515625; 0,03515625; 507,55357142857144; 0,08431121
6170; 0,03515625; 0,03515625; 507,7857142857143; 0,084349796
6171; 0,03515625; 0,03515625; 507,875; 0,08436464
6172; 0,03515625; 0,03515625; 507,8392857142857; 0,08435869
6173; 0,03515625; 0,03515625; 508,35714285714283; 0,08444472
6174; 0,03515625; 0,03515625; 509,69642857142856; 0,08466717
6175; 0,03515625; 0,03515625; 508,51785714285717; 0,084471405
6176; 0,03515625; 0,03515625; 507,64285714285717; 0,08432605
6177; 0,03515625; 0,03515625; 507,30357142857144; 0,084269695
6178; 0,03515625; 0,03515625; 507,69642857142856; 0,08433497
6179; 0,03515625; 0,03515625; 507,17857142857144; 0,08424895
6180; 0,03515625; 0,03515625; 508,19642857142856; 0,08441801
6181; 0,03515625; 0,03515625; 506,9107142857143; 0,08420444
6182; 0,03515625; 0,03515625; 508,0892857142857; 0,0844002
6183; 0,03515625; 0,03515625; 506,10714285714283; 0,08407096
6184; 0,03515625; 0,03515625; 506,5; 0,08413621
6185; 0,03515625; 0,03515625; 506,25; 0,08409468
6186; 0,03515625; 0,03515625; 506,9107142857143; 0,084204435
6187; 0,03515625; 0,03515625; 506,19642857142856; 0,084085785
6188; 0,03515625; 0,03515625; 506,85714285714283; 0,08419553
6189; 0,03515625; 0,03515625; 506,60714285714283; 0,08415401
6190; 0,03515625; 0,03515625; 506,1607142857143; 0,08407987
6191; 0,03515625; 0,03515625; 507,30357142857144; 0,0842697
6192; 0,03515625; 0,03515625; 504,92857142857144; 0,083875164
6193; 0,03515625; 0,03515625; 506,5357142857143; 0,08414215
6194; 0,03515625; 0,03515625; 505,94642857142856; 0,08404427
6195; 0,03515625; 0,03515625; 504,44642857142856; 0,08379508
6196; 0,03515625; 0,03515625; 506,8392857142857; 0,084192574
6197; 0,03515625; 0,03515625; 507,85714285714283; 0,084361665
6198; 0,03515625; 0,03515625; 506,8392857142857; 0,084192574
6199; 0,03515625; 0,03515625; 508,01785714285717; 0,08438835
6200; 0,03515625; 0,03515625; 507,2142857142857; 0,08425487
6201; 0,03515625; 0,03515625; 506,89285714285717; 0,08420148
6202; 0,03515625; 0,03515625; 505,625; 0,08399087
6203; 0,03515625; 0,03515625; 505,30357142857144; 0,08393747
6204; 0,03515625; 0,03515625; 505,98214285714283; 0,08405018
6205; 0,03515625; 0,03515625; 507,4642857142857; 0,08429639
6206; 0,03515625; 0,03515625; 507,19642857142856; 0,084251896
6207; 0,03515625; 0,03515625; 506,51785714285717; 0,08413917
6208; 0,03515625; 0,03515625; 507,6607142857143; 0,084329
6209; 0,03515625; 0,03515625; 507,30357142857144; 0,08426969
6210; 0,03515625; 0,03515625; 508,0357142857143; 0,0843913
6211; 0,03515625; 0,03515625; 507,2142857142857; 0,08425487
6212; 0,03515625; 0,03515625; 505,9107142857143; 0,08403833
6213; 0,03515625; 0,03515625; 507,7142857142857; 0,08433793
6214; 0,03515625; 0,03515625; 507,7142857142857; 0,084337905
6215; 0,03515625; 0,03515625; 506,14285714285717; 0,08407689
6216; 0,03515625; 0,03515625; 508,0357142857143; 0,08439133
6217; 0,03515625; 0,03515625; 508,32142857142856; 0,08443878
6218; 0,03515625; 0,03515625; 507,4642857142857; 0,08429639
6219; 0,03515625; 0,03515625; 507,625; 0,0843231
6220; 0,03515625; 0,03515625; 508,17857142857144; 0,084415056
6221; 0,03515625; 0,03515625; 507,5357142857143; 0,08430826
6222; 0,03515625; 0,03515625; 507,5357142857143; 0,08430825
6223; 0,03515625; 0,03515625; 507,35714285714283; 0,08427859
6224; 0,03515625; 0,03515625; 508,32142857142856; 0,08443878
6225; 0,03515625; 0,03515625; 506,57142857142856; 0,084148064
6226; 0,03515625; 0,03515625; 506,55357142857144; 0,08414509
6227; 0,03515625; 0,03515625; 506,7142857142857; 0,08417181
6228; 0,03515625; 0,03515625; 507,25; 0,08426081
6229; 0,03515625; 0,03515625; 508,64285714285717; 0,08449216
6230; 0,03515625; 0,03515625; 507,4107142857143; 0,0842875
6231; 0,03515625; 0,03515625; 508,375; 0,08444769
6232; 0,03515625; 0,03515625; 508,9107142857143; 0,084536664
6233; 0,03515625; 0,03515625; 508,7142857142857; 0,08450403
6234; 0,03515625; 0,03515625; 511,60714285714283; 0,08498456
6235; 0,03515625; 0,03515625; 511,57142857142856; 0,08497864
6236; 0,03515625; 0,03515625; 512,7321428571429; 0,085171446
6237; 0,03515625; 0,03515625; 512,3214285714286; 0,08510322
6238; 0,03515625; 0,03515625; 510,85714285714283; 0,08485999
6239; 0,03515625; 0,03515625; 510,48214285714283; 0,084797695
6240; 0,03515625; 0,03515625; 513,7321428571429; 0,085337564
6241; 0,03515625; 0,03515625; 514,8928571428571; 0,08553038
6242; 0,03515625; 0,03515625; 513,0178571428571; 0,085218914
6243; 0,03515625; 0,03515625; 514,3035714285714; 0,08543248
6244; 0,03515625; 0,03515625; 514,7321428571429; 0,0855037
6245; 0,03515625; 0,03515625; 514,3392857142857; 0,08543842
6246; 0,03515625; 0,03515625; 515,2678571428571; 0,08559268
6247; 0,03515625; 0,03515625; 515,9285714285714; 0,085702434
6248; 0,03515625; 0,03515625; 516,0535714285714; 0,08572321
6249; 0,03515625; 0,03515625; 516,8571428571429; 0,085856676
6250; 0,03515625; 0,03515625; 513,9285714285714; 0,085370205
6251; 0,03515625; 0,03515625; 514,5178571428571; 0,0854681
6252; 0,03515625; 0,03515625; 513,5; 0,085299015
6253; 0,03515625; 0,03515625; 515,125; 0,08556892
6254; 0,03515625; 0,03515625; 514,0357142857143; 0,08538798
6255; 0,03515625; 0,03515625; 516,7142857142857; 0,08583294
6256; 0,03515625; 0,03515625; 516,7857142857143; 0,08584479
6257; 0,03515625; 0,03515625; 516,0714285714286; 0,08572614
6258; 0,03515625; 0,03515625; 512,0178571428571; 0,08505278
6259; 0,03515625; 0,03515625; 513,8392857142857; 0,08535534
6260; 0,03515625; 0,03515625; 514,7857142857143; 0,08551256
6261; 0,03515625; 0,03515625; 508,19642857142856; 0,084418006
6262; 0,03515625; 0,03515625; 508,75; 0,084509954
6263; 0,03515625; 0,03515625; 508,76785714285717; 0,08451293
6264; 0,03515625; 0,03515625; 512,3571428571429; 0,08510917
6265; 0,03515625; 0,03515625; 510,625; 0,084821425
6266; 0,03515625; 0,03515625; 511,01785714285717; 0,08488669
6267; 0,03515625; 0,03515625; 509,55357142857144; 0,08464347
6268; 0,03515625; 0,03515625; 510,73214285714283; 0,08483924
6269; 0,03515625; 0,03515625; 510,55357142857144; 0,084809564
6270; 0,03515625; 0,03515625; 509,51785714285717; 0,08463753
6271; 0,03515625; 0,03515625; 508,9107142857143; 0,08453667
6272; 0,03515625; 0,03515625; 509,55357142857144; 0,08464346
6273; 0,03515625; 0,03515625; 509,82142857142856; 0,08468795
6274; 0,03515625; 0,03515625; 510,7857142857143; 0,08484814
6275; 0,03515625; 0,03515625; 508,76785714285717; 0,08451295
6276; 0,03515625; 0,03515625; 509,7142857142857; 0,08467015
6277; 0,03515625; 0,03515625; 512,9821428571429; 0,08521299
6278; 0,03515625; 0,03515625; 511,17857142857144; 0,08491339
6279; 0,03515625; 0,03515625; 511,6607142857143; 0,08499348
6280; 0,03515625; 0,03515625; 515,5714285714286; 0,08564311
6281; 0,03515625; 0,03515625; 513,875; 0,08536131
6282; 0,03515625; 0,03515625; 513,7142857142857; 0,0853346
6283; 0,03515625; 0,03515625; 514,4464285714286; 0,085456215
6284; 0,03515625; 0,03515625; 513,8571428571429; 0,085358314
6285; 0,03515625; 0,03515625; 514,1785714285714; 0,08541172
6286; 0,03515625; 0,03515625; 512,4107142857143; 0,08511806
6287; 0,03515625; 0,03515625; 510,9642857142857; 0,0848778
6288; 0,03515625; 0,03515625; 511,94642857142856; 0,08504093
6289; 0,03515625; 0,03515625; 511,6607142857143; 0,084993474
6290; 0,03515625; 0,03515625; 510,625; 0,08482144
6291; 0,03515625; 0,03515625; 512,2678571428571; 0,08509434
6292; 0,03515625; 0,03515625; 511,25; 0,08492524
6293; 0,03515625; 0,03515625; 512,4821428571429; 0,08512992
6294; 0,03515625; 0,03515625; 511,80357142857144; 0,085017204
6295; 0,03515625; 0,03515625; 510,89285714285717; 0,08486591
6296; 0,03515625; 0,03515625; 509,3392857142857; 0,08460783
6297; 0,03515625; 0,03515625; 506,0892857142857; 0,084067985
6298; 0,03515625; 0,03515625; 504,1607142857143; 0,08374761
6299; 0,03515625; 0,03515625; 502,8392857142857; 0,08352809
6300; 0,03515625; 0,03515625; 506,30357142857144; 0,08410357
6301; 0,03515625; 0,03515625; 509,80357142857144; 0,084684975
6302; 0,03515625; 0,03515625; 507,19642857142856; 0,084251896
6303; 0,03515625; 0,03515625; 509,9642857142857; 0,08471166
6304; 0,03515625; 0,03515625; 509,44642857142856; 0,08462564
6305; 0,03515625; 0,03515625; 509,98214285714283; 0,084714636
6306; 0,03515625; 0,03515625; 511,5892857142857; 0,084981605
6307; 0,03515625; 0,03515625; 510,0; 0,08471761
6308; 0,03515625; 0,03515625; 506,94642857142856; 0,08421038
6309; 0,03515625; 0,03515625; 505,98214285714283; 0,08405018
6310; 0,03515625; 0,03515625; 507,55357142857144; 0,0843112
6311; 0,03515625; 0,03515625; 507,375; 0,084281564
6312; 0,03515625; 0,03515625; 509,51785714285717; 0,08463751
6313; 0,03515625; 0,03515625; 513,4107142857143; 0,08528417
6314; 0,03515625; 0,03515625; 513,875; 0,08536132
6315; 0,03515625; 0,03515625; 512,6785714285714; 0,08516254
6316; 0,03515625; 0,03515625; 513,1071428571429; 0,08523374
6317; 0,03515625; 0,03515625; 513,2678571428571; 0,08526044
6318; 0,03515625; 0,03515625; 513,0178571428571; 0,08521892
6319; 0,03515625; 0,03515625; 512,5; 0,08513291
6320; 0,03515625; 0,03515625; 512,2678571428571; 0,085094355
6321; 0,03515625; 0,03515625; 512,9464285714286; 0,08520708
6322; 0,03515625; 0,03515625; 512,5714285714286; 0,08514477
6323; 0,03515625; 0,03515625; 513,4642857142857; 0,08529308
6324; 0,03515625; 0,03515625; 514,7678571428571; 0,08550961
6325; 0,03515625; 0,03515625; 512,9107142857143; 0,08520113
6326; 0,03515625; 0,03515625; 511,9107142857143; 0,08503502
6327; 0,03515625; 0,03515625; 511,0; 0,084883735
6328; 0,03515625; 0,03515625; 514,6071428571429; 0,08548293
6329; 0,03515625; 0,03515625; 513,2857142857143; 0,08526341
6330; 0,03515625; 0,03515625; 513,2857142857143; 0,08526341
6331; 0,03515625; 0,03515625; 513,8392857142857; 0,08535536
6332; 0,03515625; 0,03515625; 512,5357142857143; 0,085138835
6333; 0,03515625; 0,03515625; 512,7857142857143; 0,08518035
6334; 0,03515625; 0,03515625; 512,9821428571429; 0,085213
6335; 0,03515625; 0,03515625; 512,0892857142857; 0,08506466
6336; 0,03515625; 0,03515625; 513,1428571428571; 0,0852397
6337; 0,03515625; 0,03515625; 512,9821428571429; 0,085213
6338; 0,03515625; 0,03515625; 511,9642857142857; 0,08504391
6339; 0,03515625; 0,03515625; 512,7321428571429; 0,085171446
6340; 0,03515625; 0,03515625; 511,39285714285717; 0,084948994
6341; 0,03515625; 0,03515625; 511,60714285714283; 0,08498456
6342; 0,03515625; 0,03515625; 511,0; 0,084883735
6343; 0,03515625; 0,03515625; 510,4107142857143; 0,084785834
6344; 0,03515625; 0,03515625; 510,0357142857143; 0,08472353
6345; 0,03515625; 0,03515625; 511,0; 0,084883705
6346; 0,03515625; 0,03515625; 510,25; 0,08475912
6347; 0,03515625; 0,03515625; 511,05357142857144; 0,08489262
6348; 0,03515625; 0,03515625; 510,44642857142856; 0,08479177
6349; 0,03515625; 0,03515625; 511,30357142857144; 0,08493416
6350; 0,03515625; 0,03515625; 513,375; 0,08527823
6351; 0,03515625; 0,03515625; 512,8928571428571; 0,08519815
6352; 0,03515625; 0,03515625; 514,7857142857143; 0,08551258
6353; 0,03515625; 0,03515625; 515,0; 0,08554818
6354; 0,03515625; 0,03515625; 513,3214285714286; 0,08526933
6355; 0,03515625; 0,03515625; 511,42857142857144; 0,08495491
6356; 0,03515625; 0,03515625; 511,5357142857143; 0,084972724
6357; 0,03515625; 0,03515625; 513,375; 0,08527826
6358; 0,03515625; 0,03515625; 514,0535714285714; 0,08539095
6359; 0,03515625; 0,03515625; 512,625; 0,08515365
6360; 0,03515625; 0,03515625; 511,64285714285717; 0,08499054
6361; 0,03515625; 0,03515625; 511,42857142857144; 0,084954925
6362; 0,03515625; 0,03515625; 511,8392857142857; 0,08502315
6363; 0,03515625; 0,03515625; 511,94642857142856; 0,08504095
6364; 0,03515625; 0,03515625; 509,57142857142856; 0,08464641
6365; 0,03515625; 0,03515625; 511,30357142857144; 0,08493415
6366; 0,03515625; 0,03515625; 511,75; 0,08500833
6367; 0,03515625; 0,03515625; 512,0535714285714; 0,08505875
6368; 0,03515625; 0,03515625; 511,2857142857143; 0,08493119
6369; 0,03515625; 0,03515625; 510,9107142857143; 0,08486891
6370; 0,03515625; 0,03515625; 511,0; 0,084883735
6371; 0,03515625; 0,03515625; 511,7142857142857; 0,0850024
6372; 0,03515625; 0,03515625; 510,4642857142857; 0,084794745
6373; 0,03515625; 0,03515625; 508,94642857142856; 0,08454262
6374; 0,03515625; 0,03515625; 507,35714285714283; 0,08427859
6375; 0,03515625; 0,03515625; 506,69642857142856; 0,08416886
6376; 0,03515625; 0,03515625; 507,57142857142856; 0,08431421
6377; 0,03515625; 0,03515625; 507,05357142857144; 0,08422817
6378; 0,03515625; 0,03515625; 506,73214285714283; 0,084174775
6379; 0,03515625; 0,03515625; 507,23214285714283; 0,08425785
6380; 0,03515625; 0,03515625; 504,76785714285717; 0,08384849
6381; 0,03515625; 0,03515625; 506,76785714285717; 0,084180705
6382; 0,03515625; 0,03515625; 506,3392857142857; 0,08410951
6383; 0,03515625; 0,03515625; 505,5892857142857; 0,08398493
6384; 0,03515625; 0,03515625; 505,14285714285717; 0,083910786
6385; 0,03515625; 0,03515625; 505,01785714285717; 0,08389002
6386; 0,03515625; 0,03515625; 504,9642857142857; 0,083881125
6387; 0,03515625; 0,03515625; 504,0; 0,08372094
6388; 0,03515625; 0,03515625; 506,26785714285717; 0,08409766
6389; 0,03515625; 0,03515625; 504,2857142857143; 0,08376838
6390; 0,03515625; 0,03515625; 506,35714285714283; 0,08411249
6391; 0,03515625; 0,03515625; 505,26785714285717; 0,08393155
6392; 0,03515625; 0,03515625; 505,05357142857144; 0,08389596
6393; 0,03515625; 0,03515625; 504,5357142857143; 0,08380992
6394; 0,03515625; 0,03515625; 507,35714285714283; 0,08427859
6395; 0,03515625; 0,03515625; 505,23214285714283; 0,083925605
6396; 0,03515625; 0,03515625; 503,85714285714283; 0,083697215
6397; 0,03515625; 0,03515625; 505,0; 0,08388706
6398; 0,03515625; 0,03515625; 505,44642857142856; 0,08396119
6399; 0,03515625; 0,03515625; 505,875; 0,0840324
6400; 0,03515625; 0,03515625; 505,80357142857144; 0,08402054
6401; 0,03515625; 0,03515625; 505,98214285714283; 0,084050186
6402; 0,03515625; 0,03515625; 506,67857142857144; 0,08416588
6403; 0,03515625; 0,03515625; 505,9642857142857; 0,08404724
6404; 0,03515625; 0,03515625; 505,75; 0,08401164
6405; 0,03515625; 0,03515625; 505,32142857142856; 0,083940454
6406; 0,03515625; 0,03515625; 505,5; 0,08397011
6407; 0,03515625; 0,03515625; 506,5892857142857; 0,08415105
6408; 0,03515625; 0,03515625; 506,26785714285717; 0,08409767
6409; 0,03515625; 0,03515625; 506,3392857142857; 0,08410952
6410; 0,03515625; 0,03515625; 505,1607142857143; 0,08391374
6411; 0,03515625; 0,03515625; 506,0357142857143; 0,0840591
6412; 0,03515625; 0,03515625; 506,17857142857144; 0,08408282
6413; 0,03515625; 0,03515625; 506,82142857142856; 0,08418961
6414; 0,03515625; 0,03515625; 506,5892857142857; 0,08415107
6415; 0,03515625; 0,03515625; 506,01785714285717; 0,08405613
6416; 0,03515625; 0,03515625; 506,25; 0,084094696
6417; 0,03515625; 0,03515625; 505,07142857142856; 0,08389891
6418; 0,03515625; 0,03515625; 506,125; 0,084073916
6419; 0,03515625; 0,03515625; 505,60714285714283; 0,08398791
6420; 0,03515625; 0,03515625; 505,39285714285717; 0,08395231
6421; 0,03515625; 0,03515625; 505,23214285714283; 0,0839256
6422; 0,03515625; 0,03515625; 505,9107142857143; 0,084038325
6423; 0,03515625; 0,03515625; 505,625; 0,08399087
6424; 0,03515625; 0,03515625; 505,80357142857144; 0,08402053
6425; 0,03515625; 0,03515625; 505,67857142857144; 0,083999775
6426; 0,03515625; 0,03515625; 506,375; 0,08411545
6427; 0,03515625; 0,03515625; 506,0357142857143; 0,0840591
6428; 0,03515625; 0,03515625; 505,26785714285717; 0,08393155
6429; 0,03515625; 0,03515625; 506,2142857142857; 0,08408875
6430; 0,03515625; 0,03515625; 505,89285714285717; 0,08403536
6431; 0,03515625; 0,03515625; 505,51785714285717; 0,083973065
6432; 0,03515625; 0,03515625; 506,57142857142856; 0,08414809
6433; 0,03515625; 0,03515625; 506,2857142857143; 0,08410063
6434; 0,03515625; 0,03515625; 505,64285714285717; 0,08399383
6435; 0,03515625; 0,03515625; 506,32142857142856; 0,08410657
6436; 0,03515625; 0,03515625; 505,1607142857143; 0,08391374
6437; 0,03515625; 0,03515625; 506,3392857142857; 0,08410953
6438; 0,03515625; 0,03515625; 505,25; 0,083928585
6439; 0,03515625; 0,03515625; 506,89285714285717; 0,08420149
6440; 0,03515625; 0,03515625; 506,375; 0,08411545
6441; 0,03515625; 0,03515625; 506,3392857142857; 0,08410952
6442; 0,03515625; 0,03515625; 504,82142857142856; 0,08385737
6443; 0,03515625; 0,03515625; 505,3392857142857; 0,083943404
6444; 0,03515625; 0,03515625; 505,51785714285717; 0,083973065
6445; 0,03515625; 0,03515625; 505,4642857142857; 0,08396418
6446; 0,03515625; 0,03515625; 504,4642857142857; 0,083798066
6447; 0,03515625; 0,03515625; 506,51785714285717; 0,08413919
6448; 0,03515625; 0,03515625; 506,82142857142856; 0,084189616
6449; 0,03515625; 0,03515625; 506,0357142857143; 0,084059104
6450; 0,03515625; 0,03515625; 506,2142857142857; 0,08408876
6451; 0,03515625; 0,03515625; 505,4642857142857; 0,08396416
6452; 0,03515625; 0,03515625; 506,05357142857144; 0,08406206
6453; 0,03515625; 0,03515625; 505,5892857142857; 0,08398495
6454; 0,03515625; 0,03515625; 505,7857142857143; 0,08401755
6455; 0,03515625; 0,03515625; 505,82142857142856; 0,08402349
6456; 0,03515625; 0,03515625; 505,07142857142856; 0,08389892
6457; 0,03515625; 0,03515625; 505,9642857142857; 0,08404724
6458; 0,03515625; 0,03515625; 506,60714285714283; 0,08415403
6459; 0,03515625; 0,03515625; 506,05357142857144; 0,08406206
6460; 0,03515625; 0,03515625; 506,0; 0,08405317
6461; 0,03515625; 0,03515625; 506,26785714285717; 0,084097646
6462; 0,03515625; 0,03515625; 507,01785714285717; 0,08422224
6463; 0,03515625; 0,03515625; 506,4642857142857; 0,08413027
6464; 0,03515625; 0,03515625; 506,0357142857143; 0,084059104
6465; 0,03515625; 0,03515625; 506,44642857142856; 0,08412732
6466; 0,03515625; 0,03515625; 506,3392857142857; 0,08410953
6467; 0,03515625; 0,03515625; 505,44642857142856; 0,0839612
6468; 0,03515625; 0,03515625; 505,69642857142856; 0,084002726
6469; 0,03515625; 0,03515625; 505,5357142857143; 0,08397604
6470; 0,03515625; 0,03515625; 506,1607142857143; 0,084079854
6471; 0,03515625; 0,03515625; 505,80357142857144; 0,08402053
6472; 0,03515625; 0,03515625; 506,8392857142857; 0,08419259
6473; 0,03515625; 0,03515625; 505,30357142857144; 0,08393747
6474; 0,03515625; 0,03515625; 505,89285714285717; 0,084035374
6475; 0,03515625; 0,03515625; 506,42857142857144; 0,084124364
6476; 0,03515625; 0,03515625; 505,875; 0,0840324
6477; 0,03515625; 0,03515625; 507,26785714285717; 0,084263764
6478; 0,03515625; 0,03515625; 505,94642857142856; 0,084044255
6479; 0,03515625; 0,03515625; 505,14285714285717; 0,083910786
6480; 0,03515625; 0,03515625; 505,75; 0,08401164
6481; 0,03515625; 0,03515625; 506,05357142857144; 0,084062055
6482; 0,03515625; 0,03515625; 505,25; 0,08392858
6483; 0,03515625; 0,03515625; 506,4642857142857; 0,08413028
6484; 0,03515625; 0,03515625; 506,01785714285717; 0,08405613
6485; 0,03515625; 0,03515625; 506,73214285714283; 0,08417479
6486; 0,03515625; 0,03515625; 506,10714285714283; 0,084070966
6487; 0,03515625; 0,03515625; 506,60714285714283; 0,084154025
6488; 0,03515625; 0,03515625; 506,25; 0,0840947
6489; 0,03515625; 0,03515625; 505,30357142857144; 0,08393748
6490; 0,03515625; 0,03515625; 506,42857142857144; 0,08412435
6491; 0,03515625; 0,03515625; 506,625; 0,08415699
6492; 0,03515625; 0,03515625; 506,30357142857144; 0,08410359
6493; 0,03515625; 0,03515625; 506,375; 0,08411546
6494; 0,03515625; 0,03515625; 505,32142857142856; 0,08394045
6495; 0,03515625; 0,03515625; 506,1607142857143; 0,084079854
6496; 0,03515625; 0,03515625; 506,7857142857143; 0,084183685
6497; 0,03515625; 0,03515625; 504,73214285714283; 0,08384256
6498; 0,03515625; 0,03515625; 505,48214285714283; 0,08396716
6499; 0,03515625; 0,03515625; 505,92857142857144; 0,0840413
6500; 0,03515625; 0,03515625; 506,32142857142856; 0,08410656
6501; 0,03515625; 0,03515625; 505,14285714285717; 0,08391078
6502; 0,03515625; 0,03515625; 505,4642857142857; 0,08396418
6503; 0,03515625; 0,03515625; 505,69642857142856; 0,08400273
6504; 0,03515625; 0,03515625; 505,5892857142857; 0,083984934
6505; 0,03515625; 0,03515625; 506,17857142857144; 0,08408283
6506; 0,03515625; 0,03515625; 506,8392857142857; 0,08419259
6507; 0,03515625; 0,03515625; 504,9107142857143; 0,08387222
6508; 0,03515625; 0,03515625; 507,2142857142857; 0,08425487
6509; 0,03515625; 0,03515625; 505,55357142857144; 0,08397901
6510; 0,03515625; 0,03515625; 505,80357142857144; 0,08402054
6511; 0,03515625; 0,03515625; 506,19642857142856; 0,0840858
6512; 0,03515625; 0,03515625; 505,6607142857143; 0,08399679
6513; 0,03515625; 0,03515625; 506,05357142857144; 0,08406208
6514; 0,03515625; 0,03515625; 505,875; 0,08403241
6515; 0,03515625; 0,03515625; 506,0; 0,08405317
6516; 0,03515625; 0,03515625; 504,9642857142857; 0,083881125
6517; 0,03515625; 0,03515625; 506,44642857142856; 0,08412732
6518; 0,03515625; 0,03515625; 506,94642857142856; 0,08421039
6519; 0,03515625; 0,03515625; 507,01785714285717; 0,08422224
6520; 0,03515625; 0,03515625; 505,375; 0,083949335
6521; 0,03515625; 0,03515625; 505,55357142857144; 0,08397902
6522; 0,03515625; 0,03515625; 506,6607142857143; 0,08416291
6523; 0,03515625; 0,03515625; 505,7857142857143; 0,084017575
6524; 0,03515625; 0,03515625; 506,2857142857143; 0,08410061
6525; 0,03515625; 0,03515625; 505,26785714285717; 0,08393155
6526; 0,03515625; 0,03515625; 505,44642857142856; 0,08396121
6527; 0,03515625; 0,03515625; 506,1607142857143; 0,08407986
6528; 0,03515625; 0,03515625; 505,44642857142856; 0,083961196
6529; 0,03515625; 0,03515625; 506,2857142857143; 0,08410062
6530; 0,03515625; 0,03515625; 507,14285714285717; 0,084243014
6531; 0,03515625; 0,03515625; 506,4107142857143; 0,0841214
6532; 0,03515625; 0,03515625; 506,80357142857144; 0,08418666
6533; 0,03515625; 0,03515625; 506,48214285714283; 0,08413325
6534; 0,03515625; 0,03515625; 505,39285714285717; 0,08395231
6535; 0,03515625; 0,03515625; 505,2142857142857; 0,08392264
6536; 0,03515625; 0,03515625; 506,85714285714283; 0,08419555
6537; 0,03515625; 0,03515625; 506,0357142857143; 0,084059104
6538; 0,03515625; 0,03515625; 505,0892857142857; 0,083901875
6539; 0,03515625; 0,03515625; 505,76785714285717; 0,0840146
6540; 0,03515625; 0,03515625; 505,82142857142856; 0,08402352
6541; 0,03515625; 0,03515625; 506,2142857142857; 0,08408876
6542; 0,03515625; 0,03515625; 506,69642857142856; 0,08416885
6543; 0,03515625; 0,03515625; 505,39285714285717; 0,08395231
6544; 0,03515625; 0,03515625; 506,23214285714283; 0,08409173
6545; 0,03515625; 0,03515625; 505,51785714285717; 0,083973065
6546; 0,03515625; 0,03515625; 506,4107142857143; 0,0841214
6547; 0,03515625; 0,03515625; 505,73214285714283; 0,08400867
6548; 0,03515625; 0,03515625; 506,9107142857143; 0,08420445
6549; 0,03515625; 0,03515625; 505,67857142857144; 0,08399977
6550; 0,03515625; 0,03515625; 506,10714285714283; 0,084070966
6551; 0,03515625; 0,03515625; 506,35714285714283; 0,0841125
6552; 0,03515625; 0,03515625; 504,26785714285717; 0,08376541
6553; 0,03515625; 0,03515625; 505,05357142857144; 0,083895974
6554; 0,03515625; 0,03515625; 505,7142857142857; 0,084005706
6555; 0,03515625; 0,03515625; 505,85714285714283; 0,084029436
6556; 0,03515625; 0,03515625; 505,9107142857143; 0,08403833
6557; 0,03515625; 0,03515625; 506,0892857142857; 0,08406799
6558; 0,03515625; 0,03515625; 505,57142857142856; 0,083981946
6559; 0,03515625; 0,03515625; 505,82142857142856; 0,0840235
6560; 0,03515625; 0,03515625; 505,875; 0,084032394
6561; 0,03515625; 0,03515625; 505,26785714285717; 0,08393155
6562; 0,03515625; 0,03515625; 506,64285714285717; 0,08415995
6563; 0,03515625; 0,03515625; 505,375; 0,08394932
6564; 0,03515625; 0,03515625; 505,7857142857143; 0,08401755
6565; 0,03515625; 0,03515625; 506,48214285714283; 0,084133245
6566; 0,03515625; 0,03515625; 505,85714285714283; 0,08402943
6567; 0,03515625; 0,03515625; 506,17857142857144; 0,084082834
6568; 0,03515625; 0,03515625; 504,8392857142857; 0,083860345
6569; 0,03515625; 0,03515625; 505,5357142857143; 0,08397603
6570; 0,03515625; 0,03515625; 505,1607142857143; 0,08391375
6571; 0,03515625; 0,03515625; 506,42857142857144; 0,084124364
6572; 0,03515625; 0,03515625; 505,26785714285717; 0,08393154
6573; 0,03515625; 0,03515625; 506,2857142857143; 0,08410061
6574; 0,03515625; 0,03515625; 505,25; 0,08392858
6575; 0,03515625; 0,03515625; 505,8392857142857; 0,08402647
6576; 0,03515625; 0,03515625; 506,94642857142856; 0,08421038
6577; 0,03515625; 0,03515625; 505,8392857142857; 0,084026456
6578; 0,03515625; 0,03515625; 505,44642857142856; 0,0839612
6579; 0,03515625; 0,03515625; 506,44642857142856; 0,084127314
6580; 0,03515625; 0,03515625; 506,2142857142857; 0,08408875
6581; 0,03515625; 0,03515625; 506,23214285714283; 0,08409173
6582; 0,03515625; 0,03515625; 506,17857142857144; 0,08408283
6583; 0,03515625; 0,03515625; 506,30357142857144; 0,0841036
6584; 0,03515625; 0,03515625; 505,35714285714283; 0,08394636
6585; 0,03515625; 0,03515625; 506,42857142857144; 0,084124364
6586; 0,03515625; 0,03515625; 506,2142857142857; 0,08408876
6587; 0,03515625; 0,03515625; 506,26785714285717; 0,08409766
6588; 0,03515625; 0,03515625; 506,51785714285717; 0,08413919
6589; 0,03515625; 0,03515625; 505,26785714285717; 0,08393155
6590; 0,03515625; 0,03515625; 505,875; 0,084032394
6591; 0,03515625; 0,03515625; 505,7142857142857; 0,08400569
6592; 0,03515625; 0,03515625; 506,44642857142856; 0,08412732
6593; 0,03515625; 0,03515625; 506,2142857142857; 0,084088765
6594; 0,03515625; 0,03515625; 505,875; 0,0840324
6595; 0,03515625; 0,03515625; 506,05357142857144; 0,08406206
6596; 0,03515625; 0,03515625; 505,64285714285717; 0,08399384
6597; 0,03515625; 0,03515625; 506,375; 0,08411546
6598; 0,03515625; 0,03515625; 504,80357142857144; 0,08385442
6599; 0,03515625; 0,03515625; 506,73214285714283; 0,08417479
6600; 0,03515625; 0,03515625; 506,30357142857144; 0,084103584
6601; 0,03515625; 0,03515625; 505,2857142857143; 0,08393451
6602; 0,03515625; 0,03515625; 506,01785714285717; 0,08405613
6603; 0,03515625; 0,03515625; 507,19642857142856; 0,0842519
6604; 0,03515625; 0,03515625; 506,0357142857143; 0,08405911
6605; 0,03515625; 0,03515625; 504,92857142857144; 0,083875194
6606; 0,03515625; 0,03515625; 505,7142857142857; 0,0840057
6607; 0,03515625; 0,03515625; 506,5892857142857; 0,084151044
6608; 0,03515625; 0,03515625; 506,375; 0,084115446
6609; 0,03515625; 0,03515625; 505,57142857142856; 0,08398197
6610; 0,03515625; 0,03515625; 506,30357142857144; 0,08410359
6611; 0,03515625; 0,03515625; 506,25; 0,08409469
6612; 0,03515625; 0,03515625; 506,39285714285717; 0,08411842
6613; 0,03515625; 0,03515625; 505,80357142857144; 0,08402053
6614; 0,03515625; 0,03515625; 505,51785714285717; 0,08397309
6615; 0,03515625; 0,03515625; 505,55357142857144; 0,083979
6616; 0,03515625; 0,03515625; 505,625; 0,08399088
6617; 0,03515625; 0,03515625; 506,35714285714283; 0,0841125
6618; 0,03515625; 0,03515625; 506,01785714285717; 0,08405613
6619; 0,03515625; 0,03515625; 505,94642857142856; 0,084044255
6620; 0,03515625; 0,03515625; 506,9107142857143; 0,084204435
6621; 0,03515625; 0,03515625; 505,30357142857144; 0,08393748
6622; 0,03515625; 0,03515625; 505,5892857142857; 0,083984934
6623; 0,03515625; 0,03515625; 506,64285714285717; 0,084159955
6624; 0,03515625; 0,03515625; 505,80357142857144; 0,08402054
6625; 0,03515625; 0,03515625; 505,6607142857143; 0,08399681
6626; 0,03515625; 0,03515625; 505,6607142857143; 0,08399681
6627; 0,03515625; 0,03515625; 506,0892857142857; 0,08406799
6628; 0,03515625; 0,03515625; 505,80357142857144; 0,08402054
6629; 0,03515625; 0,03515625; 506,625; 0,08415699
6630; 0,03515625; 0,03515625; 506,42857142857144; 0,08412435
6631; 0,03515625; 0,03515625; 505,64285714285717; 0,083993845
6632; 0,03515625; 0,03515625; 506,7857142857143; 0,08418368
6633; 0,03515625; 0,03515625; 505,9642857142857; 0,08404724
6634; 0,03515625; 0,03515625; 505,3392857142857; 0,08394341
6635; 0,03515625; 0,03515625; 506,26785714285717; 0,08409766
6636; 0,03515625; 0,03515625; 506,0; 0,08405315
6637; 0,03515625; 0,03515625; 505,0357142857143; 0,083892986
6638; 0,03515625; 0,03515625; 506,5357142857143; 0,08414215
6639; 0,03515625; 0,03515625; 506,30357142857144; 0,08410359
6640; 0,03515625; 0,03515625; 506,26785714285717; 0,08409766
6641; 0,03515625; 0,03515625; 506,01785714285717; 0,084056124
6642; 0,03515625; 0,03515625; 506,5357142857143; 0,084142156
6643; 0,03515625; 0,03515625; 506,14285714285717; 0,08407689
6644; 0,03515625; 0,03515625; 505,92857142857144; 0,0840413
6645; 0,03515625; 0,03515625; 505,73214285714283; 0,08400867
6646; 0,03515625; 0,03515625; 506,2142857142857; 0,084088735
6647; 0,03515625; 0,03515625; 506,7857142857143; 0,084183685
6648; 0,03515625; 0,03515625; 505,32142857142856; 0,08394045
6649; 0,03515625; 0,03515625; 506,01785714285717; 0,08405613
6650; 0,03515625; 0,03515625; 506,4107142857143; 0,08412139
6651; 0,03515625; 0,03515625; 505,3392857142857; 0,08394341
6652; 0,03515625; 0,03515625; 506,5892857142857; 0,08415105
6653; 0,03515625; 0,03515625; 505,30357142857144; 0,08393747
6654; 0,03515625; 0,03515625; 505,85714285714283; 0,08402944
6655; 0,03515625; 0,03515625; 505,82142857142856; 0,0840235
6656; 0,03515625; 0,03515625; 505,125; 0,083907805
6657; 0,03515625; 0,03515625; 505,2142857142857; 0,08392265
6658; 0,03515625; 0,03515625; 505,375; 0,08394934
6659; 0,03515625; 0,03515625; 506,48214285714283; 0,08413326
6660; 0,03515625; 0,03515625; 506,35714285714283; 0,08411249
6661; 0,03515625; 0,03515625; 505,35714285714283; 0,083946384
6662; 0,03515625; 0,03515625; 506,10714285714283; 0,084070966
6663; 0,03515625; 0,03515625; 506,85714285714283; 0,08419554
6664; 0,03515625; 0,03515625; 506,14285714285717; 0,0840769
6665; 0,03515625; 0,03515625; 506,35714285714283; 0,08411248
6666; 0,03515625; 0,03515625; 506,0; 0,08405316
6667; 0,03515625; 0,03515625; 506,48214285714283; 0,08413326
6668; 0,03515625; 0,03515625; 506,0357142857143; 0,084059104
6669; 0,03515625; 0,03515625; 505,51785714285717; 0,08397307
6670; 0,03515625; 0,03515625; 506,30357142857144; 0,084103584
6671; 0,03515625; 0,03515625; 505,89285714285717; 0,08403536
6672; 0,03515625; 0,03515625; 505,94642857142856; 0,08404427
6673; 0,03515625; 0,03515625; 505,4642857142857; 0,08396418
6674; 0,03515625; 0,03515625; 504,875; 0,083866276
6675; 0,03515625; 0,03515625; 506,7857142857143; 0,084183685
6676; 0,03515625; 0,03515625; 506,9107142857143; 0,084204435
6677; 0,03515625; 0,03515625; 505,4107142857143; 0,08395528
6678; 0,03515625; 0,03515625; 506,875; 0,08419851
6679; 0,03515625; 0,03515625; 505,3392857142857; 0,08394341
6680; 0,03515625; 0,03515625; 506,05357142857144; 0,08406206
6681; 0,03515625; 0,03515625; 506,6607142857143; 0,08416291
6682; 0,03515625; 0,03515625; 506,75; 0,08417775
6683; 0,03515625; 0,03125; 505,57142857142856; 0,083981976
6684; 0,03125; 0,03125; 505,26785714285717; 0,08393156
6685; 0,03125; 0,03125; 499,7142857142857; 0,08300901
6686; 0,03125; 0,03125; 498,64285714285717; 0,08283105
6687; 0,03125; 0,03125; 498,64285714285717; 0,08283104
6688; 0,03125; 0,03125; 498,2142857142857; 0,08275985
6689; 0,03125; 0,03125; 498,625; 0,08282807
6690; 0,03125; 0,03125; 500,05357142857144; 0,08306538
6691; 0,03125; 0,03125; 498,51785714285717; 0,082810275
6692; 0,03125; 0,03125; 498,82142857142856; 0,0828607
6693; 0,03125; 0,03125; 497,35714285714283; 0,08261748
6694; 0,03125; 0,03125; 497,14285714285717; 0,08258188
6695; 0,03125; 0,03125; 498,1607142857143; 0,082750954
6696; 0,03125; 0,03125; 498,19642857142856; 0,08275689
6697; 0,03125; 0,03125; 497,7857142857143; 0,082688674
6698; 0,03125; 0,03125; 498,07142857142856; 0,08273613
6699; 0,03125; 0,03125; 499,05357142857144; 0,082899265
6700; 0,03125; 0,03125; 496,55357142857144; 0,082483985
6701; 0,03125; 0,03125; 496,875; 0,08253739
6702; 0,03125; 0,03125; 496,19642857142856; 0,082424656
6703; 0,03125; 0,03125; 497,10714285714283; 0,08257593
6704; 0,03125; 0,03125; 496,01785714285717; 0,082394995
6705; 0,03125; 0,03125; 497,35714285714283; 0,08261746
6706; 0,03125; 0,03125; 496,7857142857143; 0,082522534
6707; 0,03125; 0,03125; 495,39285714285717; 0,082291186
6708; 0,03125; 0,03125; 498,2142857142857; 0,08275986
6709; 0,03125; 0,03125; 496,60714285714283; 0,082492866
6710; 0,03125; 0,03125; 497,69642857142856; 0,08267381
6711; 0,03125; 0,03125; 497,2857142857143; 0,0826056
6712; 0,03125; 0,03125; 497,4642857142857; 0,08263527
6713; 0,03125; 0,03125; 496,625; 0,08249585
6714; 0,03125; 0,03125; 495,55357142857144; 0,08231788
6715; 0,03125; 0,03125; 494,7857142857143; 0,08219033
6716; 0,03125; 0,03125; 493,92857142857144; 0,08204794
6717; 0,03125; 0,03125; 494,26785714285717; 0,0821043
6718; 0,03125; 0,03125; 494,5892857142857; 0,082157694
6719; 0,03125; 0,03125; 495,42857142857144; 0,0822971
6720; 0,03125; 0,03125; 493,9642857142857; 0,08205388
6721; 0,03125; 0,03125; 493,875; 0,08203904
6722; 0,03125; 0,03125; 493,30357142857144; 0,08194412
6723; 0,03125; 0,03125; 494,44642857142856; 0,08213397
6724; 0,03125; 0,03125; 495,2857142857143; 0,08227337
6725; 0,03125; 0,03125; 494,44642857142856; 0,08213395
6726; 0,03125; 0,03125; 495,4107142857143; 0,08229416
6727; 0,03125; 0,03125; 493,9642857142857; 0,08205388
6728; 0,03125; 0,03125; 495,2142857142857; 0,0822615
6729; 0,03125; 0,03125; 495,51785714285717; 0,082311936
6730; 0,03125; 0,03125; 495,55357142857144; 0,082317874
6731; 0,03125; 0,03125; 495,55357142857144; 0,082317874
6732; 0,03125; 0,03125; 495,625; 0,08232973
6733; 0,03125; 0,03125; 496,85714285714283; 0,08253441
6734; 0,03125; 0,03125; 495,9107142857143; 0,082377195
6735; 0,03125; 0,03125; 496,7142857142857; 0,08251067
6736; 0,03125; 0,03125; 494,73214285714283; 0,08218144
6737; 0,03125; 0,03125; 495,2857142857143; 0,08227337
6738; 0,03125; 0,03125; 495,07142857142856; 0,08223779
6739; 0,03125; 0,03125; 495,23214285714283; 0,08226446
6740; 0,03125; 0,03125; 496,39285714285717; 0,08245728
6741; 0,03125; 0,03125; 496,89285714285717; 0,08254034
6742; 0,03125; 0,03125; 495,92857142857144; 0,08238017
6743; 0,03125; 0,03125; 495,82142857142856; 0,08236237
6744; 0,03125; 0,03125; 495,14285714285717; 0,08224964
6745; 0,03125; 0,03125; 494,30357142857144; 0,082110226
6746; 0,03125; 0,03125; 496,0357142857143; 0,08239796
6747; 0,03125; 0,03125; 495,3392857142857; 0,08228228
6748; 0,03125; 0,03125; 497,17857142857144; 0,08258782
6749; 0,03125; 0,03125; 496,8392857142857; 0,08253144
6750; 0,03125; 0,03125; 496,7142857142857; 0,082510665
6751; 0,03125; 0,03125; 495,9642857142857; 0,08238609
6752; 0,03125; 0,03125; 496,23214285714283; 0,08243059
6753; 0,03125; 0,03125; 495,875; 0,08237127
6754; 0,03125; 0,03125; 495,625; 0,08232974
6755; 0,03125; 0,03125; 495,89285714285717; 0,08237424
6756; 0,03125; 0,03125; 495,1607142857143; 0,08225264
6757; 0,03125; 0,03125; 494,8392857142857; 0,08219924
6758; 0,03125; 0,03125; 496,05357142857144; 0,08240094
6759; 0,03125; 0,03125; 496,57142857142856; 0,08248695
6760; 0,03125; 0,03125; 496,76785714285717; 0,08251959
6761; 0,03125; 0,03125; 498,67857142857144; 0,08283698
6762; 0,03125; 0,03125; 500,26785714285717; 0,083101
6763; 0,03125; 0,03125; 497,64285714285717; 0,08266493
6764; 0,03125; 0,03125; 495,55357142857144; 0,082317874
6765; 0,03125; 0,03125; 496,3392857142857; 0,082448386
6766; 0,03125; 0,03125; 497,85714285714283; 0,08270051
6767; 0,03125; 0,03125; 498,4642857142857; 0,08280138
6768; 0,03125; 0,03125; 499,23214285714283; 0,08292893
6769; 0,03125; 0,03125; 501,98214285714283; 0,083385706
6770; 0,03125; 0,03125; 501,67857142857144; 0,0833353
6771; 0,03125; 0,03125; 503,125; 0,083575584
6772; 0,03125; 0,03125; 506,17857142857144; 0,084082805
6773; 0,03125; 0,03125; 505,2142857142857; 0,08392263
6774; 0,03125; 0,03125; 506,4642857142857; 0,084130265
6775; 0,03125; 0,03125; 506,30357142857144; 0,08410359
6776; 0,03125; 0,03125; 508,39285714285717; 0,084450625
6777; 0,03125; 0,03125; 504,82142857142856; 0,08385738
6778; 0,03125; 0,03125; 504,0892857142857; 0,083735764
6779; 0,03125; 0,03125; 506,89285714285717; 0,08420147
6780; 0,03125; 0,03125; 507,4642857142857; 0,08429639
6781; 0,03125; 0,03125; 507,14285714285717; 0,08424299
6782; 0,03125; 0,03125; 503,0; 0,08355483
6783; 0,03125; 0,03125; 504,26785714285717; 0,08376543
6784; 0,03125; 0,03125; 505,57142857142856; 0,08398195
6785; 0,03125; 0,03125; 507,5; 0,08430232
6786; 0,03125; 0,03125; 506,0; 0,08405315
6787; 0,03125; 0,03125; 505,35714285714283; 0,08394636
6788; 0,03125; 0,03125; 506,80357142857144; 0,08418663
6789; 0,03125; 0,03125; 507,57142857142856; 0,08431419
6790; 0,03125; 0,03125; 508,80357142857144; 0,08451885
6791; 0,03125; 0,03125; 507,85714285714283; 0,08436165
6792; 0,03125; 0,03125; 509,0892857142857; 0,08456632
6793; 0,03125; 0,03125; 510,5; 0,08480065
6794; 0,03125; 0,03125; 508,7142857142857; 0,08450403
6795; 0,03125; 0,03125; 510,5; 0,08480066
6796; 0,03125; 0,03125; 511,19642857142856; 0,08491633
6797; 0,03125; 0,03125; 509,875; 0,08469684
6798; 0,03125; 0,03125; 510,82142857142856; 0,08485405
6799; 0,03125; 0,03125; 511,14285714285717; 0,08490745
6800; 0,03125; 0,03125; 512,1607142857143; 0,08507651
6801; 0,03125; 0,03125; 510,48214285714283; 0,08479768
6802; 0,03125; 0,03125; 509,35714285714283; 0,08461081
6803; 0,03125; 0,03125; 509,7142857142857; 0,08467014
6804; 0,03125; 0,03125; 511,375; 0,08494599
6805; 0,03125; 0,03125; 511,9107142857143; 0,085035
6806; 0,03125; 0,03125; 512,4464285714286; 0,08512399
6807; 0,03125; 0,03125; 511,625; 0,08498753
6808; 0,03125; 0,03125; 511,19642857142856; 0,084916346
6809; 0,03125; 0,03125; 510,4642857142857; 0,08479475
6810; 0,03125; 0,03125; 511,69642857142856; 0,08499943
6811; 0,03125; 0,03125; 511,375; 0,08494603
6812; 0,03125; 0,03125; 512,0714285714286; 0,085061714
6813; 0,03125; 0,03125; 511,01785714285717; 0,08488671
6814; 0,03125; 0,03125; 511,5; 0,08496678
6815; 0,03125; 0,03125; 511,30357142857144; 0,08493416
6816; 0,03125; 0,03125; 513,2678571428571; 0,08526045
6817; 0,03125; 0,03125; 512,5714285714286; 0,085144766
6818; 0,03125; 0,03125; 514,9642857142857; 0,085542254
6819; 0,03125; 0,03125; 512,8928571428571; 0,085198164
6820; 0,03125; 0,03125; 515,0357142857143; 0,085554115
6821; 0,03125; 0,03125; 514,4285714285714; 0,085453264
6822; 0,03125; 0,03125; 513,0892857142857; 0,08523078
6823; 0,03125; 0,03125; 517,0; 0,08588039
6824; 0,03125; 0,03125; 514,7857142857143; 0,08551258
6825; 0,03125; 0,03125; 511,75; 0,08500831
6826; 0,03125; 0,03125; 514,1428571428571; 0,08540578
6827; 0,03125; 0,03125; 513,6428571428571; 0,08532273
6828; 0,03125; 0,03125; 512,8571428571429; 0,0851922
6829; 0,03125; 0,03125; 512,7857142857143; 0,08518034
6830; 0,03125; 0,03125; 512,8035714285714; 0,085183315
6831; 0,03125; 0,03125; 512,1964285714286; 0,085082434
6832; 0,03125; 0,03125; 511,25; 0,084925234
6833; 0,03125; 0,03125; 512,5714285714286; 0,08514475
6834; 0,03125; 0,03125; 512,5892857142857; 0,08514772
6835; 0,03125; 0,03125; 510,73214285714283; 0,084839225
6836; 0,03125; 0,03125; 510,85714285714283; 0,08485999
6837; 0,03125; 0,03125; 512,9285714285714; 0,08520408
6838; 0,03125; 0,03125; 512,6607142857143; 0,085159585
6839; 0,03125; 0,03125; 513,375; 0,08527823
6840; 0,03125; 0,03125; 511,26785714285717; 0,08492823
6841; 0,03125; 0,03125; 510,9642857142857; 0,0848778
6842; 0,03125; 0,03125; 512,6964285714286; 0,08516551
6843; 0,03125; 0,03125; 511,3392857142857; 0,084940076
6844; 0,03125; 0,03125; 512,3392857142857; 0,08510619
6845; 0,03125; 0,03125; 513,25; 0,08525747
6846; 0,03125; 0,03125; 511,98214285714283; 0,08504685
6847; 0,03125; 0,03125; 513,3214285714286; 0,08526934
6848; 0,03125; 0,03125; 511,23214285714283; 0,08492227
6849; 0,03125; 0,03125; 511,32142857142856; 0,08493711
6850; 0,03125; 0,03125; 511,92857142857144; 0,08503796
6851; 0,03125; 0,03125; 512,5178571428571; 0,08513584
6852; 0,03125; 0,03125; 512,1785714285714; 0,08507949
6853; 0,03125; 0,03125; 512,0892857142857; 0,08506467
6854; 0,03125; 0,03125; 511,7857142857143; 0,08501425
6855; 0,03125; 0,03125; 513,0178571428571; 0,08521891
6856; 0,03125; 0,03125; 510,73214285714283; 0,084839225
6857; 0,03125; 0,03125; 512,5; 0,0851329
6858; 0,03125; 0,03125; 512,0892857142857; 0,08506467
6859; 0,03125; 0,03125; 511,82142857142856; 0,08502015
6860; 0,03125; 0,03125; 511,8392857142857; 0,08502312
6861; 0,03125; 0,03125; 512,3928571428571; 0,08511509
6862; 0,03125; 0,03125; 511,98214285714283; 0,08504685
6863; 0,03125; 0,03125; 512,6964285714286; 0,085165516
6864; 0,03125; 0,03125; 512,25; 0,08509135
6865; 0,03125; 0,03125; 512,2321428571429; 0,08508839
6866; 0,03125; 0,03125; 511,94642857142856; 0,08504094
6867; 0,03125; 0,03125; 512,3214285714286; 0,08510323
6868; 0,03125; 0,03125; 511,25; 0,08492526
6869; 0,03125; 0,03125; 511,4107142857143; 0,08495194
6870; 0,03125; 0,03125; 511,375; 0,084946014
6871; 0,03125; 0,03125; 511,4642857142857; 0,08496083
6872; 0,03125; 0,03125; 512,2321428571429; 0,08508839
6873; 0,03125; 0,03125; 513,125; 0,08523671
6874; 0,03125; 0,03125; 512,8571428571429; 0,08519221
6875; 0,03125; 0,03125; 511,75; 0,0850083
6876; 0,03125; 0,03125; 511,7857142857143; 0,085014224
6877; 0,03125; 0,03125; 511,82142857142856; 0,08502017
6878; 0,03125; 0,03125; 512,7142857142857; 0,08516849
6879; 0,03125; 0,03125; 511,94642857142856; 0,08504093
6880; 0,03125; 0,03125; 512,6607142857143; 0,085159585
6881; 0,03125; 0,03125; 512,8214285714286; 0,085186265
6882; 0,03125; 0,03125; 512,5357142857143; 0,085138835
6883; 0,03125; 0,03125; 513,3214285714286; 0,08526934
6884; 0,03125; 0,03125; 512,6428571428571; 0,08515662
6885; 0,03125; 0,03125; 511,9642857142857; 0,08504389
6886; 0,03125; 0,03125; 511,1607142857143; 0,0849104
6887; 0,03125; 0,03125; 512,4107142857143; 0,08511805
6888; 0,03125; 0,03125; 511,5892857142857; 0,084981605
6889; 0,03125; 0,03125; 512,0; 0,08504983
6890; 0,03125; 0,03125; 512,3035714285714; 0,08510027
6891; 0,03125; 0,03125; 512,1607142857143; 0,085076556
6892; 0,03125; 0,03125; 512,1607142857143; 0,085076526
6893; 0,03125; 0,03125; 512,0357142857143; 0,08505577
6894; 0,03125; 0,03125; 511,89285714285717; 0,08503203
6895; 0,03125; 0,03125; 512,4107142857143; 0,08511805
6896; 0,03125; 0,03125; 513,2142857142857; 0,08525152
6897; 0,03125; 0,03125; 512,5357142857143; 0,085138805
6898; 0,03125; 0,03125; 513,2321428571429; 0,0852545
6899; 0,03125; 0,03125; 512,2142857142857; 0,08508543
6900; 0,03125; 0,03125; 512,25; 0,08509134
6901; 0,03125; 0,03125; 511,80357142857144; 0,08501719
6902; 0,03125; 0,03125; 511,26785714285717; 0,084928215
6903; 0,03125; 0,03125; 512,5; 0,08513286
6904; 0,03125; 0,03125; 511,94642857142856; 0,08504092
6905; 0,03125; 0,03125; 512,625; 0,085153654
6906; 0,03125; 0,03125; 512,1964285714286; 0,08508245
6907; 0,03125; 0,03125; 511,82142857142856; 0,08502018
6908; 0,03125; 0,03125; 512,5714285714286; 0,085144766
6909; 0,03125; 0,03125; 511,7142857142857; 0,08500236
6910; 0,03125; 0,03125; 511,92857142857144; 0,085037954
6911; 0,03125; 0,03125; 511,82142857142856; 0,08502017
6912; 0,03125; 0,03125; 511,85714285714283; 0,08502611
6913; 0,03125; 0,03125; 512,25; 0,085091345
6914; 0,03125; 0,03125; 512,5357142857143; 0,085138805
6915; 0,03125; 0,03125; 511,125; 0,08490448
6916; 0,03125; 0,03125; 512,375; 0,08511212
6917; 0,03125; 0,03125; 513,1071428571429; 0,08523375
6918; 0,03125; 0,03125; 511,98214285714283; 0,085046865
6919; 0,03125; 0,03125; 511,17857142857144; 0,08491337
6920; 0,03125; 0,03125; 511,7142857142857; 0,08500237
6921; 0,03125; 0,03125; 513,4642857142857; 0,085293055
6922; 0,03125; 0,03125; 512,6964285714286; 0,08516554
6923; 0,03125; 0,03125; 512,2321428571429; 0,08508839
6924; 0,03125; 0,03125; 512,3035714285714; 0,08510024
6925; 0,03125; 0,03125; 513,75; 0,08534051
6926; 0,03125; 0,03125; 511,76785714285717; 0,08501128
6927; 0,03125; 0,03125; 513,3571428571429; 0,08527525
6928; 0,03125; 0,03125; 512,5357142857143; 0,08513882
6929; 0,03125; 0,03125; 512,6785714285714; 0,08516254
6930; 0,03125; 0,03125; 511,9107142857143; 0,085035
6931; 0,03125; 0,03125; 511,89285714285717; 0,08503202
6932; 0,03125; 0,03125; 511,32142857142856; 0,08493711
6933; 0,03125; 0,03125; 510,92857142857144; 0,08487183
6934; 0,03125; 0,03125; 512,3035714285714; 0,08510027
6935; 0,03125; 0,03125; 512,3571428571429; 0,08510913
6936; 0,03125; 0,03125; 511,30357142857144; 0,08493414
6937; 0,03125; 0,03125; 512,8035714285714; 0,0851833
6938; 0,03125; 0,03125; 511,875; 0,08502906
6939; 0,03125; 0,03125; 513,1964285714286; 0,08524855
6940; 0,03125; 0,03125; 512,7321428571429; 0,085171446
6941; 0,03125; 0,03125; 511,8392857142857; 0,08502314
6942; 0,03125; 0,03125; 511,7857142857143; 0,08501424
6943; 0,03125; 0,03125; 511,7857142857143; 0,08501422
6944; 0,03125; 0,03125; 512,2678571428571; 0,08509432
6945; 0,03125; 0,03125; 512,2678571428571; 0,085094325
6946; 0,03125; 0,03125; 512,8035714285714; 0,08518331
6947; 0,03125; 0,03125; 511,64285714285717; 0,08499052
6948; 0,03125; 0,03125; 511,625; 0,08498753
6949; 0,03125; 0,03125; 512,9107142857143; 0,0852011
6950; 0,03125; 0,03125; 512,3392857142857; 0,085106194
6951; 0,03125; 0,03125; 511,85714285714283; 0,08502611
6952; 0,03125; 0,03125; 512,625; 0,08515363
6953; 0,03125; 0,03125; 512,3035714285714; 0,085100256
6954; 0,03125; 0,03125; 511,39285714285717; 0,08494897
6955; 0,03125; 0,03125; 512,1964285714286; 0,085082464
6956; 0,03125; 0,03125; 511,1607142857143; 0,084910415
6957; 0,03125; 0,03125; 512,75; 0,08517443
6958; 0,03125; 0,03125; 512,5714285714286; 0,085144766
6959; 0,03125; 0,03125; 511,25; 0,08492524
6960; 0,03125; 0,03125; 512,4285714285714; 0,08512102
6961; 0,03125; 0,03125; 512,1964285714286; 0,085082464
6962; 0,03125; 0,03125; 512,3928571428571; 0,08511509
6963; 0,03125; 0,03125; 513,0357142857143; 0,08522188
6964; 0,03125; 0,03125; 512,2678571428571; 0,08509433
6965; 0,03125; 0,03125; 512,5178571428571; 0,085135855
6966; 0,03125; 0,03125; 512,2678571428571; 0,085094325
6967; 0,03125; 0,03125; 512,0892857142857; 0,08506465
6968; 0,03125; 0,03125; 513,1607142857143; 0,08524263
6969; 0,03125; 0,03125; 511,51785714285717; 0,084969744
6970; 0,03125; 0,03125; 511,5357142857143; 0,0849727
6971; 0,03125; 0,03125; 511,5357142857143; 0,084972695
6972; 0,03125; 0,03125; 512,3392857142857; 0,08510619
6973; 0,03125; 0,03125; 511,89285714285717; 0,08503204
6974; 0,03125; 0,03125; 512,2857142857143; 0,085097305
6975; 0,03125; 0,03125; 511,73214285714283; 0,08500533
6976; 0,03125; 0,03125; 513,0892857142857; 0,08523077
6977; 0,03125; 0,03125; 512,8214285714286; 0,085186265
6978; 0,03125; 0,03125; 511,5892857142857; 0,084981605
6979; 0,03125; 0,03125; 512,25; 0,08509135
6980; 0,03125; 0,03125; 511,9642857142857; 0,085043885
6981; 0,03125; 0,03125; 511,6607142857143; 0,08499346
6982; 0,03125; 0,03125; 512,6428571428571; 0,08515661
6983; 0,03125; 0,03125; 512,1785714285714; 0,0850795
6984; 0,03125; 0,03125; 513,0; 0,085215926
6985; 0,03125; 0,03125; 511,76785714285717; 0,08501125
6986; 0,03125; 0,03125; 511,625; 0,08498753
6987; 0,03125; 0,03125; 512,2857142857143; 0,08509729
6988; 0,03125; 0,03125; 511,89285714285717; 0,08503203
6989; 0,03125; 0,03125; 512,5892857142857; 0,085147716
6990; 0,03125; 0,03125; 512,0178571428571; 0,085052796
6991; 0,03125; 0,03125; 512,7678571428571; 0,08517736
6992; 0,03125; 0,03125; 512,7678571428571; 0,08517737
6993; 0,03125; 0,03125; 512,375; 0,0851121
6994; 0,03125; 0,03125; 513,125; 0,085236706
6995; 0,03125; 0,03125; 511,875; 0,08502906
6996; 0,03125; 0,03125; 511,5; 0,08496677
6997; 0,03125; 0,03125; 511,5; 0,08496678
6998; 0,03125; 0,03125; 512,2142857142857; 0,08508541
6999; 0,03125; 0,03125; 512,2857142857143; 0,08509729
7000; 0,03125; 0,03125; 511,30357142857144; 0,08493416
7001; 0,03125; 0,03125; 512,125; 0,0850706
7002; 0,03125; 0,03125; 512,3035714285714; 0,08510024
7003; 0,03125; 0,03125; 512,0178571428571; 0,085052796
7004; 0,03125; 0,03125; 511,76785714285717; 0,085011266
7005; 0,03125; 0,03125; 511,6607142857143; 0,08499348
7006; 0,03125; 0,03125; 512,2142857142857; 0,08508543
7007; 0,03125; 0,03125; 511,73214285714283; 0,08500533
7008; 0,03125; 0,03125; 512,4107142857143; 0,08511804
7009; 0,03125; 0,03125; 512,0178571428571; 0,085052796
7010; 0,03125; 0,03125; 511,64285714285717; 0,084990494
7011; 0,03125; 0,03125; 512,2142857142857; 0,085085414
7012; 0,03125; 0,03125; 511,5892857142857; 0,084981605
7013; 0,03125; 0,03125; 510,94642857142856; 0,08487481
7014; 0,03125; 0,03125; 512,6785714285714; 0,08516254
7015; 0,03125; 0,03125; 512,1428571428571; 0,085073546
7016; 0,03125; 0,03125; 512,6428571428571; 0,08515662
7017; 0,03125; 0,03125; 512,9464285714286; 0,08520704
7018; 0,03125; 0,02734375; 511,67857142857144; 0,08499644
7019; 0,02734375; 0,02734375; 512,5; 0,08513289
7020; 0,02734375; 0,02734375; 517,8214285714286; 0,086016856
7021; 0,02734375; 0,02734375; 518,3571428571429; 0,08610584
7022; 0,02734375; 0,02734375; 518,75; 0,0861711
7023; 0,02734375; 0,02734375; 519,5; 0,08629569
7024; 0,02734375; 0,02734375; 519,0892857142857; 0,086227454
7025; 0,02734375; 0,02734375; 519,125; 0,08623339
7026; 0,02734375; 0,02734375; 521,25; 0,08658638
7027; 0,02734375; 0,02734375; 518,6964285714286; 0,086162195
7028; 0,02734375; 0,02734375; 518,4821428571429; 0,0861266
7029; 0,02734375; 0,02734375; 519,1428571428571; 0,08623635
7030; 0,02734375; 0,02734375; 518,6428571428571; 0,086153306
7031; 0,02734375; 0,02734375; 519,7678571428571; 0,08634018
7032; 0,02734375; 0,02734375; 519,4821428571429; 0,08629272
7033; 0,02734375; 0,02734375; 519,3214285714286; 0,08626602
7034; 0,02734375; 0,02734375; 519,4821428571429; 0,08629272
7035; 0,02734375; 0,02734375; 518,3035714285714; 0,08609696
7036; 0,02734375; 0,02734375; 518,9107142857143; 0,0861978
7037; 0,02734375; 0,02734375; 518,6607142857143; 0,086156264
7038; 0,02734375; 0,02734375; 518,2321428571429; 0,08608508
7039; 0,02734375; 0,02734375; 519,2857142857143; 0,08626008
7040; 0,02734375; 0,02734375; 518,8571428571429; 0,086188905
7041; 0,02734375; 0,02734375; 518,9464285714286; 0,08620373
7042; 0,02734375; 0,02734375; 517,1071428571429; 0,085898206
7043; 0,02734375; 0,02734375; 516,25; 0,085755825
7044; 0,02734375; 0,02734375; 517,3035714285714; 0,08593083
7045; 0,02734375; 0,02734375; 516,5; 0,08579736
7046; 0,02734375; 0,02734375; 517,125; 0,08590118
7047; 0,02734375; 0,02734375; 517,6071428571429; 0,08598125
7048; 0,02734375; 0,02734375; 519,5357142857143; 0,08630161
7049; 0,02734375; 0,02734375; 519,2142857142857; 0,08624822
7050; 0,02734375; 0,02734375; 519,75; 0,08633721
7051; 0,02734375; 0,02734375; 518,7142857142857; 0,08616518
7052; 0,02734375; 0,02734375; 519,2857142857143; 0,08626009
7053; 0,02734375; 0,02734375; 519,0892857142857; 0,08622747
7054; 0,02734375; 0,02734375; 521,2857142857143; 0,08659231
7055; 0,02734375; 0,02734375; 521,8035714285714; 0,08667832
7056; 0,02734375; 0,02734375; 520,6785714285714; 0,08649145
7057; 0,02734375; 0,02734375; 521,5357142857143; 0,08663384
7058; 0,02734375; 0,02734375; 523,1428571428571; 0,086900786
7059; 0,02734375; 0,02734375; 522,2321428571429; 0,08674952
7060; 0,02734375; 0,02734375; 521,9285714285714; 0,08669908
7061; 0,02734375; 0,02734375; 523,3571428571429; 0,0869364
7062; 0,02734375; 0,02734375; 522,8214285714286; 0,08684739
7063; 0,02734375; 0,02734375; 521,5535714285714; 0,0866368
7064; 0,02734375; 0,02734375; 523,8392857142857; 0,0870165
7065; 0,02734375; 0,02734375; 524,5178571428571; 0,08712921
7066; 0,02734375; 0,02734375; 522,5357142857143; 0,086799935
7067; 0,02734375; 0,02734375; 522,0535714285714; 0,08671988
7068; 0,02734375; 0,02734375; 521,375; 0,08660714
7069; 0,02734375; 0,02734375; 521,7321428571429; 0,08666646
7070; 0,02734375; 0,02734375; 522,5535714285714; 0,0868029
7071; 0,02734375; 0,02734375; 523,5535714285714; 0,08696903
7072; 0,02734375; 0,02734375; 525,0; 0,08720932
7073; 0,02734375; 0,02734375; 524,1071428571429; 0,08706099
7074; 0,02734375; 0,02734375; 523,875; 0,08702244
7075; 0,02734375; 0,02734375; 523,5892857142857; 0,08697496
7076; 0,02734375; 0,02734375; 524,5357142857143; 0,0871322
7077; 0,02734375; 0,02734375; 523,6607142857143; 0,08698683
7078; 0,02734375; 0,02734375; 525,9107142857143; 0,0873606
7079; 0,02734375; 0,02734375; 523,6607142857143; 0,08698684
7080; 0,02734375; 0,02734375; 524,5178571428571; 0,08712921
7081; 0,02734375; 0,02734375; 524,5; 0,087126255
7082; 0,02734375; 0,02734375; 522,9464285714286; 0,08686818
7083; 0,02734375; 0,02734375; 524,0535714285714; 0,08705211
7084; 0,02734375; 0,02734375; 524,2857142857143; 0,08709065
7085; 0,02734375; 0,02734375; 524,1785714285714; 0,08707285
7086; 0,02734375; 0,02734375; 523,6964285714286; 0,08699276
7087; 0,02734375; 0,02734375; 524,125; 0,08706395
7088; 0,02734375; 0,02734375; 524,0714285714286; 0,087055065
7089; 0,02734375; 0,02734375; 523,7857142857143; 0,087007605
7090; 0,02734375; 0,02734375; 524,0714285714286; 0,087055065
7091; 0,02734375; 0,02734375; 524,1071428571429; 0,08706098
7092; 0,02734375; 0,02734375; 524,7142857142857; 0,08716184
7093; 0,02734375; 0,02734375; 523,4464285714286; 0,08695125
7094; 0,02734375; 0,02734375; 523,7857142857143; 0,0870076
7095; 0,02734375; 0,02734375; 524,1071428571429; 0,087060995
7096; 0,02734375; 0,02734375; 524,375; 0,087105475
7097; 0,02734375; 0,02734375; 523,8214285714286; 0,08701354
7098; 0,02734375; 0,02734375; 524,1428571428571; 0,08706691
7099; 0,02734375; 0,02734375; 524,1785714285714; 0,08707286
7100; 0,02734375; 0,02734375; 524,1071428571429; 0,08706101
7101; 0,02734375; 0,02734375; 524,2678571428571; 0,08708769
7102; 0,02734375; 0,02734375; 523,75; 0,08700168
7103; 0,02734375; 0,02734375; 523,5178571428571; 0,086963095
7104; 0,02734375; 0,02734375; 523,3928571428571; 0,08694235
7105; 0,02734375; 0,02734375; 524,1785714285714; 0,08707286
7106; 0,02734375; 0,02734375; 523,8928571428571; 0,08702539
7107; 0,02734375; 0,02734375; 523,375; 0,08693938
7108; 0,02734375; 0,02734375; 523,5714285714286; 0,08697201
7109; 0,02734375; 0,02734375; 523,25; 0,08691861
7110; 0,02734375; 0,02734375; 524,9464285714286; 0,08720041
7111; 0,02734375; 0,02734375; 524,8035714285714; 0,08717668
7112; 0,02734375; 0,02734375; 523,4285714285714; 0,08694828
7113; 0,02734375; 0,02734375; 522,4285714285714; 0,08678216
7114; 0,02734375; 0,02734375; 524,3392857142857; 0,08709957
7115; 0,02734375; 0,02734375; 523,9821428571429; 0,08704023
7116; 0,02734375; 0,02734375; 523,7678571428571; 0,08700465
7117; 0,02734375; 0,02734375; 524,2321428571429; 0,087081745
7118; 0,02734375; 0,02734375; 523,3392857142857; 0,08693344
7119; 0,02734375; 0,02734375; 525,0892857142857; 0,08722415
7120; 0,02734375; 0,02734375; 524,0892857142857; 0,087058015
7121; 0,02734375; 0,02734375; 522,9821428571429; 0,08687411
7122; 0,02734375; 0,02734375; 522,7857142857143; 0,08684149
7123; 0,02734375; 0,02734375; 523,8214285714286; 0,08701353
7124; 0,02734375; 0,02734375; 525,4285714285714; 0,087280504
7125; 0,02734375; 0,02734375; 524,8392857142857; 0,0871826
7126; 0,02734375; 0,02734375; 523,8392857142857; 0,0870165
7127; 0,02734375; 0,02734375; 524,5892857142857; 0,08714109
7128; 0,02734375; 0,02734375; 523,5; 0,086960144
7129; 0,02734375; 0,02734375; 524,2857142857143; 0,08709066
7130; 0,02734375; 0,02734375; 522,8571428571429; 0,08685335
7131; 0,02734375; 0,02734375; 523,7142857142857; 0,08699574
7132; 0,02734375; 0,02734375; 523,7857142857143; 0,08700762
7133; 0,02734375; 0,02734375; 523,3928571428571; 0,08694234
7134; 0,02734375; 0,02734375; 523,4642857142857; 0,08695421
7135; 0,02734375; 0,02734375; 524,1428571428571; 0,08706691
7136; 0,02734375; 0,02734375; 523,0178571428571; 0,08688004
7137; 0,02734375; 0,02734375; 524,75; 0,087167785
7138; 0,02734375; 0,02734375; 523,2142857142857; 0,08691268
7139; 0,02734375; 0,02734375; 524,2678571428571; 0,08708768
7140; 0,02734375; 0,02734375; 523,6428571428571; 0,08698387
7141; 0,02734375; 0,02734375; 522,9642857142857; 0,086871155
7142; 0,02734375; 0,02734375; 524,2142857142857; 0,087078765
7143; 0,02734375; 0,02734375; 524,0535714285714; 0,0870521
7144; 0,02734375; 0,02734375; 524,2321428571429; 0,087081745
7145; 0,02734375; 0,02734375; 524,6071428571429; 0,08714407
7146; 0,02734375; 0,02734375; 523,7142857142857; 0,08699574
7147; 0,02734375; 0,02734375; 524,0892857142857; 0,08705802
7148; 0,02734375; 0,02734375; 523,7678571428571; 0,08700464
7149; 0,02734375; 0,02734375; 524,1428571428571; 0,08706693
7150; 0,02734375; 0,0234375; 523,6964285714286; 0,08699278
7151; 0,0234375; 0,0234375; 523,5714285714286; 0,086972006
7152; 0,0234375; 0,0234375; 527,6428571428571; 0,08764834
7153; 0,0234375; 0,0234375; 533,3035714285714; 0,08858865
7154; 0,0234375; 0,0234375; 530,0714285714286; 0,08805174
7155; 0,0234375; 0,0234375; 528,3392857142857; 0,08776402
7156; 0,0234375; 0,0234375; 527,125; 0,08756228
7157; 0,0234375; 0,0234375; 524,1964285714286; 0,087075844
7158; 0,0234375; 0,0234375; 523,9107142857143; 0,087028384
7159; 0,0234375; 0,0234375; 522,8392857142857; 0,08685039
7160; 0,0234375; 0,0234375; 521,8392857142857; 0,08668427
7161; 0,0234375; 0,0234375; 522,8035714285714; 0,08684445
7162; 0,0234375; 0,0234375; 523,6964285714286; 0,08699278
7163; 0,0234375; 0,0234375; 523,1607142857143; 0,08690379
7164; 0,0234375; 0,0234375; 524,9642857142857; 0,08720339
7165; 0,0234375; 0,0234375; 524,3571428571429; 0,087102525
7166; 0,0234375; 0,0234375; 524,625; 0,08714699
7167; 0,0234375; 0,0234375; 523,9821428571429; 0,08704023
7168; 0,0234375; 0,0234375; 525,4464285714286; 0,087283485
7169; 0,0234375; 0,0234375; 524,8035714285714; 0,08717668
7170; 0,0234375; 0,0234375; 525,4464285714286; 0,08728348
7171; 0,0234375; 0,0234375; 524,6428571428571; 0,087149985
7172; 0,0234375; 0,0234375; 525,8928571428571; 0,08735762
7173; 0,0234375; 0,0234375; 525,4821428571429; 0,0872894
7174; 0,0234375; 0,0234375; 525,2321428571429; 0,08724789
7175; 0,0234375; 0,0234375; 524,625; 0,087147005
7176; 0,0234375; 0,0234375; 526,1964285714286; 0,08740805
7177; 0,0234375; 0,0234375; 523,5535714285714; 0,086969025
7178; 0,0234375; 0,0234375; 522,7857142857143; 0,08684148
7179; 0,0234375; 0,0234375; 523,8928571428571; 0,08702539
7180; 0,0234375; 0,0234375; 523,6071428571429; 0,08697795
7181; 0,0234375; 0,0234375; 524,3035714285714; 0,08709363
7182; 0,0234375; 0,0234375; 522,9821428571429; 0,08687411
7183; 0,0234375; 0,0234375; 524,2321428571429; 0,087081745
7184; 0,0234375; 0,0234375; 522,5714285714286; 0,08680589
7185; 0,0234375; 0,0234375; 521,8392857142857; 0,08668427
7186; 0,0234375; 0,0234375; 519,7857142857143; 0,08634313
7187; 0,0234375; 0,0234375; 520,5892857142857; 0,086476624
7188; 0,0234375; 0,0234375; 520,5714285714286; 0,08647365
7189; 0,0234375; 0,0234375; 520,1428571428571; 0,08640247
7190; 0,0234375; 0,0234375; 520,0714285714286; 0,0863906
7191; 0,0234375; 0,0234375; 519,9107142857143; 0,0863639
7192; 0,0234375; 0,0234375; 521,1785714285714; 0,08657451
7193; 0,0234375; 0,0234375; 523,1071428571429; 0,08689487
7194; 0,0234375; 0,0234375; 523,1607142857143; 0,08690376
7195; 0,0234375; 0,0234375; 525,5714285714286; 0,08730422
7196; 0,0234375; 0,0234375; 522,4464285714286; 0,086785115
7197; 0,0234375; 0,0234375; 521,4285714285714; 0,08661605
7198; 0,0234375; 0,0234375; 521,3035714285714; 0,086595275
7199; 0,0234375; 0,0234375; 520,5357142857143; 0,08646772
7200; 0,0234375; 0,0234375; 521,1964285714286; 0,08657748
7201; 0,0234375; 0,0234375; 518,7857142857143; 0,086177036
7202; 0,0234375; 0,0234375; 520,375; 0,08644103
7203; 0,0234375; 0,0234375; 521,0535714285714; 0,08655375
7204; 0,0234375; 0,0234375; 520,5357142857143; 0,08646773
7205; 0,0234375; 0,01953125; 521,1071428571429; 0,08656264
7206; 0,01953125; 0,01953125; 520,4642857142857; 0,08645587
7207; 0,01953125; 0,01953125; 519,1785714285714; 0,08624228
7208; 0,01953125; 0,01953125; 518,2857142857143; 0,086093985
7209; 0,01953125; 0,01953125; 519,4464285714286; 0,08628678
7210; 0,01953125; 0,01953125; 518,9285714285714; 0,08620076
7211; 0,01953125; 0,01953125; 517,7142857142857; 0,085999064
7212; 0,01953125; 0,01953125; 519,1964285714286; 0,08624525
7213; 0,01953125; 0,01953125; 520,875; 0,086524084
7214; 0,01953125; 0,01953125; 518,8928571428571; 0,08619483
7215; 0,01953125; 0,01953125; 518,1785714285714; 0,08607618
7216; 0,01953125; 0,01953125; 517,4464285714286; 0,085954554
7217; 0,01953125; 0,01953125; 519,625; 0,08631643
7218; 0,01953125; 0,01953125; 519,4464285714286; 0,08628678
7219; 0,01953125; 0,01953125; 519,625; 0,08631645
7220; 0,01953125; 0,01953125; 520,4642857142857; 0,086455844
7221; 0,01953125; 0,01953125; 520,3571428571429; 0,086438045
7222; 0,01953125; 0,01953125; 520,25; 0,08642026
7223; 0,01953125; 0,01953125; 520,6071428571429; 0,08647959
7224; 0,01953125; 0,01953125; 519,75; 0,086337194
7225; 0,01953125; 0,01953125; 519,8392857142857; 0,086352035
7226; 0,01953125; 0,01953125; 519,875; 0,086357966
7227; 0,01953125; 0,01953125; 521,3392857142857; 0,0866012
7228; 0,01953125; 0,01953125; 520,3392857142857; 0,08643509
7229; 0,01953125; 0,01953125; 520,6428571428571; 0,086485505
7230; 0,01953125; 0,01953125; 519,0535714285714; 0,08622151
7231; 0,01953125; 0,01953125; 518,5178571428571; 0,08613253
7232; 0,01953125; 0,01953125; 518,9642857142857; 0,08620669
7233; 0,01953125; 0,01953125; 518,25; 0,08608805
7234; 0,01953125; 0,01953125; 518,5; 0,08612955
7235; 0,01953125; 0,01953125; 520,6607142857143; 0,08648849
7236; 0,01953125; 0,01953125; 524,0178571428571; 0,08704615
7237; 0,01953125; 0,01953125; 529,5714285714286; 0,08796869
7238; 0,01953125; 0,01953125; 541,6607142857143; 0,08997687
7239; 0,01953125; 0,01953125; 535,7321428571429; 0,08899206
7240; 0,01953125; 0,01953125; 555,4464285714286; 0,09226685
7241; 0,01953125; 0,01953125; 558,2857142857143; 0,092738494
7242; 0,01953125; 0,01953125; 554,1607142857143; 0,09205329
7243; 0,01953125; 0,01953125; 551,1071428571429; 0,09154605
7244; 0,01953125; 0,01953125; 544,4821428571429; 0,090445556
7245; 0,01953125; 0,01953125; 539,6964285714286; 0,08965057
7246; 0,01953125; 0,01953125; 541,3928571428571; 0,089932375
7247; 0,01953125; 0,01953125; 538,7142857142857; 0,08948743
7248; 0,01953125; 0,01953125; 524,4285714285714; 0,087114386
7249; 0,01953125; 0,01953125; 526,9821428571429; 0,08753856
7250; 0,01953125; 0,01953125; 528,7857142857143; 0,087838165
7251; 0,01953125; 0,01953125; 531,3571428571429; 0,08826529
7252; 0,01953125; 0,01953125; 533,4285714285714; 0,0886094
7253; 0,01953125; 0,01953125; 532,0892857142857; 0,08838693
7254; 0,01953125; 0,01953125; 547,3035714285714; 0,090914235
7255; 0,01953125; 0,01953125; 542,7321428571429; 0,09015485
7256; 0,01953125; 0,01953125; 545,4642857142857; 0,09060871
7257; 0,01953125; 0,01953125; 550,6428571428571; 0,09146893
7258; 0,01953125; 0,01953125; 547,2678571428571; 0,09090829
7259; 0,01953125; 0,01953125; 534,7678571428571; 0,08883189
7260; 0,01953125; 0,01953125; 535,3928571428571; 0,088935725
7261; 0,01953125; 0,01953125; 530,8928571428571; 0,088188194
7262; 0,01953125; 0,01953125; 531,1071428571429; 0,08822379
7263; 0,01953125; 0,01953125; 529,1964285714286; 0,0879064
7264; 0,01953125; 0,01953125; 525,625; 0,08731313
7265; 0,01953125; 0,01953125; 523,9107142857143; 0,08702838
7266; 0,01953125; 0,01953125; 519,7142857142857; 0,08633127
7267; 0,01953125; 0,01953125; 520,6785714285714; 0,086491466
7268; 0,01953125; 0,01953125; 521,1428571428571; 0,08656859
7269; 0,01953125; 0,01953125; 520,1964285714286; 0,0864114
7270; 0,01953125; 0,01953125; 521,25; 0,08658639
7271; 0,01953125; 0,01953125; 521,2678571428571; 0,08658935
7272; 0,01953125; 0,01953125; 522,0; 0,08671098
7273; 0,01953125; 0,01953125; 521,8214285714286; 0,08668131
7274; 0,01953125; 0,01953125; 519,7857142857143; 0,086343154
7275; 0,01953125; 0,01953125; 518,6607142857143; 0,08615629
7276; 0,01953125; 0,01953125; 516,8035714285714; 0,08584777
7277; 0,01953125; 0,01953125; 519,8392857142857; 0,08635205
7278; 0,01953125; 0,01953125; 517,1964285714286; 0,085913025
7279; 0,01953125; 0,01953125; 518,2857142857143; 0,086093985
7280; 0,01953125; 0,01953125; 517,8571428571429; 0,08602279
7281; 0,01953125; 0,01953125; 518,1785714285714; 0,086076155
7282; 0,01953125; 0,01953125; 518,0892857142857; 0,08606135
7283; 0,01953125; 0,01953125; 522,0535714285714; 0,08671988
7284; 0,01953125; 0,01953125; 520,5178571428571; 0,08646476
7285; 0,01953125; 0,01953125; 521,5357142857143; 0,08663384
7286; 0,01953125; 0,01953125; 520,4821428571429; 0,086458825
7287; 0,01953125; 0,01953125; 522,1607142857143; 0,086737655
7288; 0,01953125; 0,01953125; 522,375; 0,086773254
7289; 0,01953125; 0,01953125; 520,5714285714286; 0,086473644
7290; 0,01953125; 0,01953125; 520,0; 0,08637873
7291; 0,01953125; 0,01953125; 519,625; 0,08631646
7292; 0,01953125; 0,01953125; 519,2678571428571; 0,086257115
7293; 0,01953125; 0,01953125; 518,6428571428571; 0,086153306
7294; 0,01953125; 0,01953125; 518,75; 0,08617111
7295; 0,01953125; 0,01953125; 519,6607142857143; 0,08632241
7296; 0,01953125; 0,01953125; 521,5357142857143; 0,08663385
7297; 0,01953125; 0,01953125; 522,4285714285714; 0,08678217
7298; 0,01953125; 0,01953125; 521,9464285714286; 0,08670207
7299; 0,01953125; 0,01953125; 526,7321428571429; 0,08749705
7300; 0,01953125; 0,01953125; 523,8928571428571; 0,087025404
7301; 0,01953125; 0,01953125; 524,0714285714286; 0,08705505
7302; 0,01953125; 0,01953125; 527,2321428571429; 0,0875801
7303; 0,01953125; 0,01953125; 526,2678571428571; 0,08741992
7304; 0,01953125; 0,01953125; 525,6607142857143; 0,08731905
7305; 0,01953125; 0,01953125; 522,8571428571429; 0,08685333
7306; 0,01953125; 0,01953125; 520,5357142857143; 0,08646773
7307; 0,01953125; 0,01953125; 521,5714285714286; 0,08663978
7308; 0,01953125; 0,01953125; 523,5; 0,08696012
7309; 0,01953125; 0,01953125; 521,2857142857143; 0,0865923
7310; 0,01953125; 0,01953125; 521,0357142857143; 0,08655077
7311; 0,01953125; 0,01953125; 524,5892857142857; 0,087141074
7312; 0,01953125; 0,01953125; 522,3214285714286; 0,08676436
7313; 0,01953125; 0,01953125; 519,1071428571429; 0,086230405
7314; 0,01953125; 0,01953125; 520,75; 0,08650331
7315; 0,01953125; 0,01953125; 518,5357142857143; 0,08613551
7316; 0,01953125; 0,01953125; 518,7678571428571; 0,086174056
7317; 0,01953125; 0,01953125; 519,4107142857143; 0,08628082
7318; 0,01953125; 0,01953125; 516,5; 0,08579733
7319; 0,01953125; 0,01953125; 515,4821428571429; 0,085628256
7320; 0,01953125; 0,01953125; 518,25; 0,08608805
7321; 0,01953125; 0,01953125; 518,6607142857143; 0,08615626
7322; 0,01953125; 0,01953125; 519,3392857142857; 0,086268984
7323; 0,01953125; 0,01953125; 521,1428571428571; 0,08656857
7324; 0,01953125; 0,01953125; 522,0535714285714; 0,08671986
7325; 0,01953125; 0,01953125; 521,6428571428571; 0,08665164
7326; 0,01953125; 0,01953125; 520,9821428571429; 0,08654189
7327; 0,01953125; 0,01953125; 523,1964285714286; 0,086909704
7328; 0,01953125; 0,01953125; 522,7857142857143; 0,08684148
7329; 0,01953125; 0,01953125; 522,375; 0,086773254
7330; 0,01953125; 0,01953125; 521,5892857142857; 0,08664275
7331; 0,01953125; 0,01953125; 521,875; 0,08669021
7332; 0,01953125; 0,01953125; 523,4642857142857; 0,0869542
7333; 0,01953125; 0,01953125; 522,6607142857143; 0,08682074
7334; 0,01953125; 0,01953125; 522,1607142857143; 0,08673768
7335; 0,01953125; 0,01953125; 522,1071428571429; 0,08672876
7336; 0,01953125; 0,01953125; 522,5178571428571; 0,086796984
7337; 0,01953125; 0,01953125; 521,3928571428571; 0,086610116
7338; 0,01953125; 0,01953125; 522,4642857142857; 0,08678808
7339; 0,01953125; 0,01953125; 523,0178571428571; 0,086880036
7340; 0,01953125; 0,01953125; 522,5892857142857; 0,08680887
7341; 0,01953125; 0,01953125; 522,6607142857143; 0,08682071
7342; 0,01953125; 0,01953125; 523,6071428571429; 0,086977914
7343; 0,01953125; 0,01953125; 522,5357142857143; 0,08679994
7344; 0,01953125; 0,01953125; 522,3928571428571; 0,08677622
7345; 0,01953125; 0,01953125; 523,0178571428571; 0,086880036
7346; 0,01953125; 0,01953125; 522,3035714285714; 0,08676136
7347; 0,01953125; 0,01953125; 523,1071428571429; 0,08689486
7348; 0,01953125; 0,01953125; 521,75; 0,08666942
7349; 0,01953125; 0,01953125; 520,3392857142857; 0,08643508
7350; 0,01953125; 0,01953125; 519,8571428571429; 0,08635501
7351; 0,01953125; 0,01953125; 523,2321428571429; 0,086915635
7352; 0,01953125; 0,01953125; 522,0178571428571; 0,08671392
7353; 0,01953125; 0,01953125; 521,4464285714286; 0,086619005
7354; 0,01953125; 0,01953125; 522,9464285714286; 0,08686817
7355; 0,01953125; 0,01953125; 523,8035714285714; 0,08701056
7356; 0,01953125; 0,01953125; 522,8214285714286; 0,08684742
7357; 0,01953125; 0,01953125; 523,8214285714286; 0,087013535
7358; 0,01953125; 0,01953125; 522,7142857142857; 0,08682962
7359; 0,01953125; 0,01953125; 525,5357142857143; 0,08729828
7360; 0,01953125; 0,01953125; 524,1785714285714; 0,08707284
7361; 0,01953125; 0,01953125; 524,3392857142857; 0,087099545
7362; 0,01953125; 0,01953125; 524,2678571428571; 0,08708769
7363; 0,01953125; 0,01953125; 524,3035714285714; 0,08709361
7364; 0,01953125; 0,01953125; 524,5357142857143; 0,08713218
7365; 0,01953125; 0,01953125; 523,75; 0,087001674
7366; 0,01953125; 0,01953125; 524,5535714285714; 0,08713513
7367; 0,01953125; 0,01953125; 524,2678571428571; 0,087087676
7368; 0,01953125; 0,01953125; 525,1071428571429; 0,08722709
7369; 0,01953125; 0,01953125; 524,9107142857143; 0,08719444
7370; 0,01953125; 0,01953125; 524,0714285714286; 0,08705504
7371; 0,01953125; 0,01953125; 524,6785714285714; 0,08715593
7372; 0,01953125; 0,01953125; 523,9285714285714; 0,08703133
7373; 0,01953125; 0,01953125; 523,75; 0,08700169
7374; 0,01953125; 0,01953125; 524,3928571428571; 0,08710845
7375; 0,01953125; 0,01953125; 524,4642857142857; 0,08712033
7376; 0,01953125; 0,01953125; 525,0892857142857; 0,08722413
7377; 0,01953125; 0,01953125; 524,3571428571429; 0,087102525
7378; 0,01953125; 0,01953125; 524,1785714285714; 0,08707286
7379; 0,01953125; 0,01953125; 524,5892857142857; 0,08714108
7380; 0,01953125; 0,01953125; 522,8928571428571; 0,08685929
7381; 0,01953125; 0,01953125; 523,6607142857143; 0,08698683
7382; 0,01953125; 0,01953125; 524,6071428571429; 0,087144054
7383; 0,01953125; 0,01953125; 522,75; 0,08683555
7384; 0,01953125; 0,01953125; 523,375; 0,08693938
7385; 0,01953125; 0,01953125; 523,8928571428571; 0,087025404
7386; 0,01953125; 0,01953125; 522,4285714285714; 0,086782165
7387; 0,01953125; 0,01953125; 523,5178571428571; 0,0869631
7388; 0,01953125; 0,01953125; 522,8392857142857; 0,08685037
7389; 0,01953125; 0,01953125; 523,1964285714286; 0,086909704
7390; 0,01953125; 0,01953125; 522,2142857142857; 0,086746566
7391; 0,01953125; 0,01953125; 522,3571428571429; 0,08677028
7392; 0,01953125; 0,01953125; 519,0178571428571; 0,08621559
7393; 0,01953125; 0,01953125; 521,3571428571429; 0,08660418
7394; 0,01953125; 0,01953125; 521,2321428571429; 0,08658341
7395; 0,01953125; 0,01953125; 521,9107142857143; 0,08669614
7396; 0,01953125; 0,01953125; 521,0178571428571; 0,086547814
7397; 0,01953125; 0,01953125; 521,2678571428571; 0,08658935
7398; 0,01953125; 0,01953125; 521,125; 0,08656561
7399; 0,01953125; 0,01953125; 520,6607142857143; 0,0864885
7400; 0,01953125; 0,01953125; 521,4285714285714; 0,086616054
7401; 0,01953125; 0,01953125; 521,1785714285714; 0,08657451
7402; 0,01953125; 0,01953125; 521,5892857142857; 0,08664274
7403; 0,01953125; 0,01953125; 519,0892857142857; 0,086227454
7404; 0,01953125; 0,01953125; 521,1785714285714; 0,08657453
7405; 0,01953125; 0,01953125; 521,375; 0,08660714
7406; 0,01953125; 0,01953125; 519,8928571428571; 0,08636093
7407; 0,01953125; 0,01953125; 521,0714285714286; 0,086556695
7408; 0,01953125; 0,01953125; 520,3928571428571; 0,086443976
7409; 0,01953125; 0,01953125; 520,8035714285714; 0,08651221
7410; 0,01953125; 0,01953125; 520,7857142857143; 0,08650924
7411; 0,01953125; 0,01953125; 520,2321428571429; 0,08641728
7412; 0,01953125; 0,01953125; 518,6964285714286; 0,0861622
7413; 0,01953125; 0,01953125; 520,375; 0,086441055
7414; 0,01953125; 0,01953125; 521,3392857142857; 0,08660122
7415; 0,01953125; 0,01953125; 521,9464285714286; 0,086702056
7416; 0,01953125; 0,01953125; 521,0; 0,086544864
7417; 0,01953125; 0,01953125; 522,1071428571429; 0,0867288
7418; 0,01953125; 0,01953125; 519,9285714285714; 0,086366884
7419; 0,01953125; 0,01953125; 521,6428571428571; 0,086651646
7420; 0,01953125; 0,01953125; 522,0178571428571; 0,08671395
7421; 0,01953125; 0,01953125; 522,7321428571429; 0,0868326
7422; 0,01953125; 0,01953125; 521,6785714285714; 0,08665757
7423; 0,01953125; 0,01953125; 519,6607142857143; 0,08632238
7424; 0,01953125; 0,01953125; 522,0; 0,08671095
7425; 0,01953125; 0,01953125; 522,4464285714286; 0,08678513
7426; 0,01953125; 0,01953125; 521,4464285714286; 0,08661902
7427; 0,01953125; 0,01953125; 522,5714285714286; 0,08680589
7428; 0,01953125; 0,01953125; 522,75; 0,08683555
7429; 0,01953125; 0,01953125; 523,1785714285714; 0,086906746
7430; 0,01953125; 0,01953125; 523,1785714285714; 0,08690674
7431; 0,01953125; 0,01953125; 521,875; 0,086690195
7432; 0,01953125; 0,01953125; 521,7857142857143; 0,08667538
7433; 0,01953125; 0,01953125; 520,375; 0,08644104
7434; 0,01953125; 0,01953125; 520,875; 0,08652409
7435; 0,01953125; 0,01953125; 521,875; 0,086690225
7436; 0,01953125; 0,01953125; 521,8214285714286; 0,086681314
7437; 0,01953125; 0,01953125; 520,1428571428571; 0,08640247
7438; 0,01953125; 0,01953125; 520,7857142857143; 0,08650925
7439; 0,01953125; 0,01953125; 519,7678571428571; 0,08634019
7440; 0,01953125; 0,01953125; 517,6607142857143; 0,08599017
7441; 0,01953125; 0,01953125; 517,4464285714286; 0,08595457
7442; 0,01953125; 0,01953125; 518,2857142857143; 0,086093985
7443; 0,01953125; 0,01953125; 517,5178571428571; 0,08596642
7444; 0,01953125; 0,01953125; 518,8035714285714; 0,08617999
7445; 0,01953125; 0,01953125; 519,8928571428571; 0,08636093
7446; 0,01953125; 0,01953125; 518,6964285714286; 0,08616219
7447; 0,01953125; 0,01953125; 517,75; 0,08600498
7448; 0,01953125; 0,01953125; 518,625; 0,086150356
7449; 0,01953125; 0,01953125; 518,4642857142857; 0,08612363
7450; 0,01953125; 0,01953125; 517,8928571428571; 0,086028695
7451; 0,01953125; 0,01953125; 519,6428571428571; 0,08631939
7452; 0,01953125; 0,01953125; 518,0178571428571; 0,08604946
7453; 0,01953125; 0,01953125; 518,0357142857143; 0,086052425
7454; 0,01953125; 0,01953125; 518,8571428571429; 0,0861889
7455; 0,01953125; 0,01953125; 520,4107142857143; 0,08644695
7456; 0,01953125; 0,01953125; 520,7678571428571; 0,08650629
7457; 0,01953125; 0,01953125; 518,4642857142857; 0,08612363
7458; 0,01953125; 0,01953125; 519,6607142857143; 0,08632236
7459; 0,01953125; 0,01953125; 516,9821428571429; 0,08587743
7460; 0,01953125; 0,01953125; 517,9107142857143; 0,086031675
7461; 0,01953125; 0,01953125; 517,3214285714286; 0,08593379
7462; 0,01953125; 0,01953125; 517,2321428571429; 0,08591895
7463; 0,01953125; 0,01953125; 517,9107142857143; 0,086031675
7464; 0,01953125; 0,01953125; 516,6428571428571; 0,085821055
7465; 0,01953125; 0,01953125; 516,8928571428571; 0,085862614
7466; 0,01953125; 0,01953125; 516,3928571428571; 0,085779555
7467; 0,01953125; 0,01953125; 514,9464285714286; 0,08553928
7468; 0,01953125; 0,01953125; 515,4821428571429; 0,085628256
7469; 0,01953125; 0,01953125; 514,8571428571429; 0,08552444
7470; 0,01953125; 0,01953125; 514,7321428571429; 0,085503675
7471; 0,01953125; 0,01953125; 514,6785714285714; 0,08549478
7472; 0,01953125; 0,01953125; 511,73214285714283; 0,08500535
7473; 0,01953125; 0,01953125; 513,7142857142857; 0,0853346
7474; 0,01953125; 0,01953125; 511,85714285714283; 0,08502612
7475; 0,01953125; 0,01953125; 512,125; 0,0850706
7476; 0,01953125; 0,01953125; 513,4642857142857; 0,08529308
7477; 0,01953125; 0,01953125; 512,0714285714286; 0,08506171
7478; 0,01953125; 0,01953125; 509,85714285714283; 0,08469387
7479; 0,01953125; 0,01953125; 508,5357142857143; 0,08447437
7480; 0,01953125; 0,01953125; 510,57142857142856; 0,08481254
7481; 0,01953125; 0,01953125; 509,57142857142856; 0,08464641
7482; 0,01953125; 0,01953125; 509,7857142857143; 0,08468201
7483; 0,01953125; 0,01953125; 509,5892857142857; 0,084649384
7484; 0,01953125; 0,01953125; 510,875; 0,08486296
7485; 0,01953125; 0,01953125; 508,94642857142856; 0,08454262
7486; 0,01953125; 0,01953125; 508,55357142857144; 0,08447734
7487; 0,01953125; 0,01953125; 510,14285714285717; 0,084741354
7488; 0,01953125; 0,01953125; 508,10714285714283; 0,084403194
7489; 0,01953125; 0,01953125; 510,125; 0,084738396
7490; 0,01953125; 0,01953125; 508,98214285714283; 0,084548555
7491; 0,01953125; 0,01953125; 508,76785714285717; 0,08451296
7492; 0,01953125; 0,01953125; 509,4642857142857; 0,08462864
7493; 0,01953125; 0,01953125; 510,625; 0,084821455
7494; 0,01953125; 0,01953125; 511,17857142857144; 0,084913395
7495; 0,01953125; 0,01953125; 509,4107142857143; 0,08461974
7496; 0,01953125; 0,01953125; 509,7857142857143; 0,08468204
7497; 0,01953125; 0,01953125; 512,1964285714286; 0,08508249
7498; 0,01953125; 0,01953125; 508,1607142857143; 0,08441209
7499; 0,01953125; 0,01953125; 509,98214285714283; 0,08471466
7500; 0,01953125; 0,01953125; 512,75; 0,085174434
7501; 0,01953125; 0,01953125; 511,80357142857144; 0,08501723
7502; 0,01953125; 0,01953125; 510,26785714285717; 0,08476212
7503; 0,01953125; 0,01953125; 509,44642857142856; 0,084625654
7504; 0,01953125; 0,01953125; 510,82142857142856; 0,08485407
7505; 0,01953125; 0,01953125; 513,2321428571429; 0,085254535
7506; 0,01953125; 0,01953125; 509,05357142857144; 0,08456039
7507; 0,01953125; 0,01953125; 512,8392857142857; 0,08518927
7508; 0,01953125; 0,01953125; 511,10714285714283; 0,08490153
7509; 0,01953125; 0,01953125; 512,625; 0,08515368
7510; 0,01953125; 0,01953125; 512,9821428571429; 0,08521299
7511; 0,01953125; 0,01953125; 510,3392857142857; 0,08477395
7512; 0,01953125; 0,01953125; 511,57142857142856; 0,08497865
7513; 0,01953125; 0,01953125; 510,98214285714283; 0,08488075
7514; 0,01953125; 0,01953125; 510,2142857142857; 0,0847532
7515; 0,01953125; 0,01953125; 507,4107142857143; 0,08428749
7516; 0,01953125; 0,01953125; 508,14285714285717; 0,084409095
7517; 0,01953125; 0,01953125; 509,30357142857144; 0,0846019
7518; 0,01953125; 0,01953125; 510,60714285714283; 0,08481844
7519; 0,01953125; 0,01953125; 510,44642857142856; 0,08479174
7520; 0,01953125; 0,01953125; 510,69642857142856; 0,08483327
7521; 0,01953125; 0,01953125; 506,1607142857143; 0,08407985
7522; 0,01953125; 0,01953125; 508,7857142857143; 0,08451589
7523; 0,01953125; 0,01953125; 509,76785714285717; 0,08467903
7524; 0,01953125; 0,01953125; 512,1071428571429; 0,08506763
7525; 0,01953125; 0,01953125; 511,5; 0,08496678
7526; 0,01953125; 0,01953125; 511,4642857142857; 0,08496083
7527; 0,01953125; 0,01953125; 512,6785714285714; 0,08516254
7528; 0,01953125; 0,01953125; 511,82142857142856; 0,08502016
7529; 0,01953125; 0,01953125; 511,75; 0,08500831
7530; 0,01953125; 0,01953125; 511,55357142857144; 0,08497567
7531; 0,01953125; 0,01953125; 513,6428571428571; 0,085322745
7532; 0,01953125; 0,01953125; 513,0; 0,08521593
7533; 0,01953125; 0,01953125; 513,5357142857143; 0,08530494
7534; 0,01953125; 0,01953125; 513,8571428571429; 0,08535834
7535; 0,01953125; 0,01953125; 514,1071428571429; 0,085399866
7536; 0,01953125; 0,01953125; 513,3928571428571; 0,08528121
7537; 0,01953125; 0,01953125; 513,4642857142857; 0,0852931
7538; 0,01953125; 0,01953125; 512,875; 0,08519519
7539; 0,01953125; 0,01953125; 514,1071428571429; 0,085399866
7540; 0,01953125; 0,01953125; 513,9642857142857; 0,08537612
7541; 0,01953125; 0,01953125; 512,875; 0,085195184
7542; 0,01953125; 0,01953125; 513,1964285714286; 0,08524859
7543; 0,01953125; 0,01953125; 512,6964285714286; 0,08516554
7544; 0,01953125; 0,01953125; 513,4285714285714; 0,08528716
7545; 0,01953125; 0,01953125; 513,9464285714286; 0,085373156
7546; 0,01953125; 0,01953125; 514,75; 0,08550667
7547; 0,01953125; 0,01953125; 513,2857142857143; 0,08526343
7548; 0,01953125; 0,01953125; 513,7321428571429; 0,08533759
7549; 0,01953125; 0,01953125; 512,6071428571429; 0,0851507
7550; 0,01953125; 0,01953125; 514,25; 0,085423596
7551; 0,01953125; 0,01953125; 512,8571428571429; 0,08519224
7552; 0,01953125; 0,01953125; 511,82142857142856; 0,08502016
7553; 0,01953125; 0,01953125; 513,625; 0,08531978
7554; 0,01953125; 0,01953125; 513,9285714285714; 0,08537022
7555; 0,01953125; 0,01953125; 513,7321428571429; 0,08533757
7556; 0,01953125; 0,01953125; 513,4107142857143; 0,08528417
7557; 0,01953125; 0,01953125; 512,8571428571429; 0,08519222
7558; 0,01953125; 0,01953125; 514,25; 0,0854236
7559; 0,01953125; 0,01953125; 512,9285714285714; 0,0852041
7560; 0,01953125; 0,01953125; 513,7678571428571; 0,085343495
7561; 0,01953125; 0,01953125; 512,4642857142857; 0,08512695
7562; 0,01953125; 0,01953125; 513,875; 0,085361294
7563; 0,01953125; 0,01953125; 513,1071428571429; 0,08523375
7564; 0,01953125; 0,01953125; 512,875; 0,085195184
7565; 0,01953125; 0,01953125; 512,0178571428571; 0,0850528
7566; 0,01953125; 0,01953125; 513,5892857142857; 0,08531384
7567; 0,01953125; 0,01953125; 514,5714285714286; 0,085477
7568; 0,01953125; 0,01953125; 513,9464285714286; 0,08537316
7569; 0,01953125; 0,01953125; 514,1785714285714; 0,085411735
7570; 0,01953125; 0,01953125; 513,25; 0,08525748
7571; 0,01953125; 0,01953125; 514,3214285714286; 0,08543547
7572; 0,01953125; 0,01953125; 513,2678571428571; 0,08526045
7573; 0,01953125; 0,01953125; 512,9464285714286; 0,08520705
7574; 0,01953125; 0,01953125; 512,9464285714286; 0,08520705
7575; 0,01953125; 0,01953125; 513,8392857142857; 0,085355364
7576; 0,01953125; 0,01953125; 514,0178571428571; 0,08538503
7577; 0,01953125; 0,01953125; 513,4821428571429; 0,08529606
7578; 0,01953125; 0,01953125; 512,9464285714286; 0,08520707
7579; 0,01953125; 0,01953125; 514,2321428571429; 0,08542063
7580; 0,01953125; 0,01953125; 513,875; 0,0853613
7581; 0,01953125; 0,01953125; 513,5; 0,08529901
7582; 0,01953125; 0,01953125; 513,7857142857143; 0,08534647
7583; 0,01953125; 0,01953125; 514,5535714285714; 0,08547402
7584; 0,01953125; 0,01953125; 513,8392857142857; 0,08535538
7585; 0,01953125; 0,01953125; 514,0535714285714; 0,08539098
7586; 0,01953125; 0,01953125; 513,5357142857143; 0,08530493
7587; 0,01953125; 0,01953125; 513,25; 0,08525751
7588; 0,01953125; 0,01953125; 512,8928571428571; 0,08519818
7589; 0,01953125; 0,01953125; 513,3214285714286; 0,08526935
7590; 0,01953125; 0,01953125; 513,3928571428571; 0,085281216
7591; 0,01953125; 0,01953125; 513,6964285714286; 0,08533164
7592; 0,01953125; 0,01953125; 513,5892857142857; 0,08531385
7593; 0,01953125; 0,01953125; 513,7321428571429; 0,08533757
7594; 0,01953125; 0,01953125; 514,3571428571429; 0,0854414
7595; 0,01953125; 0,01953125; 514,0892857142857; 0,08539689
7596; 0,01953125; 0,01953125; 514,5714285714286; 0,085476995
7597; 0,01953125; 0,01953125; 513,8035714285714; 0,08534944
7598; 0,01953125; 0,01953125; 512,8928571428571; 0,08519817
7599; 0,01953125; 0,01953125; 512,9285714285714; 0,08520409
7600; 0,01953125; 0,01953125; 513,5178571428571; 0,08530198
7601; 0,01953125; 0,01953125; 514,1964285714286; 0,0854147
7602; 0,01953125; 0,01953125; 514,6428571428571; 0,08548886
7603; 0,01953125; 0,01953125; 511,9107142857143; 0,085035
7604; 0,01953125; 0,01953125; 513,5714285714286; 0,08531088
7605; 0,01953125; 0,01953125; 512,8035714285714; 0,08518333
7606; 0,01953125; 0,01953125; 513,0535714285714; 0,085224845
7607; 0,01953125; 0,01953125; 512,4107142857143; 0,08511807
7608; 0,01953125; 0,01953125; 513,8928571428571; 0,08536427
7609; 0,01953125; 0,01953125; 513,9642857142857; 0,08537613
7610; 0,01953125; 0,01953125; 513,4821428571429; 0,08529605
7611; 0,01953125; 0,01953125; 513,3928571428571; 0,085281216
7612; 0,01953125; 0,01953125; 514,0178571428571; 0,08538504
7613; 0,01953125; 0,01953125; 513,4107142857143; 0,08528418
7614; 0,01953125; 0,01953125; 513,4107142857143; 0,08528418
7615; 0,01953125; 0,01953125; 513,875; 0,0853613
7616; 0,01953125; 0,01953125; 513,4642857142857; 0,08529309
7617; 0,01953125; 0,01953125; 513,5357142857143; 0,08530495
7618; 0,01953125; 0,01953125; 513,4642857142857; 0,08529307
7619; 0,01953125; 0,01953125; 514,5; 0,08546512
7620; 0,01953125; 0,01953125; 512,9285714285714; 0,08520408
7621; 0,01953125; 0,01953125; 513,6071428571429; 0,085316814
7622; 0,01953125; 0,01953125; 513,6071428571429; 0,08531679
7623; 0,01953125; 0,01953125; 513,9285714285714; 0,085370205
7624; 0,01953125; 0,01953125; 514,5357142857143; 0,08547107
7625; 0,01953125; 0,01953125; 513,2142857142857; 0,08525155
7626; 0,01953125; 0,01953125; 513,25; 0,08525748
7627; 0,01953125; 0,01953125; 513,6964285714286; 0,08533164
7628; 0,01953125; 0,01953125; 514,0; 0,08538206
7629; 0,01953125; 0,01953125; 514,125; 0,08540285
7630; 0,01953125; 0,01953125; 514,0178571428571; 0,08538504
7631; 0,01953125; 0,01953125; 513,4285714285714; 0,08528715
7632; 0,01953125; 0,01953125; 514,1607142857143; 0,08540879
7633; 0,01953125; 0,01953125; 514,375; 0,085444376
7634; 0,01953125; 0,01953125; 514,3571428571429; 0,0854414
7635; 0,01953125; 0,01953125; 513,8035714285714; 0,08534944
7636; 0,01953125; 0,01953125; 513,3928571428571; 0,085281216
7637; 0,01953125; 0,01953125; 512,75; 0,08517443
7638; 0,01953125; 0,01953125; 512,8392857142857; 0,085189246
7639; 0,01953125; 0,01953125; 514,125; 0,085402824
7640; 0,01953125; 0,01953125; 513,2678571428571; 0,08526044
7641; 0,01953125; 0,015625; 513,8214285714286; 0,08535242
7642; 0,015625; 0,015625; 515,5178571428571; 0,08563422
7643; 0,015625; 0,015625; 519,3928571428571; 0,086277895
7644; 0,015625; 0,015625; 522,9821428571429; 0,08687411
7645; 0,015625; 0,015625; 523,8392857142857; 0,08701648
7646; 0,015625; 0,015625; 524,1785714285714; 0,087072834
7647; 0,015625; 0,015625; 524,5; 0,08712622
7648; 0,015625; 0,015625; 522,3928571428571; 0,086776204
7649; 0,015625; 0,015625; 522,8035714285714; 0,08684444
7650; 0,015625; 0,015625; 522,2857142857143; 0,08675842
7651; 0,015625; 0,015625; 522,3392857142857; 0,08676731
7652; 0,015625; 0,015625; 523,1607142857143; 0,08690376
7653; 0,015625; 0,015625; 520,5357142857143; 0,08646772
7654; 0,015625; 0,015625; 525,9464285714286; 0,087366484
7655; 0,015625; 0,015625; 526,8214285714286; 0,087511845
7656; 0,015625; 0,015625; 524,9821428571429; 0,08720633
7657; 0,015625; 0,01171875; 525,7678571428571; 0,08733684
7658; 0,01171875; 0,01171875; 524,5535714285714; 0,08713514
7659; 0,01171875; 0,01171875; 528,7321428571429; 0,08782928
7660; 0,01171875; 0,01171875; 534,9821428571429; 0,088867486
7661; 0,01171875; 0,01171875; 535,1071428571429; 0,08888824
7662; 0,01171875; 0,01171875; 536,0357142857143; 0,0890425
7663; 0,01171875; 0,01171875; 541,9821428571429; 0,09003025
7664; 0,01171875; 0,01171875; 541,1964285714286; 0,08989976
7665; 0,01171875; 0,01171875; 544,0714285714286; 0,09037733
7666; 0,01171875; 0,01171875; 541,9107142857143; 0,090018414
7667; 0,01171875; 0,01171875; 539,25; 0,089576416
7668; 0,01171875; 0,01171875; 538,9464285714286; 0,08952598
7669; 0,01171875; 0,01171875; 543,1428571428571; 0,090223074
7670; 0,01171875; 0,01171875; 549,9642857142857; 0,09135621
7671; 0,01171875; 0,01171875; 550,1607142857143; 0,091388844
7672; 0,01171875; 0,01171875; 550,7142857142857; 0,0914808
7673; 0,01171875; 0,01171875; 551,5178571428571; 0,09161427
7674; 0,01171875; 0,01171875; 552,5; 0,0917774
7675; 0,01171875; 0,01171875; 552,625; 0,09179818
7676; 0,01171875; 0,01171875; 557,2321428571429; 0,09256349
7677; 0,01171875; 0,01171875; 552,9821428571429; 0,09185751
7678; 0,01171875; 0,01171875; 556,5892857142857; 0,09245669
7679; 0,01171875; 0,01171875; 555,0714285714286; 0,09220456
7680; 0,01171875; 0,01171875; 553,6071428571429; 0,0919613
7681; 0,01171875; 0,01171875; 557,3035714285714; 0,092575334
7682; 0,01171875; 0,01171875; 555,2678571428571; 0,09223718
7683; 0,01171875; 0,01171875; 560,8035714285714; 0,09315674
7684; 0,01171875; 0,01171875; 562,5357142857143; 0,093444474
7685; 0,01171875; 0,01171875; 563,0; 0,0935216
7686; 0,01171875; 0,01171875; 563,3214285714286; 0,093574986
7687; 0,01171875; 0,01171875; 564,4464285714286; 0,09376187
7688; 0,01171875; 0,01171875; 564,0; 0,0936877
7689; 0,01171875; 0,01171875; 563,6785714285714; 0,09363432
7690; 0,01171875; 0,01171875; 565,9464285714286; 0,094011046
7691; 0,01171875; 0,01171875; 564,4107142857143; 0,09375594
7692; 0,01171875; 0,01171875; 564,125; 0,09370846
7693; 0,01171875; 0,01171875; 563,0892857142857; 0,09353642
7694; 0,01171875; 0,01171875; 564,5535714285714; 0,093779646
7695; 0,01171875; 0,01171875; 565,1071428571429; 0,09387163
7696; 0,01171875; 0,01171875; 566,6428571428571; 0,09412671
7697; 0,01171875; 0,01171875; 564,7321428571429; 0,09380931
7698; 0,01171875; 0,01171875; 564,9642857142857; 0,09384787
7699; 0,01171875; 0,01171875; 565,8392857142857; 0,09399324
7700; 0,01171875; 0,01171875; 566,8571428571429; 0,09416231
7701; 0,01171875; 0,01171875; 565,4464285714286; 0,09392798
7702; 0,01171875; 0,01171875; 564,5178571428571; 0,09377372
7703; 0,01171875; 0,01171875; 564,125; 0,093708456
7704; 0,01171875; 0,01171875; 564,25; 0,09372924
7705; 0,01171875; 0,01171875; 564,0357142857143; 0,09369364
7706; 0,01171875; 0,01171875; 563,7142857142857; 0,093640245
7707; 0,01171875; 0,01171875; 564,2857142857143; 0,09373515
7708; 0,01171875; 0,01171875; 564,6428571428571; 0,09379448
7709; 0,01171875; 0,01171875; 565,1428571428571; 0,09387754
7710; 0,01171875; 0,01171875; 564,2142857142857; 0,093723305
7711; 0,01171875; 0,01171875; 564,3571428571429; 0,093747035
7712; 0,01171875; 0,01171875; 564,3392857142857; 0,093744054
7713; 0,01171875; 0,01171875; 564,375; 0,09374999
7714; 0,01171875; 0,01171875; 563,7678571428571; 0,093649134
7715; 0,01171875; 0,01171875; 564,7678571428571; 0,09381526
7716; 0,01171875; 0,01171875; 564,625; 0,09379153
7717; 0,01171875; 0,01171875; 564,5178571428571; 0,09377374
7718; 0,01171875; 0,01171875; 564,7321428571429; 0,09380931
7719; 0,01171875; 0,01171875; 564,0535714285714; 0,09369661
7720; 0,01171875; 0,01171875; 563,9285714285714; 0,09367583
7721; 0,01171875; 0,01171875; 563,9821428571429; 0,09368472
7722; 0,01171875; 0,01171875; 565,3571428571429; 0,09391314
7723; 0,01171875; 0,01171875; 565,2142857142857; 0,09388941
7724; 0,01171875; 0,01171875; 564,625; 0,09379153
7725; 0,01171875; 0,01171875; 564,7142857142857; 0,09380635
7726; 0,01171875; 0,01171875; 564,8392857142857; 0,093827106
7727; 0,01171875; 0,01171875; 564,6964285714286; 0,09380338
7728; 0,01171875; 0,01171875; 564,1785714285714; 0,093717344
7729; 0,01171875; 0,01171875; 564,9107142857143; 0,093838975
7730; 0,01171875; 0,01171875; 563,5535714285714; 0,09361355
7731; 0,01171875; 0,01171875; 564,4821428571429; 0,0937678
7732; 0,01171875; 0,01171875; 565,1964285714286; 0,093886435
7733; 0,01171875; 0,01171875; 564,1428571428571; 0,09371143
7734; 0,01171875; 0,01171875; 563,8035714285714; 0,093655095
7735; 0,01171875; 0,01171875; 564,9107142857143; 0,09383899
7736; 0,01171875; 0,01171875; 564,0714285714286; 0,09369957
7737; 0,01171875; 0,01171875; 564,5178571428571; 0,09377374
7738; 0,01171875; 0,01171875; 564,2142857142857; 0,093723305
7739; 0,01171875; 0,01171875; 563,9285714285714; 0,09367587
7740; 0,01171875; 0,01171875; 563,6071428571429; 0,09362247
7741; 0,01171875; 0,01171875; 563,2857142857143; 0,093569055
7742; 0,01171875; 0,01171875; 563,375; 0,09358389
7743; 0,01171875; 0,01171875; 563,6071428571429; 0,09362245
7744; 0,01171875; 0,01171875; 563,5892857142857; 0,09361949
7745; 0,01171875; 0,01171875; 562,5714285714286; 0,09345042
7746; 0,01171875; 0,01171875; 562,9107142857143; 0,09350679
7747; 0,01171875; 0,01171875; 564,5714285714286; 0,093782656
7748; 0,01171875; 0,01171875; 562,0535714285714; 0,09336441
7749; 0,01171875; 0,01171875; 564,4642857142857; 0,09376484
7750; 0,01171875; 0,01171875; 564,3214285714286; 0,09374112
7751; 0,01171875; 0,01171875; 564,1964285714286; 0,09372038
7752; 0,01171875; 0,01171875; 565,6785714285714; 0,09396658
7753; 0,01171875; 0,01171875; 562,8035714285714; 0,09348899
7754; 0,01171875; 0,01171875; 562,3571428571429; 0,093414836
7755; 0,01171875; 0,01171875; 563,5535714285714; 0,093613565
7756; 0,01171875; 0,01171875; 559,7857142857143; 0,09298768
7757; 0,01171875; 0,01171875; 560,4285714285714; 0,09309449
7758; 0,01171875; 0,01171875; 563,5892857142857; 0,09361952
7759; 0,01171875; 0,01171875; 560,3392857142857; 0,09307965
7760; 0,01171875; 0,01171875; 559,9285714285714; 0,093011424
7761; 0,01171875; 0,01171875; 560,9464285714286; 0,093180515
7762; 0,01171875; 0,01171875; 560,0892857142857; 0,09303809
7763; 0,01171875; 0,01171875; 560,5892857142857; 0,09312116
7764; 0,01171875; 0,01171875; 559,4821428571429; 0,09293725
7765; 0,01171875; 0,01171875; 560,6607142857143; 0,09313303
7766; 0,01171875; 0,01171875; 561,0892857142857; 0,09320422
7767; 0,01171875; 0,01171875; 562,7321428571429; 0,09347713
7768; 0,01171875; 0,01171875; 559,8928571428571; 0,09300548
7769; 0,01171875; 0,01171875; 560,625; 0,093127124
7770; 0,01171875; 0,01171875; 561,2142857142857; 0,09322499
7771; 0,01171875; 0,01171875; 559,8571428571429; 0,09299954
7772; 0,01171875; 0,01171875; 560,6964285714286; 0,09313898
7773; 0,01171875; 0,01171875; 558,4642857142857; 0,09276815
7774; 0,01171875; 0,01171875; 559,6785714285714; 0,09296986
7775; 0,01171875; 0,01171875; 559,6964285714286; 0,092972815
7776; 0,01171875; 0,01171875; 558,7142857142857; 0,092809685
7777; 0,01171875; 0,01171875; 557,9821428571429; 0,09268806
7778; 0,01171875; 0,01171875; 558,5178571428571; 0,092777036
7779; 0,01171875; 0,01171875; 558,25; 0,09273255
7780; 0,01171875; 0,01171875; 556,3035714285714; 0,092409216
7781; 0,01171875; 0,01171875; 556,625; 0,09246259
7782; 0,01171875; 0,01171875; 556,0; 0,09235878
7783; 0,01171875; 0,01171875; 556,25; 0,09240033
7784; 0,01171875; 0,01171875; 556,4464285714286; 0,09243292
7785; 0,01171875; 0,01171875; 555,4285714285714; 0,092263855
7786; 0,01171875; 0,01171875; 555,7321428571429; 0,09231429
7787; 0,01171875; 0,01171875; 555,0535714285714; 0,092201576
7788; 0,01171875; 0,01171875; 555,3571428571429; 0,09225198
7789; 0,01171875; 0,01171875; 556,0357142857143; 0,09236472
7790; 0,01171875; 0,01171875; 555,6785714285714; 0,09230541
7791; 0,01171875; 0,01171875; 552,8571428571429; 0,091836706
7792; 0,01171875; 0,01171875; 556,5; 0,09244185
7793; 0,01171875; 0,01171875; 556,5357142857143; 0,092447795
7794; 0,01171875; 0,01171875; 556,4107142857143; 0,092427015
7795; 0,01171875; 0,01171875; 555,75; 0,092317276
7796; 0,01171875; 0,01171875; 556,8928571428571; 0,0925071
7797; 0,01171875; 0,01171875; 556,5535714285714; 0,09245074
7798; 0,01171875; 0,01171875; 555,8928571428571; 0,092341006
7799; 0,01171875; 0,01171875; 556,8392857142857; 0,09249823
7800; 0,01171875; 0,01171875; 556,5178571428571; 0,09244482
7801; 0,01171875; 0,01171875; 556,3571428571429; 0,09241813
7802; 0,01171875; 0,01171875; 554,2142857142857; 0,09206215
7803; 0,01171875; 0,01171875; 555,4285714285714; 0,092263885
7804; 0,01171875; 0,01171875; 555,3392857142857; 0,09224904
7805; 0,01171875; 0,01171875; 554,6607142857143; 0,0921363
7806; 0,01171875; 0,01171875; 555,9464285714286; 0,09234989
7807; 0,01171875; 0,01171875; 556,3571428571429; 0,09241812
7808; 0,01171875; 0,01171875; 556,0357142857143; 0,09236472
7809; 0,01171875; 0,01171875; 555,4107142857143; 0,0922609
7810; 0,01171875; 0,01171875; 556,0357142857143; 0,092364706
7811; 0,01171875; 0,01171875; 555,4107142857143; 0,09226089
7812; 0,01171875; 0,01171875; 556,2678571428571; 0,09240329
7813; 0,01171875; 0,01171875; 554,7321428571429; 0,09214819
7814; 0,01171875; 0,01171875; 556,1785714285714; 0,09238844
7815; 0,01171875; 0,01171875; 556,6071428571429; 0,09245964
7816; 0,01171875; 0,01171875; 554,5357142857143; 0,092115566
7817; 0,01171875; 0,01171875; 555,5178571428571; 0,0922787
7818; 0,01171875; 0,01171875; 555,3571428571429; 0,09225202
7819; 0,01171875; 0,01171875; 557,3214285714286; 0,092578284
7820; 0,01171875; 0,01171875; 555,1428571428571; 0,09221639
7821; 0,01171875; 0,01171875; 556,1607142857143; 0,09238551
7822; 0,01171875; 0,01171875; 556,6428571428571; 0,092465565
7823; 0,01171875; 0,01171875; 556,75; 0,09248338
7824; 0,01171875; 0,01171875; 558,0178571428571; 0,09269398
7825; 0,01171875; 0,01171875; 557,0; 0,09252489
7826; 0,01171875; 0,01171875; 557,2321428571429; 0,092563465
7827; 0,01171875; 0,01171875; 556,7142857142857; 0,092477456
7828; 0,01171875; 0,01171875; 557,6785714285714; 0,092637636
7829; 0,01171875; 0,01171875; 556,7678571428571; 0,09248633
7830; 0,01171875; 0,01171875; 556,4464285714286; 0,09243295
7831; 0,01171875; 0,01171875; 556,25; 0,09240033
7832; 0,01171875; 0,01171875; 557,3035714285714; 0,09257533
7833; 0,01171875; 0,01171875; 555,1785714285714; 0,09222235
7834; 0,01171875; 0,01171875; 555,25; 0,092234194
7835; 0,01171875; 0,01171875; 554,6071428571429; 0,092127405
7836; 0,01171875; 0,01171875; 554,1428571428571; 0,09205028
7837; 0,01171875; 0,01171875; 555,5178571428571; 0,092278674
7838; 0,01171875; 0,01171875; 554,8035714285714; 0,09216003
7839; 0,01171875; 0,01171875; 554,3214285714286; 0,09207994
7840; 0,01171875; 0,01171875; 553,625; 0,09196428
7841; 0,01171875; 0,01171875; 551,6607142857143; 0,09163797
7842; 0,01171875; 0,01171875; 551,0535714285714; 0,091537125
7843; 0,01171875; 0,01171875; 551,5178571428571; 0,09161426
7844; 0,01171875; 0,01171875; 550,4107142857143; 0,09143035
7845; 0,01171875; 0,01171875; 553,0; 0,091860466
7846; 0,01171875; 0,01171875; 551,6964285714286; 0,09164394
7847; 0,01171875; 0,01171875; 551,375; 0,091590546
7848; 0,01171875; 0,01171875; 551,8392857142857; 0,09166765
7849; 0,01171875; 0,01171875; 552,2142857142857; 0,09172995
7850; 0,01171875; 0,01171875; 550,8214285714286; 0,091498576
7851; 0,01171875; 0,01171875; 552,6607142857143; 0,09180408
7852; 0,01171875; 0,01171875; 553,5178571428571; 0,091946475
7853; 0,01171875; 0,01171875; 552,5535714285714; 0,09178629
7854; 0,01171875; 0,01171875; 553,0178571428571; 0,09186344
7855; 0,01171875; 0,01171875; 552,1964285714286; 0,091726966
7856; 0,01171875; 0,01171875; 551,0535714285714; 0,09153714
7857; 0,01171875; 0,01171875; 552,9285714285714; 0,091848575
7858; 0,01171875; 0,01171875; 552,0; 0,09169435
7859; 0,01171875; 0,01171875; 552,25; 0,091735885
7860; 0,01171875; 0,01171875; 550,5892857142857; 0,091460004
7861; 0,01171875; 0,01171875; 552,7321428571429; 0,091815956
7862; 0,01171875; 0,01171875; 552,9821428571429; 0,09185749
7863; 0,01171875; 0,01171875; 553,3571428571429; 0,09191979
7864; 0,01171875; 0,01171875; 553,0892857142857; 0,09187528
7865; 0,01171875; 0,01171875; 553,1071428571429; 0,09187824
7866; 0,01171875; 0,01171875; 554,2678571428571; 0,092071064
7867; 0,01171875; 0,01171875; 555,3392857142857; 0,09224904
7868; 0,01171875; 0,01171875; 555,125; 0,092213444
7869; 0,01171875; 0,01171875; 553,875; 0,09200579
7870; 0,01171875; 0,01171875; 554,5892857142857; 0,092124455
7871; 0,01171875; 0,01171875; 555,4642857142857; 0,0922698
7872; 0,01171875; 0,01171875; 555,3035714285714; 0,0922431
7873; 0,01171875; 0,01171875; 555,4464285714286; 0,09226681
7874; 0,01171875; 0,01171875; 555,0357142857143; 0,0921986
7875; 0,01171875; 0,01171875; 557,5; 0,092607975
7876; 0,01171875; 0,01171875; 555,6785714285714; 0,0923054
7877; 0,01171875; 0,01171875; 557,0535714285714; 0,092533804
7878; 0,01171875; 0,01171875; 556,125; 0,09237956
7879; 0,01171875; 0,01171875; 557,5535714285714; 0,09261686
7880; 0,01171875; 0,01171875; 557,4642857142857; 0,09260205
7881; 0,01171875; 0,01171875; 557,1607142857143; 0,0925516
7882; 0,01171875; 0,01171875; 556,3392857142857; 0,09241517
7883; 0,01171875; 0,01171875; 557,9107142857143; 0,09267621
7884; 0,01171875; 0,01171875; 557,4642857142857; 0,09260204
7885; 0,01171875; 0,01171875; 558,2321428571429; 0,09272959
7886; 0,01171875; 0,01171875; 557,0357142857143; 0,09253087
7887; 0,01171875; 0,01171875; 555,7321428571429; 0,09231429
7888; 0,01171875; 0,01171875; 557,4285714285714; 0,092596106
7889; 0,01171875; 0,01171875; 557,6607142857143; 0,092634685
7890; 0,01171875; 0,01171875; 557,0178571428571; 0,09252787
7891; 0,01171875; 0,01171875; 557,5714285714286; 0,09261983
7892; 0,01171875; 0,01171875; 556,9464285714286; 0,092516005
7893; 0,01171875; 0,01171875; 556,8214285714286; 0,09249524
7894; 0,01171875; 0,01171875; 557,25; 0,09256644
7895; 0,01171875; 0,01171875; 556,9464285714286; 0,092516
7896; 0,01171875; 0,01171875; 556,0714285714286; 0,092370644
7897; 0,01171875; 0,01171875; 556,0357142857143; 0,092364706
7898; 0,01171875; 0,01171875; 558,0535714285714; 0,09269992
7899; 0,01171875; 0,01171875; 557,0892857142857; 0,09253972
7900; 0,01171875; 0,01171875; 556,9642857142857; 0,09251896
7901; 0,01171875; 0,01171875; 557,625; 0,09262872
7902; 0,01171875; 0,01171875; 558,25; 0,092732534
7903; 0,01171875; 0,01171875; 557,8928571428571; 0,09267323
7904; 0,01171875; 0,01171875; 557,5; 0,09260797
7905; 0,01171875; 0,01171875; 556,7321428571429; 0,092480406
7906; 0,01171875; 0,01171875; 557,875; 0,09267026
7907; 0,01171875; 0,01171875; 556,5714285714286; 0,0924537
7908; 0,01171875; 0,01171875; 554,9642857142857; 0,092186734
7909; 0,01171875; 0,01171875; 556,2678571428571; 0,09240328
7910; 0,01171875; 0,01171875; 555,9642857142857; 0,09235283
7911; 0,01171875; 0,01171875; 555,9464285714286; 0,09234988
7912; 0,01171875; 0,01171875; 556,1964285714286; 0,092391394
7913; 0,01171875; 0,01171875; 556,1964285714286; 0,09239141
7914; 0,01171875; 0,01171875; 555,375; 0,09225496
7915; 0,01171875; 0,01171875; 555,7678571428571; 0,09232024
7916; 0,01171875; 0,01171875; 555,7857142857143; 0,09232318
7917; 0,01171875; 0,01171875; 555,8571428571429; 0,09233506
7918; 0,01171875; 0,01171875; 557,1607142857143; 0,092551604
7919; 0,01171875; 0,01171875; 555,8392857142857; 0,09233211
7920; 0,01171875; 0,01171875; 560,0535714285714; 0,09303217
7921; 0,01171875; 0,01171875; 561,2321428571429; 0,093227915
7922; 0,01171875; 0,01171875; 560,5357142857143; 0,093112245
7923; 0,01171875; 0,01171875; 558,8214285714286; 0,09282746
7924; 0,01171875; 0,01171875; 560,8392857142857; 0,09316266
7925; 0,01171875; 0,01171875; 557,8035714285714; 0,09265838
7926; 0,01171875; 0,01171875; 555,3928571428571; 0,092257954
7927; 0,01171875; 0,01171875; 553,8571428571429; 0,09200285
7928; 0,01171875; 0,01171875; 555,75; 0,09231727
7929; 0,01171875; 0,01171875; 554,3035714285714; 0,092076994
7930; 0,01171875; 0,01171875; 554,625; 0,0921304
7931; 0,01171875; 0,01171875; 555,375; 0,09225498
7932; 0,01171875; 0,01171875; 555,1964285714286; 0,09222533
7933; 0,01171875; 0,01171875; 555,0357142857143; 0,09219863
7934; 0,01171875; 0,01171875; 554,25; 0,09206809
7935; 0,01171875; 0,01171875; 554,8928571428571; 0,0921749
7936; 0,01171875; 0,01171875; 555,5892857142857; 0,09229058
7937; 0,01171875; 0,01171875; 554,7321428571429; 0,09214819
7938; 0,01171875; 0,01171875; 554,9285714285714; 0,09218083
7939; 0,01171875; 0,01171875; 554,3214285714286; 0,09207996
7940; 0,01171875; 0,01171875; 554,5714285714286; 0,09212149
7941; 0,01171875; 0,01171875; 554,5; 0,09210962
7942; 0,01171875; 0,01171875; 554,7321428571429; 0,09214819
7943; 0,01171875; 0,01171875; 554,2678571428571; 0,092071064
7944; 0,01171875; 0,01171875; 554,4464285714286; 0,09210073
7945; 0,01171875; 0,01171875; 554,25; 0,0920681
7946; 0,01171875; 0,01171875; 554,625; 0,0921304
7947; 0,01171875; 0,01171875; 554,9107142857143; 0,09217785
7948; 0,01171875; 0,01171875; 554,9464285714286; 0,09218378
7949; 0,01171875; 0,01171875; 555,4821428571429; 0,09227275
7950; 0,01171875; 0,01171875; 555,9464285714286; 0,09234989
7951; 0,01171875; 0,01171875; 556,0; 0,09235877
7952; 0,01171875; 0,01171875; 555,375; 0,09225498
7953; 0,01171875; 0,01171875; 554,4107142857143; 0,092094794
7954; 0,01171875; 0,01171875; 555,0535714285714; 0,092201576
7955; 0,01171875; 0,01171875; 555,4821428571429; 0,09227276
7956; 0,01171875; 0,01171875; 555,7142857142857; 0,09231136
7957; 0,01171875; 0,01171875; 557,3392857142857; 0,092581294
7958; 0,01171875; 0,01171875; 556,1428571428571; 0,09238253
7959; 0,01171875; 0,01171875; 556,2321428571429; 0,09239738
7960; 0,01171875; 0,01171875; 555,8392857142857; 0,0923321
7961; 0,01171875; 0,01171875; 556,375; 0,0924211
7962; 0,01171875; 0,01171875; 555,375; 0,09225499
7963; 0,01171875; 0,01171875; 554,8571428571429; 0,09216893
7964; 0,01171875; 0,01171875; 556,3035714285714; 0,0924092
7965; 0,01171875; 0,01171875; 556,2321428571429; 0,09239734
7966; 0,01171875; 0,01171875; 556,375; 0,09242108
7967; 0,01171875; 0,01171875; 555,6964285714286; 0,09230836
7968; 0,01171875; 0,01171875; 554,4285714285714; 0,09209776
7969; 0,01171875; 0,01171875; 555,3392857142857; 0,09224902
7970; 0,01171875; 0,01171875; 555,5892857142857; 0,092290565
7971; 0,01171875; 0,01171875; 555,4821428571429; 0,092272766
7972; 0,01171875; 0,01171875; 555,25; 0,09223422
7973; 0,01171875; 0,01171875; 554,1607142857143; 0,09205327
7974; 0,01171875; 0,01171875; 554,8571428571429; 0,09216897
7975; 0,01171875; 0,01171875; 553,9642857142857; 0,09202064
7976; 0,01171875; 0,01171875; 554,6607142857143; 0,09213632
7977; 0,01171875; 0,01171875; 553,5714285714286; 0,091955386
7978; 0,01171875; 0,01171875; 554,5; 0,092109635
7979; 0,01171875; 0,01171875; 554,0; 0,09202659
7980; 0,01171875; 0,01171875; 553,25; 0,09190198
7981; 0,01171875; 0,01171875; 552,4642857142857; 0,09177148
7982; 0,01171875; 0,01171875; 552,9821428571429; 0,0918575
7983; 0,01171875; 0,01171875; 552,5892857142857; 0,09179223
7984; 0,01171875; 0,01171875; 552,9107142857143; 0,091845624
7985; 0,01171875; 0,01171875; 551,4285714285714; 0,09159943
7986; 0,01171875; 0,01171875; 552,3928571428571; 0,09175961
7987; 0,01171875; 0,01171875; 552,3928571428571; 0,09175962
7988; 0,01171875; 0,01171875; 552,3571428571429; 0,091753684
7989; 0,01171875; 0,01171875; 552,6785714285714; 0,091807075
7990; 0,01171875; 0,01171875; 551,1964285714286; 0,09156086
7991; 0,01171875; 0,01171875; 552,3928571428571; 0,091759615
7992; 0,01171875; 0,01171875; 553,2678571428571; 0,09190498
7993; 0,01171875; 0,01171875; 552,4107142857143; 0,09176258
7994; 0,01171875; 0,01171875; 554,3035714285714; 0,092077024
7995; 0,01171875; 0,01171875; 554,1607142857143; 0,09205327
7996; 0,01171875; 0,01171875; 553,625; 0,09196427
7997; 0,01171875; 0,01171875; 552,2142857142857; 0,091729954
7998; 0,01171875; 0,01171875; 552,75; 0,091818936
7999; 0,01171875; 0,01171875; 550,6785714285714; 0,09147484
8000; 0,01171875; 0,01171875; 552,4285714285714; 0,091765545
8001; 0,01171875; 0,01171875; 552,8928571428571; 0,091842666
8002; 0,01171875; 0,01171875; 551,5892857142857; 0,091626145
8003; 0,01171875; 0,01171875; 550,6785714285714; 0,09147483
8004; 0,01171875; 0,01171875; 552,4464285714286; 0,09176851
8005; 0,01171875; 0,01171875; 552,5357142857143; 0,091783345
8006; 0,01171875; 0,01171875; 550,7321428571429; 0,091483764
8007; 0,01171875; 0,01171875; 550,75; 0,09148673
8008; 0,01171875; 0,01171875; 550,5357142857143; 0,09145111
8009; 0,01171875; 0,01171875; 549,9285714285714; 0,091350265
8010; 0,01171875; 0,01171875; 546,1071428571429; 0,090715475
8011; 0,01171875; 0,01171875; 547,9464285714286; 0,091021016
8012; 0,01171875; 0,01171875; 545,1964285714286; 0,09056419
8013; 0,01171875; 0,01171875; 543,8392857142857; 0,09033876
8014; 0,01171875; 0,01171875; 547,1964285714286; 0,090896435
8015; 0,01171875; 0,01171875; 545,625; 0,0906354
8016; 0,01171875; 0,01171875; 547,2857142857143; 0,09091125
8017; 0,01171875; 0,01171875; 549,6071428571429; 0,09129686
8018; 0,01171875; 0,01171875; 551,5714285714286; 0,09162315
8019; 0,01171875; 0,01171875; 550,75; 0,09148669
8020; 0,01171875; 0,01171875; 549,5; 0,09127905
8021; 0,01171875; 0,01171875; 548,8214285714286; 0,09116634
8022; 0,01171875; 0,01171875; 546,3928571428571; 0,090762936
8023; 0,01171875; 0,01171875; 549,0535714285714; 0,09120493
8024; 0,01171875; 0,01171875; 549,5; 0,091279075
8025; 0,01171875; 0,01171875; 550,5535714285714; 0,09145409
8026; 0,01171875; 0,01171875; 548,5; 0,09111296
8027; 0,01171875; 0,01171875; 550,0714285714286; 0,091373995
8028; 0,01171875; 0,01171875; 548,5357142857143; 0,091118895
8029; 0,01171875; 0,01171875; 547,6607142857143; 0,09097353
8030; 0,01171875; 0,01171875; 549,8214285714286; 0,09133246
8031; 0,01171875; 0,01171875; 550,0357142857143; 0,091368064
8032; 0,01171875; 0,01171875; 550,1071428571429; 0,09137994
8033; 0,01171875; 0,01171875; 550,3214285714286; 0,091415524
8034; 0,01171875; 0,01171875; 550,1607142857143; 0,09138883
8035; 0,01171875; 0,01171875; 551,6607142857143; 0,091637984
8036; 0,01171875; 0,01171875; 550,6071428571429; 0,091462985
8037; 0,01171875; 0,01171875; 551,1785714285714; 0,09155791
8038; 0,01171875; 0,01171875; 550,4107142857143; 0,09143035
8039; 0,01171875; 0,01171875; 549,8035714285714; 0,091329515
8040; 0,01171875; 0,01171875; 551,625; 0,09163206
8041; 0,01171875; 0,01171875; 553,1964285714286; 0,091893084
8042; 0,01171875; 0,01171875; 550,9642857142857; 0,09152231
8043; 0,01171875; 0,01171875; 551,4642857142857; 0,091605365
8044; 0,01171875; 0,01171875; 551,8035714285714; 0,09166174
8045; 0,01171875; 0,01171875; 551,7142857142857; 0,091646895
8046; 0,01171875; 0,01171875; 551,6071428571429; 0,091629095
8047; 0,01171875; 0,01171875; 551,6071428571429; 0,09162911
8048; 0,01171875; 0,01171875; 550,0892857142857; 0,09137696
8049; 0,01171875; 0,01171875; 549,6607142857143; 0,09130578
8050; 0,01171875; 0,01171875; 551,6428571428571; 0,09163504
8051; 0,01171875; 0,01171875; 553,0892857142857; 0,091875315
8052; 0,01171875; 0,01171875; 551,2857142857143; 0,091575705
8053; 0,01171875; 0,01171875; 553,6607142857143; 0,091970205
8054; 0,01171875; 0,01171875; 555,3392857142857; 0,09224904
8055; 0,01171875; 0,01171875; 554,9464285714286; 0,092183776
8056; 0,01171875; 0,01171875; 556,6964285714286; 0,09247446
8057; 0,01171875; 0,01171875; 553,6071428571429; 0,0919613
8058; 0,01171875; 0,01171875; 554,4285714285714; 0,092097774
8059; 0,01171875; 0,01171875; 556,3928571428571; 0,09242404
8060; 0,01171875; 0,01171875; 556,75; 0,0924834
8061; 0,01171875; 0,01171875; 556,0535714285714; 0,092367716
8062; 0,01171875; 0,01171875; 555,6785714285714; 0,09230541
8063; 0,01171875; 0,01171875; 555,3214285714286; 0,09224606
8064; 0,01171875; 0,01171875; 555,6785714285714; 0,09230542
8065; 0,01171875; 0,01171875; 555,1964285714286; 0,09222531
8066; 0,01171875; 0,01171875; 556,3035714285714; 0,09240924
8067; 0,01171875; 0,01171875; 556,5535714285714; 0,09245075
8068; 0,01171875; 0,01171875; 554,8214285714286; 0,09216303
8069; 0,01171875; 0,01171875; 558,2142857142857; 0,09272664
8070; 0,01171875; 0,01171875; 555,7857142857143; 0,09232319
8071; 0,01171875; 0,01171875; 554,75; 0,092151165
8072; 0,01171875; 0,01171875; 556,5357142857143; 0,0924478
8073; 0,01171875; 0,01171875; 556,5892857142857; 0,09245668
8074; 0,01171875; 0,01171875; 554,5892857142857; 0,09212446
8075; 0,01171875; 0,01171875; 554,6607142857143; 0,09213632
8076; 0,01171875; 0,01171875; 554,6071428571429; 0,09212744
8077; 0,01171875; 0,01171875; 553,8214285714286; 0,09199689
8078; 0,01171875; 0,01171875; 554,0357142857143; 0,0920325
8079; 0,01171875; 0,01171875; 554,4285714285714; 0,09209776
8080; 0,01171875; 0,01171875; 554,7142857142857; 0,09214521
8081; 0,01171875; 0,01171875; 553,6964285714286; 0,09197614
8082; 0,01171875; 0,01171875; 554,4642857142857; 0,0921037
8083; 0,01171875; 0,01171875; 553,5535714285714; 0,0919524
8084; 0,01171875; 0,01171875; 554,8928571428571; 0,0921749
8085; 0,01171875; 0,01171875; 553,6964285714286; 0,09197615
8086; 0,01171875; 0,01171875; 551,0535714285714; 0,09153714
8087; 0,01171875; 0,01171875; 551,9464285714286; 0,09168544
8088; 0,01171875; 0,01171875; 552,5; 0,09177741
8089; 0,01171875; 0,01171875; 553,25; 0,09190198
8090; 0,01171875; 0,01171875; 553,4285714285714; 0,09193163
8091; 0,01171875; 0,01171875; 553,625; 0,09196428
8092; 0,01171875; 0,01171875; 552,4464285714286; 0,0917685
8093; 0,01171875; 0,01171875; 553,6785714285714; 0,091973186
8094; 0,01171875; 0,01171875; 554,6071428571429; 0,092127435
8095; 0,01171875; 0,01171875; 555,3571428571429; 0,09225202
8096; 0,01171875; 0,01171875; 555,5357142857143; 0,0922817
8097; 0,01171875; 0,01171875; 553,1607142857143; 0,09188716
8098; 0,01171875; 0,01171875; 552,125; 0,09171514
8099; 0,01171875; 0,01171875; 549,1607142857143; 0,09122271
8100; 0,01171875; 0,01171875; 547,8214285714286; 0,09100024
8101; 0,01171875; 0,01171875; 547,2142857142857; 0,090899386
8102; 0,01171875; 0,01171875; 544,3214285714286; 0,09041884
8103; 0,01171875; 0,01171875; 547,0892857142857; 0,09087862
8104; 0,01171875; 0,01171875; 545,8571428571429; 0,090673946
8105; 0,01171875; 0,01171875; 546,2857142857143; 0,090745136
8106; 0,01171875; 0,01171875; 543,8928571428571; 0,09034763
8107; 0,01171875; 0,01171875; 546,5357142857143; 0,09078664
8108; 0,01171875; 0,01171875; 544,3214285714286; 0,09041883
8109; 0,01171875; 0,01171875; 544,75; 0,09049003
8110; 0,01171875; 0,01171875; 545,8392857142857; 0,090670966
8111; 0,01171875; 0,01171875; 545,8392857142857; 0,090670995
8112; 0,01171875; 0,01171875; 545,75; 0,09065616
8113; 0,01171875; 0,01171875; 546,4642857142857; 0,09077481
8114; 0,01171875; 0,01171875; 546,875; 0,09084302
8115; 0,01171875; 0,01171875; 545,9464285714286; 0,09068877
8116; 0,01171875; 0,01171875; 545,9285714285714; 0,09068583
8117; 0,01171875; 0,01171875; 545,0535714285714; 0,09054047
8118; 0,01171875; 0,01171875; 543,3035714285714; 0,090249754
8119; 0,01171875; 0,01171875; 543,1607142857143; 0,09022603
8120; 0,01171875; 0,01171875; 543,1607142857143; 0,09022605
8121; 0,01171875; 0,01171875; 542,8392857142857; 0,09017263
8122; 0,01171875; 0,01171875; 542,5535714285714; 0,09012518
8123; 0,01171875; 0,01171875; 542,7678571428571; 0,090160765
8124; 0,01171875; 0,01171875; 543,3392857142857; 0,09025568
8125; 0,01171875; 0,01171875; 542,3035714285714; 0,09008364
8126; 0,01171875; 0,01171875; 542,8214285714286; 0,09016967
8127; 0,01171875; 0,01171875; 542,25; 0,090074755
8128; 0,01171875; 0,01171875; 541,5; 0,08995015
8129; 0,01171875; 0,01171875; 542,375; 0,09009552
8130; 0,01171875; 0,01171875; 542,5535714285714; 0,09012516
8131; 0,01171875; 0,01171875; 542,2678571428571; 0,090077735
8132; 0,01171875; 0,01171875; 543,2321428571429; 0,0902379
8133; 0,01171875; 0,01171875; 544,25; 0,09040698
8134; 0,01171875; 0,01171875; 542,7142857142857; 0,09015188
8135; 0,01171875; 0,01171875; 543,8392857142857; 0,09033877
8136; 0,01171875; 0,01171875; 542,5714285714286; 0,090128146
8137; 0,01171875; 0,01171875; 543,4642857142857; 0,09027646
8138; 0,01171875; 0,01171875; 543,2857142857143; 0,090246804
8139; 0,01171875; 0,01171875; 544,3214285714286; 0,09041886
8140; 0,01171875; 0,01171875; 543,9821428571429; 0,09036249
8141; 0,01171875; 0,01171875; 542,3392857142857; 0,090089574
8142; 0,01171875; 0,01171875; 544,1785714285714; 0,09039511
8143; 0,01171875; 0,01171875; 543,7678571428571; 0,09032689
8144; 0,01171875; 0,01171875; 543,9642857142857; 0,09035951
8145; 0,01171875; 0,01171875; 543,3392857142857; 0,090255685
8146; 0,01171875; 0,01171875; 542,9107142857143; 0,0901845
8147; 0,01171875; 0,01171875; 544,3392857142857; 0,0904218
8148; 0,01171875; 0,01171875; 544,1428571428571; 0,09038917
8149; 0,01171875; 0,01171875; 544,1071428571429; 0,09038324
8150; 0,01171875; 0,01171875; 543,25; 0,09024084
8151; 0,01171875; 0,01171875; 543,6964285714286; 0,09031501
8152; 0,01171875; 0,01171875; 544,2857142857143; 0,0904129
8153; 0,01171875; 0,01171875; 546,2142857142857; 0,09073327
8154; 0,01171875; 0,01171875; 545,6964285714286; 0,09064723
8155; 0,01171875; 0,01171875; 547,8392857142857; 0,09100319
8156; 0,01171875; 0,01171875; 545,4107142857143; 0,090599775
8157; 0,01171875; 0,01171875; 544,3035714285714; 0,09041587
8158; 0,01171875; 0,01171875; 544,9642857142857; 0,09052563
8159; 0,01171875; 0,01171875; 544,7857142857143; 0,09049597
8160; 0,01171875; 0,01171875; 546,2142857142857; 0,090733275
8161; 0,01171875; 0,01171875; 545,7142857142857; 0,09065019
8162; 0,01171875; 0,01171875; 546,8214285714286; 0,0908341
8163; 0,01171875; 0,01171875; 546,1428571428571; 0,090721406
8164; 0,01171875; 0,01171875; 546,4642857142857; 0,0907748
8165; 0,01171875; 0,01171875; 544,2321428571429; 0,09040399
8166; 0,01171875; 0,01171875; 545,6964285714286; 0,090647236
8167; 0,01171875; 0,01171875; 546,9821428571429; 0,09086081
8168; 0,01171875; 0,01171875; 546,75; 0,09082226
8169; 0,01171875; 0,01171875; 546,2321428571429; 0,090736225
8170; 0,01171875; 0,01171875; 546,1071428571429; 0,09071547
8171; 0,01171875; 0,01171875; 546,875; 0,09084302
8172; 0,01171875; 0,01171875; 549,0535714285714; 0,09120493
8173; 0,01171875; 0,01171875; 547,0892857142857; 0,090878606
8174; 0,01171875; 0,01171875; 548,1607142857143; 0,09105658
8175; 0,01171875; 0,01171875; 546,9642857142857; 0,090857856
8176; 0,01171875; 0,01171875; 547,0178571428571; 0,09086675
8177; 0,01171875; 0,01171875; 547,2678571428571; 0,09090828
8178; 0,01171875; 0,01171875; 545,4464285714286; 0,09060571
8179; 0,01171875; 0,01171875; 546,7321428571429; 0,09081928
8180; 0,01171875; 0,01171875; 547,3035714285714; 0,090914235
8181; 0,01171875; 0,01171875; 546,875; 0,090843014
8182; 0,01171875; 0,01171875; 548,8392857142857; 0,09116931
8183; 0,01171875; 0,01171875; 547,375; 0,090926096
8184; 0,01171875; 0,01171875; 546,75; 0,09082227
8185; 0,01171875; 0,01171875; 549,0178571428571; 0,091198996
8186; 0,01171875; 0,01171875; 547,1964285714286; 0,090896405
8187; 0,01171875; 0,01171875; 546,5178571428571; 0,09078369
8188; 0,01171875; 0,01171875; 546,0714285714286; 0,09070952
8189; 0,01171875; 0,01171875; 546,1964285714286; 0,0907303
8190; 0,01171875; 0,01171875; 544,2321428571429; 0,09040401
8191; 0,01171875; 0,01171875; 542,9464285714286; 0,09019043
8192; 0,01171875; 0,01171875; 543,2321428571429; 0,09023788
8193; 0,01171875; 0,01171875; 543,5357142857143; 0,090288326
8194; 0,01171875; 0,01171875; 543,3214285714286; 0,090252735
8195; 0,01171875; 0,01171875; 544,5; 0,0904485
8196; 0,01171875; 0,01171875; 546,4642857142857; 0,09077479
8197; 0,01171875; 0,01171875; 543,4285714285714; 0,090270504
8198; 0,01171875; 0,01171875; 544,4107142857143; 0,090433665
8199; 0,01171875; 0,01171875; 542,4642857142857; 0,09011035
8200; 0,01171875; 0,01171875; 542,4107142857143; 0,090101466
8201; 0,01171875; 0,01171875; 543,5892857142857; 0,09029722
8202; 0,01171875; 0,01171875; 544,2142857142857; 0,09040103
8203; 0,01171875; 0,01171875; 543,6607142857143; 0,09030908
8204; 0,01171875; 0,01171875; 543,9285714285714; 0,090353586
8205; 0,01171875; 0,01171875; 544,1785714285714; 0,090395115
8206; 0,01171875; 0,01171875; 543,625; 0,09030316
8207; 0,01171875; 0,01171875; 542,4642857142857; 0,09011035
8208; 0,01171875; 0,01171875; 543,0892857142857; 0,090214156
8209; 0,01171875; 0,01171875; 544,125; 0,090386204
8210; 0,01171875; 0,01171875; 542,7857142857143; 0,09016373
8211; 0,01171875; 0,01171875; 544,0892857142857; 0,090380274
8212; 0,01171875; 0,01171875; 543,9107142857143; 0,09035061
8213; 0,01171875; 0,01171875; 544,6785714285714; 0,09047816
8214; 0,01171875; 0,01171875; 546,8035714285714; 0,09083116
8215; 0,01171875; 0,01171875; 545,2678571428571; 0,090576045
8216; 0,01171875; 0,01171875; 544,5892857142857; 0,09046332
8217; 0,01171875; 0,01171875; 544,6071428571429; 0,09046628
8218; 0,01171875; 0,01171875; 544,8392857142857; 0,09050487
8219; 0,01171875; 0,01171875; 545,2857142857143; 0,09057901
8220; 0,01171875; 0,01171875; 545,75; 0,090656124
8221; 0,01171875; 0,01171875; 545,2857142857143; 0,09057901
8222; 0,01171875; 0,01171875; 548,1785714285714; 0,09105955
8223; 0,01171875; 0,01171875; 545,6071428571429; 0,0906324
8224; 0,01171875; 0,01171875; 544,6964285714286; 0,09048111
8225; 0,01171875; 0,01171875; 545,6607142857143; 0,0906413
8226; 0,01171875; 0,01171875; 545,7142857142857; 0,09065019
8227; 0,01171875; 0,01171875; 546,1964285714286; 0,09073029
8228; 0,01171875; 0,01171875; 546,1428571428571; 0,090721376
8229; 0,01171875; 0,01171875; 545,6428571428571; 0,09063833
8230; 0,01171875; 0,01171875; 544,4642857142857; 0,090442576
8231; 0,01171875; 0,01171875; 545,0535714285714; 0,09054043
8232; 0,01171875; 0,01171875; 544,6607142857143; 0,09047519
8233; 0,01171875; 0,01171875; 545,4285714285714; 0,09060272
8234; 0,01171875; 0,01171875; 545,4285714285714; 0,09060273
8235; 0,01171875; 0,01171875; 546,125; 0,09071843
8236; 0,01171875; 0,01171875; 545,5357142857143; 0,09062054
8237; 0,01171875; 0,01171875; 545,875; 0,09067692
8238; 0,01171875; 0,01171875; 546,1607142857143; 0,09072437
8239; 0,01171875; 0,01171875; 544,9464285714286; 0,09052269
8240; 0,01171875; 0,01171875; 546,5; 0,09078073
8241; 0,01171875; 0,01171875; 544,1785714285714; 0,09039511
8242; 0,01171875; 0,01171875; 546,0357142857143; 0,0907036
8243; 0,01171875; 0,01171875; 545,4464285714286; 0,09060571
8244; 0,01171875; 0,01171875; 544,3392857142857; 0,0904218
8245; 0,01171875; 0,01171875; 545,0892857142857; 0,09054641
8246; 0,01171875; 0,01171875; 545,375; 0,09059387
8247; 0,01171875; 0,01171875; 545,9107142857143; 0,09068286
8248; 0,01171875; 0,01171875; 545,7857142857143; 0,090662085
8249; 0,01171875; 0,01171875; 544,3214285714286; 0,09041883
8250; 0,01171875; 0,01171875; 545,8392857142857; 0,090670966
8251; 0,01171875; 0,01171875; 546,3928571428571; 0,090762936
8252; 0,01171875; 0,01171875; 545,2678571428571; 0,09057606
8253; 0,01171875; 0,01171875; 544,6964285714286; 0,09048114
8254; 0,01171875; 0,01171875; 545,4464285714286; 0,09060571
8255; 0,01171875; 0,01171875; 545,9464285714286; 0,09068878
8256; 0,01171875; 0,01171875; 545,4107142857143; 0,09059979
8257; 0,01171875; 0,01171875; 542,7678571428571; 0,09016077
8258; 0,01171875; 0,01171875; 544,8035714285714; 0,09049893
8259; 0,01171875; 0,01171875; 546,9642857142857; 0,09085786
8260; 0,01171875; 0,01171875; 546,2857142857143; 0,09074514
8261; 0,01171875; 0,01171875; 545,6607142857143; 0,090641305
8262; 0,01171875; 0,01171875; 547,6428571428571; 0,090970576
8263; 0,01171875; 0,01171875; 547,7142857142857; 0,09098245
8264; 0,01171875; 0,01171875; 547,75; 0,09098839
8265; 0,01171875; 0,01171875; 548,9107142857143; 0,0911812
8266; 0,01171875; 0,01171875; 548,6071428571429; 0,09113075
8267; 0,01171875; 0,01171875; 547,7321428571429; 0,09098542
8268; 0,01171875; 0,01171875; 549,1428571428571; 0,09121976
8269; 0,01171875; 0,01171875; 548,3035714285714; 0,091080345
8270; 0,01171875; 0,01171875; 547,5357142857143; 0,0909528
8271; 0,01171875; 0,01171875; 547,9464285714286; 0,091021016
8272; 0,01171875; 0,01171875; 548,6964285714286; 0,09114561
8273; 0,01171875; 0,01171875; 548,8214285714286; 0,091166355
8274; 0,01171875; 0,01171875; 548,4285714285714; 0,09110111
8275; 0,01171875; 0,01171875; 550,5178571428571; 0,09144815
8276; 0,01171875; 0,01171875; 549,0892857142857; 0,091210835
8277; 0,01171875; 0,01171875; 550,2857142857143; 0,0914096
8278; 0,01171875; 0,01171875; 549,6071428571429; 0,091296874
8279; 0,01171875; 0,01171875; 548,8571428571429; 0,09117228
8280; 0,01171875; 0,01171875; 546,9285714285714; 0,090851925
8281; 0,01171875; 0,01171875; 546,8928571428571; 0,09084601
8282; 0,01171875; 0,01171875; 547,2857142857143; 0,09091127
8283; 0,01171875; 0,01171875; 545,8392857142857; 0,09067098
8284; 0,01171875; 0,01171875; 545,9821428571429; 0,0906947
8285; 0,01171875; 0,01171875; 547,9642857142857; 0,09102396
8286; 0,01171875; 0,01171875; 546,0; 0,09069768
8287; 0,01171875; 0,01171875; 547,7857142857143; 0,09099429
8288; 0,01171875; 0,01171875; 547,0892857142857; 0,09087861
8289; 0,01171875; 0,01171875; 546,3392857142857; 0,090754025
8290; 0,01171875; 0,01171875; 545,9107142857143; 0,09068285
8291; 0,01171875; 0,01171875; 545,4821428571429; 0,09061163
8292; 0,01171875; 0,01171875; 545,0892857142857; 0,090546384
8293; 0,01171875; 0,01171875; 545,6071428571429; 0,090632394
8294; 0,01171875; 0,01171875; 544,5; 0,090448484
8295; 0,01171875; 0,01171875; 545,0714285714286; 0,09054343
8296; 0,01171875; 0,01171875; 545,375; 0,09059383
8297; 0,01171875; 0,01171875; 545,25; 0,09057309
8298; 0,01171875; 0,01171875; 545,8571428571429; 0,090673946
8299; 0,01171875; 0,01171875; 545,375; 0,09059385
8300; 0,01171875; 0,01171875; 545,5892857142857; 0,09062944
8301; 0,01171875; 0,01171875; 544,8392857142857; 0,09050487
8302; 0,01171875; 0,01171875; 545,3571428571429; 0,0905909
8303; 0,01171875; 0,01171875; 545,2142857142857; 0,090567164
8304; 0,01171875; 0,01171875; 546,1785714285714; 0,09072734
8305; 0,01171875; 0,01171875; 546,8214285714286; 0,09083414
8306; 0,01171875; 0,01171875; 544,5178571428571; 0,09045147
8307; 0,01171875; 0,01171875; 546,2678571428571; 0,09074218
8308; 0,01171875; 0,01171875; 546,6607142857143; 0,09080743
8309; 0,01171875; 0,01171875; 545,9642857142857; 0,09069174
8310; 0,01171875; 0,01171875; 545,0892857142857; 0,09054638
8311; 0,01171875; 0,01171875; 545,4285714285714; 0,09060274
8312; 0,01171875; 0,01171875; 543,0; 0,090199314
8313; 0,01171875; 0,01171875; 544,1607142857143; 0,09039213
8314; 0,01171875; 0,01171875; 545,9107142857143; 0,09068285
8315; 0,01171875; 0,01171875; 546,6428571428571; 0,09080446
8316; 0,01171875; 0,01171875; 546,5714285714286; 0,090792574
8317; 0,01171875; 0,01171875; 545,8214285714286; 0,090667985
8318; 0,01171875; 0,01171875; 546,2857142857143; 0,09074514
8319; 0,01171875; 0,01171875; 544,6428571428571; 0,09047221
8320; 0,01171875; 0,01171875; 546,1964285714286; 0,09073029
8321; 0,01171875; 0,01171875; 546,5; 0,09078071
8322; 0,01171875; 0,01171875; 545,1428571428571; 0,090555266
8323; 0,01171875; 0,01171875; 544,9107142857143; 0,09051673
8324; 0,01171875; 0,01171875; 545,9285714285714; 0,09068579
8325; 0,01171875; 0,01171875; 545,4285714285714; 0,09060275
8326; 0,01171875; 0,01171875; 547,0; 0,0908638
8327; 0,01171875; 0,01171875; 546,0892857142857; 0,09071251
8328; 0,01171875; 0,01171875; 546,75; 0,09082224
8329; 0,01171875; 0,01171875; 545,6607142857143; 0,09064132
8330; 0,01171875; 0,01171875; 546,4821428571429; 0,09077777
8331; 0,01171875; 0,01171875; 546,6785714285714; 0,09081038
8332; 0,01171875; 0,01171875; 546,8928571428571; 0,090845995
8333; 0,01171875; 0,01171875; 544,8928571428571; 0,090513766
8334; 0,01171875; 0,01171875; 544,6428571428571; 0,09047224
8335; 0,01171875; 0,01171875; 544,4642857142857; 0,090442576
8336; 0,01171875; 0,01171875; 543,4285714285714; 0,09027052
8337; 0,01171875; 0,01171875; 544,3392857142857; 0,090421796
8338; 0,01171875; 0,01171875; 543,7857142857143; 0,09032983
8339; 0,01171875; 0,01171875; 544,6607142857143; 0,09047519
8340; 0,01171875; 0,01171875; 544,5; 0,0904485
8341; 0,01171875; 0,01171875; 545,3392857142857; 0,090587914
8342; 0,01171875; 0,01171875; 546,625; 0,0908015
8343; 0,01171875; 0,01171875; 545,2857142857143; 0,090579025
8344; 0,01171875; 0,01171875; 548,7678571428571; 0,09115747
8345; 0,01171875; 0,01171875; 547,6964285714286; 0,090979494
8346; 0,01171875; 0,01171875; 548,3214285714286; 0,09108331
8347; 0,01171875; 0,01171875; 550,2321428571429; 0,09140072
8348; 0,01171875; 0,01171875; 550,1964285714286; 0,091394775
8349; 0,01171875; 0,01171875; 548,25; 0,09107144
8350; 0,01171875; 0,01171875; 548,4821428571429; 0,091110006
8351; 0,01171875; 0,01171875; 547,2857142857143; 0,09091128
8352; 0,01171875; 0,01171875; 548,1428571428571; 0,09105366
8353; 0,01171875; 0,01171875; 546,4642857142857; 0,09077482
8354; 0,01171875; 0,01171875; 545,75; 0,09065615
8355; 0,01171875; 0,01171875; 545,5178571428571; 0,09061759
8356; 0,01171875; 0,01171875; 543,7321428571429; 0,09032094
8357; 0,01171875; 0,01171875; 544,125; 0,09038621
8358; 0,01171875; 0,01171875; 544,3928571428571; 0,09043069
8359; 0,01171875; 0,01171875; 544,7142857142857; 0,09048409
8360; 0,01171875; 0,01171875; 543,6428571428571; 0,09030612
8361; 0,01171875; 0,01171875; 544,3392857142857; 0,0904218
8362; 0,01171875; 0,01171875; 543,3392857142857; 0,0902557
8363; 0,01171875; 0,01171875; 544,4642857142857; 0,090442576
8364; 0,01171875; 0,01171875; 545,125; 0,09055234
8365; 0,01171875; 0,01171875; 545,625; 0,09063538
8366; 0,01171875; 0,01171875; 545,5535714285714; 0,09062351
8367; 0,01171875; 0,01171875; 544,7678571428571; 0,090493
8368; 0,01171875; 0,01171875; 546,1071428571429; 0,09071548
8369; 0,01171875; 0,01171875; 544,9464285714286; 0,09052266
8370; 0,01171875; 0,01171875; 546,5714285714286; 0,0907926
8371; 0,01171875; 0,01171875; 547,5892857142857; 0,090961695
8372; 0,01171875; 0,01171875; 545,7678571428571; 0,09065912
8373; 0,01171875; 0,01171875; 546,4107142857143; 0,090765916
8374; 0,01171875; 0,01171875; 547,0535714285714; 0,09087272
8375; 0,01171875; 0,01171875; 544,9285714285714; 0,09051972
8376; 0,01171875; 0,01171875; 546,3392857142857; 0,090754054
8377; 0,01171875; 0,01171875; 546,1071428571429; 0,09071548
8378; 0,01171875; 0,01171875; 546,7678571428571; 0,09082525
8379; 0,01171875; 0,01171875; 546,8571428571429; 0,090840064
8380; 0,01171875; 0,01171875; 546,8035714285714; 0,090831175
8381; 0,01171875; 0,01171875; 546,9821428571429; 0,090860836
8382; 0,01171875; 0,01171875; 546,4821428571429; 0,09077778
8383; 0,01171875; 0,01171875; 548,6607142857143; 0,091139674
8384; 0,01171875; 0,01171875; 548,4285714285714; 0,091101125
8385; 0,01171875; 0,01171875; 547,5357142857143; 0,09095281
8386; 0,01171875; 0,01171875; 547,75; 0,090988405
8387; 0,01171875; 0,01171875; 546,5535714285714; 0,09078967
8388; 0,01171875; 0,01171875; 547,6964285714286; 0,0909795
8389; 0,01171875; 0,01171875; 547,625; 0,09096764
8390; 0,01171875; 0,01171875; 547,9107142857143; 0,09101509
8391; 0,01171875; 0,01171875; 547,4464285714286; 0,090937965
8392; 0,01171875; 0,01171875; 547,3214285714286; 0,090917215
8393; 0,01171875; 0,01171875; 545,4464285714286; 0,09060574
8394; 0,01171875; 0,01171875; 547,125; 0,09088458
8395; 0,01171875; 0,01171875; 545,1071428571429; 0,090549394
8396; 0,01171875; 0,01171875; 547,0535714285714; 0,09087273
8397; 0,01171875; 0,01171875; 547,9821428571429; 0,09102696
8398; 0,01171875; 0,01171875; 547,4821428571429; 0,090943895
8399; 0,01171875; 0,01171875; 546,7678571428571; 0,09082526
8400; 0,01171875; 0,01171875; 547,4821428571429; 0,09094392
8401; 0,01171875; 0,01171875; 547,6071428571429; 0,09096467
8402; 0,01171875; 0,01171875; 544,4285714285714; 0,09043666
8403; 0,01171875; 0,01171875; 548,3035714285714; 0,09108036
8404; 0,01171875; 0,01171875; 548,0; 0,091029905
8405; 0,01171875; 0,01171875; 545,4821428571429; 0,090611674
8406; 0,01171875; 0,01171875; 547,7142857142857; 0,090982474
8407; 0,01171875; 0,01171875; 546,8214285714286; 0,09083415
8408; 0,01171875; 0,01171875; 548,0714285714286; 0,09104179
8409; 0,01171875; 0,01171875; 548,5357142857143; 0,09111891
8410; 0,01171875; 0,01171875; 549,25; 0,09123757
8411; 0,01171875; 0,01171875; 549,5178571428571; 0,091282055
8412; 0,01171875; 0,01171875; 550,9107142857143; 0,09151344
8413; 0,01171875; 0,01171875; 550,125; 0,0913829
8414; 0,01171875; 0,01171875; 551,0892857142857; 0,09154309
8415; 0,01171875; 0,01171875; 551,7678571428571; 0,09165581
8416; 0,01171875; 0,01171875; 550,5535714285714; 0,0914541
8417; 0,01171875; 0,01171875; 550,5178571428571; 0,09144817
8418; 0,01171875; 0,01171875; 551,8214285714286; 0,09166472
8419; 0,01171875; 0,01171875; 551,7678571428571; 0,091655806
8420; 0,01171875; 0,01171875; 551,4107142857143; 0,09159648
8421; 0,01171875; 0,01171875; 550,5; 0,09144519
8422; 0,01171875; 0,01171875; 552,2857142857143; 0,091741815
8423; 0,01171875; 0,01171875; 549,9107142857143; 0,09134729
8424; 0,01171875; 0,01171875; 552,1964285714286; 0,09172697
8425; 0,01171875; 0,01171875; 553,5178571428571; 0,09194649
8426; 0,01171875; 0,01171875; 552,3928571428571; 0,09175962
8427; 0,01171875; 0,01171875; 553,5714285714286; 0,09195538
8428; 0,01171875; 0,01171875; 554,1428571428571; 0,09205031
8429; 0,01171875; 0,01171875; 553,3035714285714; 0,09191089
8430; 0,01171875; 0,01171875; 555,0535714285714; 0,09220158
8431; 0,01171875; 0,01171875; 555,1071428571429; 0,09221047
8432; 0,01171875; 0,01171875; 553,1607142857143; 0,09188715
8433; 0,01171875; 0,01171875; 555,1785714285714; 0,092222326
8434; 0,01171875; 0,01171875; 555,5178571428571; 0,0922787
8435; 0,01171875; 0,01171875; 555,2142857142857; 0,09222827
8436; 0,01171875; 0,01171875; 555,1964285714286; 0,092225306
8437; 0,01171875; 0,01171875; 554,5; 0,092109606
8438; 0,01171875; 0,01171875; 554,8035714285714; 0,09216006
8439; 0,01171875; 0,01171875; 555,0892857142857; 0,092207514
8440; 0,01171875; 0,01171875; 554,875; 0,09217193
8441; 0,01171875; 0,01171875; 551,6428571428571; 0,09163501
8442; 0,01171875; 0,01171875; 553,1785714285714; 0,09189012
8443; 0,01171875; 0,01171875; 553,875; 0,09200581
8444; 0,01171875; 0,01171875; 553,6071428571429; 0,09196132
8445; 0,01171875; 0,01171875; 551,25; 0,091569744
8446; 0,01171875; 0,01171875; 552,3214285714286; 0,09174775
8447; 0,01171875; 0,01171875; 551,5892857142857; 0,091626145
8448; 0,01171875; 0,01171875; 552,0178571428571; 0,091697335
8449; 0,01171875; 0,01171875; 551,3392857142857; 0,09158461
8450; 0,01171875; 0,01171875; 553,5357142857143; 0,09194946
8451; 0,01171875; 0,01171875; 549,75; 0,09132061
8452; 0,01171875; 0,01171875; 549,2321428571429; 0,09123458
8453; 0,01171875; 0,01171875; 547,6607142857143; 0,09097355
8454; 0,01171875; 0,01171875; 545,9642857142857; 0,09069175
8455; 0,01171875; 0,01171875; 545,375; 0,09059387
8456; 0,01171875; 0,01171875; 543,1071428571429; 0,09021716
8457; 0,01171875; 0,01171875; 545,5535714285714; 0,090623535
8458; 0,01171875; 0,01171875; 543,9285714285714; 0,09035361
8459; 0,01171875; 0,01171875; 544,3928571428571; 0,09043073
8460; 0,01171875; 0,01171875; 541,5; 0,08995018
8461; 0,01171875; 0,01171875; 540,0892857142857; 0,089715846
8462; 0,01171875; 0,01171875; 541,5178571428571; 0,08995315
8463; 0,01171875; 0,01171875; 542,125; 0,09005399
8464; 0,01171875; 0,01171875; 542,2678571428571; 0,090077735
8465; 0,01171875; 0,01171875; 541,25; 0,08990866
8466; 0,01171875; 0,01171875; 541,7678571428571; 0,08999467
8467; 0,01171875; 0,01171875; 541,1071428571429; 0,08988493
8468; 0,01171875; 0,01171875; 541,9107142857143; 0,09001843
8469; 0,01171875; 0,01171875; 542,0357142857143; 0,09003918
8470; 0,01171875; 0,01171875; 543,8214285714286; 0,090335794
8471; 0,01171875; 0,01171875; 542,1964285714286; 0,09006588
8472; 0,01171875; 0,01171875; 542,6785714285714; 0,090145946
8473; 0,01171875; 0,01171875; 542,4464285714286; 0,09010738
8474; 0,01171875; 0,01171875; 542,2857142857143; 0,0900807
8475; 0,01171875; 0,01171875; 542,8571428571429; 0,090175614
8476; 0,01171875; 0,01171875; 544,0; 0,09036546
8477; 0,01171875; 0,01171875; 543,5714285714286; 0,09029426
8478; 0,01171875; 0,01171875; 541,8928571428571; 0,090015434
8479; 0,01171875; 0,01171875; 541,5714285714286; 0,08996205
8480; 0,01171875; 0,01171875; 542,8571428571429; 0,09017563
8481; 0,01171875; 0,01171875; 542,4642857142857; 0,09011038
8482; 0,01171875; 0,01171875; 541,5535714285714; 0,08995909
8483; 0,01171875; 0,01171875; 540,9642857142857; 0,0898612
8484; 0,01171875; 0,01171875; 540,4285714285714; 0,089772224
8485; 0,01171875; 0,01171875; 539,7321428571429; 0,089656524
8486; 0,01171875; 0,01171875; 538,6607142857143; 0,08947854
8487; 0,01171875; 0,01171875; 538,4464285714286; 0,089442946
8488; 0,01171875; 0,01171875; 539,4642857142857; 0,08961203
8489; 0,01171875; 0,01171875; 540,2142857142857; 0,08973662
8490; 0,01171875; 0,01171875; 540,7857142857143; 0,08983153
8491; 0,01171875; 0,01171875; 541,1071428571429; 0,08988493
8492; 0,01171875; 0,01171875; 540,9642857142857; 0,08986119
8493; 0,01171875; 0,01171875; 539,8928571428571; 0,08968323
8494; 0,01171875; 0,01171875; 537,0714285714286; 0,08921452
8495; 0,01171875; 0,01171875; 536,9821428571429; 0,08919968
8496; 0,01171875; 0,01171875; 540,2678571428571; 0,08974552
8497; 0,01171875; 0,01171875; 542,9107142857143; 0,090184525
8498; 0,01171875; 0,01171875; 544,1964285714286; 0,09039809
8499; 0,01171875; 0,01171875; 541,0178571428571; 0,08987009
8500; 0,01171875; 0,01171875; 542,75; 0,090157814
8501; 0,01171875; 0,01171875; 541,9464285714286; 0,09002434
8502; 0,01171875; 0,01171875; 541,5892857142857; 0,089965
8503; 0,01171875; 0,01171875; 540,4642857142857; 0,08977813
8504; 0,01171875; 0,01171875; 540,8928571428571; 0,08984933
8505; 0,01171875; 0,01171875; 542,5535714285714; 0,0901252
8506; 0,01171875; 0,01171875; 538,1785714285714; 0,08939844
8507; 0,01171875; 0,01171875; 541,375; 0,089929424
8508; 0,01171875; 0,01171875; 541,6785714285714; 0,089979865
8509; 0,01171875; 0,01171875; 542,6071428571429; 0,0901341
8510; 0,01171875; 0,01171875; 541,2678571428571; 0,08991163
8511; 0,01171875; 0,01171875; 543,7142857142857; 0,09031801
8512; 0,01171875; 0,01171875; 547,3928571428571; 0,090929076
8513; 0,01171875; 0,01171875; 545,1964285714286; 0,0905642
8514; 0,01171875; 0,01171875; 546,3928571428571; 0,09076295
8515; 0,01171875; 0,01171875; 541,5; 0,08995019
8516; 0,01171875; 0,01171875; 540,5357142857143; 0,08979001
8517; 0,01171875; 0,01171875; 541,9464285714286; 0,09002434
8518; 0,01171875; 0,01171875; 539,6428571428571; 0,08964169
8519; 0,01171875; 0,01171875; 538,6071428571429; 0,08946965
8520; 0,01171875; 0,01171875; 541,9285714285714; 0,09002138
8521; 0,01171875; 0,01171875; 541,4464285714286; 0,08994127
8522; 0,01171875; 0,01171875; 540,375; 0,08976329
8523; 0,01171875; 0,01171875; 541,7678571428571; 0,08999466
8524; 0,01171875; 0,01171875; 540,5714285714286; 0,08979591
8525; 0,01171875; 0,01171875; 542,2321428571429; 0,0900718
8526; 0,01171875; 0,01171875; 539,1964285714286; 0,08956753
8527; 0,01171875; 0,01171875; 539,4464285714286; 0,08960907
8528; 0,01171875; 0,01171875; 540,2857142857143; 0,08974849
8529; 0,01171875; 0,01171875; 542,7857142857143; 0,090163745
8530; 0,01171875; 0,01171875; 542,1071428571429; 0,09005103
8531; 0,01171875; 0,01171875; 540,5357142857143; 0,089789994
8532; 0,01171875; 0,01171875; 540,7142857142857; 0,089819655
8533; 0,01171875; 0,01171875; 541,8571428571429; 0,09000952
8534; 0,01171875; 0,01171875; 541,0535714285714; 0,08987601
8535; 0,01171875; 0,01171875; 540,2321428571429; 0,089739576
8536; 0,01171875; 0,01171875; 543,625; 0,090303145
8537; 0,01171875; 0,01171875; 542,7857142857143; 0,09016376
8538; 0,01171875; 0,01171875; 542,625; 0,09013706
8539; 0,01171875; 0,01171875; 541,5714285714286; 0,08996205
8540; 0,01171875; 0,01171875; 539,9107142857143; 0,08968618
8541; 0,01171875; 0,01171875; 539,5; 0,089617945
8542; 0,01171875; 0,01171875; 541,125; 0,089887895
8543; 0,01171875; 0,01171875; 540,125; 0,08972176
8544; 0,01171875; 0,01171875; 540,1071428571429; 0,08971881
8545; 0,01171875; 0,01171875; 542,0714285714286; 0,090045094
8546; 0,01171875; 0,01171875; 542,8214285714286; 0,090169676
8547; 0,01171875; 0,01171875; 542,5714285714286; 0,090128146
8548; 0,01171875; 0,01171875; 542,8928571428571; 0,09018154
8549; 0,01171875; 0,01171875; 541,4285714285714; 0,08993829
8550; 0,01171875; 0,01171875; 542,4821428571429; 0,09011332
8551; 0,01171875; 0,01171875; 542,1785714285714; 0,090062894
8552; 0,01171875; 0,01171875; 541,5714285714286; 0,08996202
8553; 0,01171875; 0,01171875; 541,5892857142857; 0,089965
8554; 0,01171875; 0,01171875; 542,2857142857143; 0,09008069
8555; 0,01171875; 0,01171875; 541,4642857142857; 0,08994423
8556; 0,01171875; 0,01171875; 541,125; 0,08988786
8557; 0,01171875; 0,01171875; 539,0178571428571; 0,089537844
8558; 0,01171875; 0,01171875; 538,9285714285714; 0,08952301
8559; 0,01171875; 0,01171875; 540,125; 0,089721754
8560; 0,01171875; 0,01171875; 539,2142857142857; 0,08957048
8561; 0,01171875; 0,01171875; 540,625; 0,08980481
8562; 0,01171875; 0,01171875; 538,8214285714286; 0,08950521
8563; 0,01171875; 0,01171875; 538,6607142857143; 0,08947854
8564; 0,01171875; 0,01171875; 539,7857142857143; 0,0896654
8565; 0,01171875; 0,01171875; 540,8392857142857; 0,089840405
8566; 0,01171875; 0,01171875; 542,0535714285714; 0,0900421
8567; 0,01171875; 0,01171875; 541,375; 0,089929394
8568; 0,01171875; 0,01171875; 540,2678571428571; 0,08974548
8569; 0,01171875; 0,01171875; 541,5357142857143; 0,08995609
8570; 0,01171875; 0,01171875; 538,8035714285714; 0,08950225
8571; 0,01171875; 0,01171875; 540,5; 0,08978404
8572; 0,01171875; 0,01171875; 541,625; 0,08997094
8573; 0,01171875; 0,01171875; 543,0357142857143; 0,0902053
8574; 0,01171875; 0,01171875; 544,7142857142857; 0,09048409
8575; 0,01171875; 0,01171875; 545,4107142857143; 0,09059982
8576; 0,01171875; 0,01171875; 546,8214285714286; 0,090834156
8577; 0,01171875; 0,01171875; 547,8571428571429; 0,0910062
8578; 0,01171875; 0,01171875; 548,1607142857143; 0,09105662
8579; 0,01171875; 0,01171875; 547,3571428571429; 0,09092314
8580; 0,01171875; 0,01171875; 548,1785714285714; 0,09105958
8581; 0,01171875; 0,01171875; 547,8214285714286; 0,09100025
8582; 0,01171875; 0,01171875; 546,8392857142857; 0,09083712
8583; 0,01171875; 0,01171875; 547,9285714285714; 0,09101807
8584; 0,01171875; 0,01171875; 547,3928571428571; 0,09092907
8585; 0,01171875; 0,01171875; 547,5535714285714; 0,09095576
8586; 0,01171875; 0,01171875; 547,4285714285714; 0,09093501
8587; 0,01171875; 0,01171875; 547,5892857142857; 0,0909617
8588; 0,01171875; 0,01171875; 548,0178571428571; 0,091032885
8589; 0,01171875; 0,01171875; 546,4285714285714; 0,09076888
8590; 0,01171875; 0,01171875; 548,1428571428571; 0,09105365
8591; 0,01171875; 0,01171875; 548,3035714285714; 0,09108035
8592; 0,01171875; 0,01171875; 548,8928571428571; 0,091178246
8593; 0,01171875; 0,01171875; 549,0178571428571; 0,09119899
8594; 0,01171875; 0,01171875; 549,0; 0,091196015
8595; 0,01171875; 0,01171875; 550,5892857142857; 0,09146003
8596; 0,01171875; 0,01171875; 548,9107142857143; 0,0911812
8597; 0,01171875; 0,01171875; 550,3571428571429; 0,09142146
8598; 0,01171875; 0,01171875; 550,0178571428571; 0,091365084
8599; 0,01171875; 0,01171875; 549,0535714285714; 0,09120492
8600; 0,01171875; 0,01171875; 548,7857142857143; 0,091160424
8601; 0,01171875; 0,01171875; 549,4107142857143; 0,09126424
8602; 0,01171875; 0,01171875; 549,5892857142857; 0,09129392
8603; 0,01171875; 0,01171875; 548,4285714285714; 0,0911011
8604; 0,01171875; 0,01171875; 547,6428571428571; 0,09097056
8605; 0,01171875; 0,01171875; 549,0; 0,091196015
8606; 0,01171875; 0,01171875; 548,6785714285714; 0,09114261
8607; 0,01171875; 0,01171875; 547,8928571428571; 0,0910121
8608; 0,01171875; 0,01171875; 549,9107142857143; 0,09134729
8609; 0,01171875; 0,01171875; 549,5714285714286; 0,09129096
8610; 0,01171875; 0,01171875; 549,4285714285714; 0,09126721
8611; 0,01171875; 0,01171875; 550,6607142857143; 0,091471896
8612; 0,01171875; 0,01171875; 549,5; 0,091279075
8613; 0,01171875; 0,01171875; 548,5178571428571; 0,091115944
8614; 0,01171875; 0,01171875; 551,0714285714286; 0,09154011
8615; 0,01171875; 0,01171875; 549,9107142857143; 0,091347314
8616; 0,01171875; 0,01171875; 550,4464285714286; 0,09143629
8617; 0,01171875; 0,01171875; 550,1964285714286; 0,091394775
8618; 0,01171875; 0,01171875; 550,4285714285714; 0,091433324
8619; 0,01171875; 0,01171875; 549,6785714285714; 0,09130872
8620; 0,01171875; 0,01171875; 549,8392857142857; 0,09133542
8621; 0,01171875; 0,01171875; 549,3035714285714; 0,09124645
8622; 0,01171875; 0,01171875; 549,9642857142857; 0,091356196
8623; 0,01171875; 0,01171875; 549,2857142857143; 0,09124349
8624; 0,01171875; 0,01171875; 550,4642857142857; 0,09143927
8625; 0,01171875; 0,01171875; 550,3035714285714; 0,09141256
8626; 0,01171875; 0,01171875; 549,8571428571429; 0,09133839
8627; 0,01171875; 0,01171875; 549,8571428571429; 0,09133842
8628; 0,01171875; 0,01171875; 549,9821428571429; 0,09135916
8629; 0,01171875; 0,01171875; 549,875; 0,09134137
8630; 0,01171875; 0,01171875; 549,5178571428571; 0,09128205
8631; 0,01171875; 0,01171875; 549,9642857142857; 0,0913562
8632; 0,01171875; 0,01171875; 549,5178571428571; 0,091282055
8633; 0,01171875; 0,01171875; 550,9464285714286; 0,09151935
8634; 0,01171875; 0,01171875; 550,6785714285714; 0,091474846
8635; 0,01171875; 0,01171875; 549,1071428571429; 0,09121382
8636; 0,01171875; 0,01171875; 550,2678571428571; 0,09140662
8637; 0,01171875; 0,01171875; 550,2142857142857; 0,09139774
8638; 0,01171875; 0,01171875; 550,5; 0,09144519
8639; 0,01171875; 0,01171875; 550,3928571428571; 0,09142739
8640; 0,01171875; 0,01171875; 549,9107142857143; 0,091347314
8641; 0,01171875; 0,01171875; 549,0357142857143; 0,09120195
8642; 0,01171875; 0,01171875; 550,5357142857143; 0,09145112
8643; 0,01171875; 0,01171875; 549,9642857142857; 0,091356196
8644; 0,01171875; 0,01171875; 549,125; 0,09121679
8645; 0,01171875; 0,01171875; 549,6428571428571; 0,09130282
8646; 0,01171875; 0,01171875; 550,1607142857143; 0,091388844
8647; 0,01171875; 0,01171875; 549,9285714285714; 0,09135027
8648; 0,01171875; 0,01171875; 549,9821428571429; 0,091359146
8649; 0,01171875; 0,01171875; 549,7857142857143; 0,09132655
8650; 0,01171875; 0,01171875; 549,4464285714286; 0,09127019
8651; 0,01171875; 0,01171875; 550,0535714285714; 0,09137105
8652; 0,01171875; 0,01171875; 549,1785714285714; 0,09122569
8653; 0,01171875; 0,01171875; 549,375; 0,0912583
8654; 0,01171875; 0,01171875; 549,8571428571429; 0,09133841
8655; 0,01171875; 0,01171875; 548,4107142857143; 0,09109813
8656; 0,01171875; 0,01171875; 549,7321428571429; 0,09131765
8657; 0,01171875; 0,01171875; 549,8571428571429; 0,0913384
8658; 0,01171875; 0,01171875; 549,3571428571429; 0,091255344
8659; 0,01171875; 0,01171875; 549,1964285714286; 0,091228664
8660; 0,01171875; 0,01171875; 549,5357142857143; 0,091285005
8661; 0,01171875; 0,01171875; 550,1071428571429; 0,09137994
8662; 0,01171875; 0,01171875; 549,4642857142857; 0,09127314
8663; 0,01171875; 0,01171875; 549,9642857142857; 0,09135622
8664; 0,01171875; 0,01171875; 550,2857142857143; 0,09140958
8665; 0,01171875; 0,01171875; 549,9107142857143; 0,09134732
8666; 0,01171875; 0,01171875; 550,7321428571429; 0,09148375
8667; 0,01171875; 0,01171875; 549,5892857142857; 0,09129391
8668; 0,01171875; 0,01171875; 549,1785714285714; 0,09122568
8669; 0,01171875; 0,01171875; 549,25; 0,09123756
8670; 0,01171875; 0,01171875; 549,9107142857143; 0,091347314
8671; 0,01171875; 0,01171875; 549,4285714285714; 0,09126721
8672; 0,01171875; 0,01171875; 549,5178571428571; 0,091282025
8673; 0,01171875; 0,01171875; 550,2857142857143; 0,0914096
8674; 0,01171875; 0,01171875; 550,5357142857143; 0,09145113
8675; 0,01171875; 0,01171875; 549,7678571428571; 0,09132357
8676; 0,01171875; 0,01171875; 549,6607142857143; 0,09130577
8677; 0,01171875; 0,01171875; 550,1428571428571; 0,09138588
8678; 0,01171875; 0,01171875; 550,2321428571429; 0,09140069
8679; 0,01171875; 0,01171875; 549,8035714285714; 0,09132951
8680; 0,01171875; 0,01171875; 550,4464285714286; 0,09143629
8681; 0,01171875; 0,01171875; 549,4464285714286; 0,09127017
8682; 0,01171875; 0,01171875; 550,3571428571429; 0,09142147
8683; 0,01171875; 0,01171875; 550,1428571428571; 0,09138588
8684; 0,01171875; 0,01171875; 550,0892857142857; 0,09137696
8685; 0,01171875; 0,01171875; 549,7857142857143; 0,091326535
8686; 0,01171875; 0,01171875; 549,0; 0,09119602
8687; 0,01171875; 0,01171875; 550,375; 0,09142441
8688; 0,01171875; 0,01171875; 549,375; 0,091258325
8689; 0,01171875; 0,01171875; 550,3571428571429; 0,09142146
8690; 0,01171875; 0,01171875; 549,5535714285714; 0,09128798
8691; 0,01171875; 0,01171875; 550,5535714285714; 0,09145408
8692; 0,01171875; 0,01171875; 549,8035714285714; 0,091329515
8693; 0,01171875; 0,01171875; 548,4642857142857; 0,091107026
8694; 0,01171875; 0,01171875; 549,7321428571429; 0,09131764
8695; 0,01171875; 0,01171875; 548,3928571428571; 0,09109517
8696; 0,01171875; 0,01171875; 549,9821428571429; 0,091359176
8697; 0,01171875; 0,01171875; 549,9107142857143; 0,09134732
8698; 0,01171875; 0,01171875; 550,4821428571429; 0,09144221
8699; 0,01171875; 0,01171875; 549,1964285714286; 0,09122863
8700; 0,01171875; 0,01171875; 550,0178571428571; 0,0913651
8701; 0,01171875; 0,01171875; 550,0; 0,09136214
8702; 0,01171875; 0,01171875; 550,5178571428571; 0,091448165
8703; 0,01171875; 0,01171875; 550,0535714285714; 0,091371045
8704; 0,01171875; 0,01171875; 550,8571428571429; 0,09150451
8705; 0,01171875; 0,01171875; 549,6428571428571; 0,09130282
8706; 0,01171875; 0,01171875; 550,4642857142857; 0,091439255
8707; 0,01171875; 0,01171875; 550,2678571428571; 0,09140662
8708; 0,01171875; 0,01171875; 550,4464285714286; 0,09143631
8709; 0,01171875; 0,01171875; 549,9642857142857; 0,091356225
8710; 0,01171875; 0,01171875; 550,5357142857143; 0,09145112
8711; 0,01171875; 0,01171875; 551,6607142857143; 0,09163801
8712; 0,01171875; 0,01171875; 549,8214285714286; 0,09133247
8713; 0,01171875; 0,01171875; 551,0178571428571; 0,09153122
8714; 0,01171875; 0,01171875; 549,9464285714286; 0,09135323
8715; 0,01171875; 0,01171875; 550,75; 0,091486715
8716; 0,01171875; 0,01171875; 549,0; 0,091196015
8717; 0,01171875; 0,01171875; 549,9821428571429; 0,09135915
8718; 0,01171875; 0,01171875; 550,0357142857143; 0,09136807
8719; 0,01171875; 0,01171875; 549,6071428571429; 0,09129689
8720; 0,01171875; 0,01171875; 549,9821428571429; 0,091359176
8721; 0,01171875; 0,01171875; 550,2678571428571; 0,091406636
8722; 0,01171875; 0,01171875; 549,2321428571429; 0,09123458
8723; 0,01171875; 0,01171875; 550,1785714285714; 0,0913918
8724; 0,01171875; 0,01171875; 549,7678571428571; 0,09132356
8725; 0,01171875; 0,01171875; 550,1071428571429; 0,09137994
8726; 0,01171875; 0,01171875; 550,5714285714286; 0,09145705
8727; 0,01171875; 0,01171875; 549,8571428571429; 0,0913384
8728; 0,01171875; 0,01171875; 550,75; 0,09148673
8729; 0,01171875; 0,01171875; 550,1964285714286; 0,09139476
8730; 0,01171875; 0,01171875; 550,7142857142857; 0,09148078
8731; 0,01171875; 0,01171875; 549,1071428571429; 0,09121381
8732; 0,01171875; 0,01171875; 549,9821428571429; 0,091359146
8733; 0,01171875; 0,01171875; 550,6071428571429; 0,091462985
8734; 0,01171875; 0,01171875; 549,5714285714286; 0,09129094
8735; 0,01171875; 0,01171875; 548,2678571428571; 0,0910744
8736; 0,01171875; 0,01171875; 550,2857142857143; 0,09140959
8737; 0,01171875; 0,01171875; 549,6428571428571; 0,09130279
8738; 0,01171875; 0,01171875; 550,2321428571429; 0,0914007
8739; 0,01171875; 0,01171875; 550,0178571428571; 0,091365114
8740; 0,01171875; 0,01171875; 549,875; 0,091341384
8741; 0,01171875; 0,01171875; 550,2857142857143; 0,09140961
8742; 0,01171875; 0,01171875; 549,2857142857143; 0,09124349
8743; 0,01171875; 0,01171875; 550,2857142857143; 0,09140959
8744; 0,01171875; 0,01171875; 550,4642857142857; 0,09143925
8745; 0,01171875; 0,01171875; 550,3928571428571; 0,0914274
8746; 0,01171875; 0,01171875; 550,4285714285714; 0,09143333
8747; 0,01171875; 0,01171875; 550,375; 0,09142441
8748; 0,01171875; 0,01171875; 550,3571428571429; 0,09142144
8749; 0,01171875; 0,01171875; 550,0357142857143; 0,091368064
8750; 0,01171875; 0,01171875; 550,0178571428571; 0,09136511
8751; 0,01171875; 0,01171875; 550,3035714285714; 0,09141255
8752; 0,01171875; 0,01171875; 549,2678571428571; 0,09124051
8753; 0,01171875; 0,01171875; 550,0357142857143; 0,091368064
8754; 0,01171875; 0,01171875; 549,875; 0,09134138
8755; 0,01171875; 0,01171875; 550,0714285714286; 0,091374
8756; 0,01171875; 0,01171875; 550,7142857142857; 0,091480784
8757; 0,01171875; 0,01171875; 550,2678571428571; 0,091406636
8758; 0,01171875; 0,01171875; 550,6607142857143; 0,0914719
8759; 0,01171875; 0,01171875; 549,3928571428571; 0,09126129
8760; 0,01171875; 0,01171875; 551,2142857142857; 0,09156386
8761; 0,01171875; 0,01171875; 549,4821428571429; 0,091276124
8762; 0,01171875; 0,01171875; 550,2321428571429; 0,09140069
8763; 0,01171875; 0,01171875; 548,4464285714286; 0,091104075
8764; 0,01171875; 0,01171875; 550,1607142857143; 0,09138883
8765; 0,01171875; 0,01171875; 548,7678571428571; 0,09115746
8766; 0,01171875; 0,01171875; 550,4642857142857; 0,091439255
8767; 0,01171875; 0,01171875; 550,8035714285714; 0,09149563
8768; 0,01171875; 0,01171875; 549,6785714285714; 0,09130875
8769; 0,01171875; 0,01171875; 548,7678571428571; 0,09115746
8770; 0,01171875; 0,01171875; 549,5892857142857; 0,09129391
8771; 0,01171875; 0,01171875; 549,9464285714286; 0,091353245
8772; 0,01171875; 0,01171875; 549,7857142857143; 0,09132653
8773; 0,01171875; 0,01171875; 550,1607142857143; 0,09138883
8774; 0,01171875; 0,01171875; 550,3928571428571; 0,091427386
8775; 0,01171875; 0,01171875; 550,375; 0,09142444
8776; 0,01171875; 0,01171875; 550,3035714285714; 0,09141257
8777; 0,01171875; 0,01171875; 549,6428571428571; 0,091302805
8778; 0,01171875; 0,01171875; 550,1785714285714; 0,09139181
8779; 0,01171875; 0,01171875; 550,2142857142857; 0,091397725
8780; 0,01171875; 0,01171875; 549,9464285714286; 0,09135325
8781; 0,01171875; 0,01171875; 550,9107142857143; 0,09151341
8782; 0,01171875; 0,01171875; 551,125; 0,091549024
8783; 0,01171875; 0,01171875; 549,5892857142857; 0,091293916
8784; 0,01171875; 0,01171875; 550,25; 0,09140366
8785; 0,01171875; 0,01171875; 550,2321428571429; 0,09140068
8786; 0,01171875; 0,01171875; 549,0357142857143; 0,09120194
8787; 0,01171875; 0,01171875; 550,3928571428571; 0,0914274
8788; 0,01171875; 0,01171875; 548,5714285714286; 0,09112484
8789; 0,01171875; 0,01171875; 549,8035714285714; 0,09132948
8790; 0,01171875; 0,01171875; 549,0178571428571; 0,09119899
8791; 0,01171875; 0,01171875; 552,2142857142857; 0,091729954
8792; 0,01171875; 0,01171875; 550,0892857142857; 0,09137696
8793; 0,01171875; 0,01171875; 550,0714285714286; 0,091373995
8794; 0,01171875; 0,01171875; 550,0535714285714; 0,09137104
8795; 0,01171875; 0,01171875; 550,0178571428571; 0,091365114
8796; 0,01171875; 0,01171875; 549,6785714285714; 0,09130873
8797; 0,01171875; 0,01171875; 549,6785714285714; 0,09130875
8798; 0,01171875; 0,01171875; 550,1071428571429; 0,09137992
8799; 0,01171875; 0,01171875; 550,3214285714286; 0,09141553
8800; 0,01171875; 0,01171875; 550,4821428571429; 0,09144222
8801; 0,01171875; 0,01171875; 549,625; 0,09129984
8802; 0,01171875; 0,01171875; 550,9821428571429; 0,09152527
8803; 0,01171875; 0,01171875; 549,0; 0,09119602
8804; 0,01171875; 0,01171875; 549,5892857142857; 0,09129391
8805; 0,01171875; 0,01171875; 550,25; 0,09140366
8806; 0,01171875; 0,01171875; 550,2142857142857; 0,091397725
8807; 0,01171875; 0,01171875; 549,375; 0,09125833
8808; 0,01171875; 0,01171875; 550,5714285714286; 0,091457054
8809; 0,01171875; 0,01171875; 549,9285714285714; 0,09135027
8810; 0,01171875; 0,01171875; 550,0892857142857; 0,091376975
8811; 0,01171875; 0,01171875; 549,8214285714286; 0,09133247
8812; 0,01171875; 0,01171875; 549,4107142857143; 0,09126424
8813; 0,01171875; 0,01171875; 550,5178571428571; 0,09144815
8814; 0,01171875; 0,01171875; 550,6071428571429; 0,09146299
8815; 0,01171875; 0,01171875; 549,7857142857143; 0,091326535
8816; 0,01171875; 0,01171875; 550,0178571428571; 0,0913651
8817; 0,01171875; 0,01171875; 549,5892857142857; 0,09129391
8818; 0,01171875; 0,01171875; 550,4642857142857; 0,091439255
8819; 0,01171875; 0,01171875; 550,8571428571429; 0,09150452
8820; 0,01171875; 0,01171875; 550,0535714285714; 0,091371015
8821; 0,01171875; 0,01171875; 550,2857142857143; 0,09140959
8822; 0,01171875; 0,01171875; 550,0; 0,09136214
8823; 0,01171875; 0,01171875; 550,1428571428571; 0,09138586
8824; 0,01171875; 0,01171875; 549,9464285714286; 0,09135325
8825; 0,01171875; 0,01171875; 550,3214285714286; 0,09141553
8826; 0,01171875; 0,01171875; 550,0178571428571; 0,0913651
8827; 0,01171875; 0,01171875; 549,4642857142857; 0,091273144
8828; 0,01171875; 0,01171875; 549,9285714285714; 0,09135027
8829; 0,01171875; 0,01171875; 550,0178571428571; 0,0913651
8830; 0,01171875; 0,01171875; 549,9642857142857; 0,0913562
8831; 0,01171875; 0,01171875; 549,5; 0,09127909
8832; 0,01171875; 0,01171875; 550,1428571428571; 0,091385856
8833; 0,01171875; 0,01171875; 548,9642857142857; 0,0911901
8834; 0,01171875; 0,01171875; 549,7678571428571; 0,09132356
8835; 0,01171875; 0,01171875; 549,8214285714286; 0,09133247
8836; 0,01171875; 0,01171875; 550,5535714285714; 0,091454096
8837; 0,01171875; 0,01171875; 550,3392857142857; 0,0914185
8838; 0,01171875; 0,01171875; 549,25; 0,09123754
8839; 0,01171875; 0,01171875; 549,4285714285714; 0,09126721
8840; 0,01171875; 0,01171875; 550,9285714285714; 0,09151638
8841; 0,01171875; 0,01171875; 549,1964285714286; 0,091228664
8842; 0,01171875; 0,01171875; 549,9464285714286; 0,091353245
8843; 0,01171875; 0,01171875; 549,5178571428571; 0,09128205
8844; 0,01171875; 0,01171875; 550,3214285714286; 0,09141552
8845; 0,01171875; 0,01171875; 549,8571428571429; 0,09133842
8846; 0,01171875; 0,01171875; 550,9464285714286; 0,09151934
8847; 0,01171875; 0,01171875; 549,3214285714286; 0,0912494
8848; 0,01171875; 0,01171875; 550,4642857142857; 0,091439255
8849; 0,01171875; 0,01171875; 549,9107142857143; 0,09134729
8850; 0,01171875; 0,01171875; 549,0535714285714; 0,09120492
8851; 0,01171875; 0,01171875; 550,2321428571429; 0,09140073
8852; 0,01171875; 0,01171875; 550,1607142857143; 0,09138882
8853; 0,01171875; 0,01171875; 549,4107142857143; 0,09126424
8854; 0,01171875; 0,01171875; 549,5178571428571; 0,09128203
8855; 0,01171875; 0,01171875; 550,2142857142857; 0,091397725
8856; 0,01171875; 0,01171875; 550,0; 0,09136214
8857; 0,01171875; 0,01171875; 549,9464285714286; 0,09135323
8858; 0,01171875; 0,01171875; 550,4821428571429; 0,09144222
8859; 0,01171875; 0,01171875; 550,1071428571429; 0,091379926
8860; 0,01171875; 0,01171875; 547,0357142857143; 0,09086972
8861; 0,01171875; 0,01171875; 550,25; 0,091403656
8862; 0,01171875; 0,01171875; 550,3214285714286; 0,091415524
8863; 0,01171875; 0,01171875; 549,7321428571429; 0,09131764
8864; 0,01171875; 0,01171875; 550,3392857142857; 0,0914185
8865; 0,01171875; 0,01171875; 550,3392857142857; 0,0914185
8866; 0,01171875; 0,01171875; 550,1607142857143; 0,09138884
8867; 0,01171875; 0,01171875; 550,5357142857143; 0,091451116
8868; 0,01171875; 0,01171875; 550,4464285714286; 0,09143629
8869; 0,01171875; 0,01171875; 549,6607142857143; 0,09130577
8870; 0,01171875; 0,01171875; 549,8928571428571; 0,09134436
8871; 0,01171875; 0,01171875; 549,3392857142857; 0,09125237
8872; 0,01171875; 0,01171875; 549,375; 0,0912583
8873; 0,01171875; 0,01171875; 549,8392857142857; 0,09133542
8874; 0,01171875; 0,01171875; 550,1071428571429; 0,09137994
8875; 0,01171875; 0,01171875; 550,1071428571429; 0,09137994
8876; 0,01171875; 0,01171875; 549,9642857142857; 0,0913562
8877; 0,01171875; 0,01171875; 550,4285714285714; 0,09143333
8878; 0,01171875; 0,01171875; 549,9107142857143; 0,0913473
8879; 0,01171875; 0,01171875; 549,9464285714286; 0,091353215
8880; 0,01171875; 0,01171875; 550,6071428571429; 0,091462985
8881; 0,01171875; 0,01171875; 550,8035714285714; 0,09149561
8882; 0,01171875; 0,01171875; 549,875; 0,091341384
8883; 0,01171875; 0,01171875; 549,6428571428571; 0,09130281
8884; 0,01171875; 0,01171875; 550,3928571428571; 0,09142739
8885; 0,01171875; 0,01171875; 550,5535714285714; 0,09145408
8886; 0,01171875; 0,01171875; 549,2142857142857; 0,0912316
8887; 0,01171875; 0,01171875; 549,7142857142857; 0,09131468
8888; 0,01171875; 0,01171875; 549,4464285714286; 0,091270156
8889; 0,01171875; 0,01171875; 550,3035714285714; 0,09141257
8890; 0,01171875; 0,01171875; 550,0714285714286; 0,091374
8891; 0,01171875; 0,01171875; 550,0; 0,09136214
8892; 0,01171875; 0,01171875; 550,5178571428571; 0,09144817
8893; 0,01171875; 0,01171875; 549,7321428571429; 0,091317646
8894; 0,01171875; 0,01171875; 549,8571428571429; 0,09133839
8895; 0,01171875; 0,01171875; 550,2678571428571; 0,09140663
8896; 0,01171875; 0,01171875; 549,5; 0,091279075
8897; 0,01171875; 0,01171875; 550,0535714285714; 0,091371045
8898; 0,01171875; 0,01171875; 550,6428571428571; 0,09146892
8899; 0,01171875; 0,01171875; 550,1607142857143; 0,091388844
8900; 0,01171875; 0,01171875; 549,4285714285714; 0,09126721
8901; 0,01171875; 0,01171875; 549,7321428571429; 0,091317646
8902; 0,01171875; 0,01171875; 551,2321428571429; 0,0915668
8903; 0,01171875; 0,01171875; 549,6964285714286; 0,091311716
8904; 0,01171875; 0,01171875; 549,6071428571429; 0,09129687
8905; 0,01171875; 0,01171875; 550,6428571428571; 0,091468915
8906; 0,01171875; 0,01171875; 549,0892857142857; 0,091210864
8907; 0,01171875; 0,01171875; 550,1428571428571; 0,09138585
8908; 0,01171875; 0,01171875; 550,25; 0,09140367
8909; 0,01171875; 0,01171875; 550,3214285714286; 0,091415524
8910; 0,01171875; 0,01171875; 550,2857142857143; 0,09140959
8911; 0,01171875; 0,01171875; 548,9642857142857; 0,091190085
8912; 0,01171875; 0,01171875; 549,8571428571429; 0,0913384
8913; 0,01171875; 0,01171875; 549,5535714285714; 0,09128797
8914; 0,01171875; 0,01171875; 549,3571428571429; 0,09125535
8915; 0,01171875; 0,01171875; 550,2857142857143; 0,09140961
8916; 0,01171875; 0,01171875; 549,1071428571429; 0,09121382
8917; 0,01171875; 0,01171875; 550,2321428571429; 0,0914007
8918; 0,01171875; 0,01171875; 551,6964285714286; 0,09164394
8919; 0,01171875; 0,01171875; 549,4107142857143; 0,091264255
8920; 0,01171875; 0,01171875; 550,4821428571429; 0,09144222
8921; 0,01171875; 0,01171875; 547,6428571428571; 0,09097059
8922; 0,01171875; 0,01171875; 549,7321428571429; 0,09131764
8923; 0,01171875; 0,01171875; 549,0178571428571; 0,09119898
8924; 0,01171875; 0,01171875; 550,2857142857143; 0,09140957
8925; 0,01171875; 0,01171875; 550,125; 0,0913829
8926; 0,01171875; 0,01171875; 550,25; 0,09140366
8927; 0,01171875; 0,01171875; 550,3571428571429; 0,09142147
8928; 0,01171875; 0,01171875; 550,2678571428571; 0,09140662
8929; 0,01171875; 0,01171875; 548,8928571428571; 0,09117822
8930; 0,01171875; 0,01171875; 549,6071428571429; 0,091296874
8931; 0,01171875; 0,01171875; 550,0714285714286; 0,091373995
8932; 0,01171875; 0,01171875; 551,4642857142857; 0,09160538
8933; 0,01171875; 0,01171875; 548,9821428571429; 0,091193065
8934; 0,01171875; 0,01171875; 550,6964285714286; 0,091477826
8935; 0,01171875; 0,01171875; 550,3214285714286; 0,09141553
8936; 0,01171875; 0,01171875; 550,6071428571429; 0,09146299
8937; 0,01171875; 0,01171875; 548,9642857142857; 0,09119009
8938; 0,01171875; 0,01171875; 550,9642857142857; 0,09152233
8939; 0,01171875; 0,01171875; 550,1607142857143; 0,09138884
8940; 0,01171875; 0,01171875; 549,7321428571429; 0,09131764
8941; 0,01171875; 0,01171875; 550,3928571428571; 0,0914274
8942; 0,01171875; 0,01171875; 550,2321428571429; 0,091400705
8943; 0,01171875; 0,01171875; 549,3392857142857; 0,09125237
8944; 0,01171875; 0,01171875; 550,3571428571429; 0,09142145
8945; 0,01171875; 0,01171875; 550,1785714285714; 0,091391794
8946; 0,01171875; 0,01171875; 548,6785714285714; 0,09114261
8947; 0,01171875; 0,01171875; 550,0714285714286; 0,09137399
8948; 0,01171875; 0,01171875; 550,4285714285714; 0,091433324
8949; 0,01171875; 0,01171875; 550,0357142857143; 0,09136807
8950; 0,01171875; 0,01171875; 549,0; 0,091196015
8951; 0,01171875; 0,01171875; 549,0357142857143; 0,09120195
8952; 0,01171875; 0,01171875; 548,625; 0,09113373
8953; 0,01171875; 0,01171875; 550,6964285714286; 0,091477826
8954; 0,01171875; 0,01171875; 549,7321428571429; 0,09131764
8955; 0,01171875; 0,01171875; 549,75; 0,09132062
8956; 0,01171875; 0,01171875; 549,9464285714286; 0,09135323
8957; 0,01171875; 0,01171875; 549,5892857142857; 0,091293916
8958; 0,01171875; 0,01171875; 549,875; 0,09134137
8959; 0,01171875; 0,01171875; 549,5535714285714; 0,09128798
8960; 0,01171875; 0,01171875; 549,4642857142857; 0,091273166
8961; 0,01171875; 0,01171875; 550,3571428571429; 0,09142147
8962; 0,01171875; 0,01171875; 550,6071428571429; 0,09146299
8963; 0,01171875; 0,01171875; 550,0714285714286; 0,091373995
8964; 0,01171875; 0,01171875; 549,6071428571429; 0,0912969
8965; 0,01171875; 0,01171875; 549,3928571428571; 0,09126129
8966; 0,01171875; 0,01171875; 549,9285714285714; 0,09135024
8967; 0,01171875; 0,01171875; 550,6428571428571; 0,091468915
8968; 0,01171875; 0,01171875; 549,9821428571429; 0,091359176
8969; 0,01171875; 0,01171875; 549,0892857142857; 0,09121085
8970; 0,01171875; 0,01171875; 550,2857142857143; 0,09140959
8971; 0,01171875; 0,01171875; 549,3928571428571; 0,091261275
8972; 0,01171875; 0,01171875; 550,2321428571429; 0,0914007
8973; 0,01171875; 0,01171875; 548,6785714285714; 0,09114262
8974; 0,01171875; 0,01171875; 548,8392857142857; 0,091169335
8975; 0,01171875; 0,01171875; 550,0535714285714; 0,091371045
8976; 0,01171875; 0,01171875; 550,0714285714286; 0,091374
8977; 0,01171875; 0,01171875; 550,7857142857143; 0,091492645
8978; 0,01171875; 0,01171875; 548,4285714285714; 0,09110111
8979; 0,01171875; 0,01171875; 549,7321428571429; 0,091317646
8980; 0,01171875; 0,01171875; 549,4642857142857; 0,09127314
8981; 0,01171875; 0,01171875; 549,0535714285714; 0,09120493
8982; 0,01171875; 0,01171875; 550,2678571428571; 0,09140662
8983; 0,01171875; 0,01171875; 549,9464285714286; 0,091353245
8984; 0,01171875; 0,01171875; 550,5535714285714; 0,09145408
8985; 0,01171875; 0,01171875; 550,5535714285714; 0,09145408
8986; 0,01171875; 0,01171875; 550,125; 0,0913829
8987; 0,01171875; 0,01171875; 549,5892857142857; 0,091293916
8988; 0,01171875; 0,01171875; 550,1785714285714; 0,0913918
8989; 0,01171875; 0,01171875; 549,4642857142857; 0,09127314
8990; 0,01171875; 0,01171875; 550,0357142857143; 0,09136807
8991; 0,01171875; 0,01171875; 548,1964285714286; 0,09106254
8992; 0,01171875; 0,01171875; 550,4464285714286; 0,09143631
8993; 0,01171875; 0,01171875; 550,0; 0,09136213
8994; 0,01171875; 0,01171875; 548,75; 0,0911545
8995; 0,01171875; 0,01171875; 550,0357142857143; 0,09136807
8996; 0,01171875; 0,01171875; 550,0357142857143; 0,091368064
8997; 0,01171875; 0,01171875; 550,1785714285714; 0,091391794
8998; 0,01171875; 0,01171875; 550,6428571428571; 0,09146893
8999; 0,01171875; 0,01171875; 549,3571428571429; 0,09125532
9000; 0,01171875; 0,01171875; 550,3035714285714; 0,09141255
9001; 0,01171875; 0,01171875; 550,3571428571429; 0,09142147
9002; 0,01171875; 0,01171875; 549,8928571428571; 0,09134435
9003; 0,01171875; 0,01171875; 549,6428571428571; 0,09130281
9004; 0,01171875; 0,01171875; 549,7678571428571; 0,09132357
9005; 0,01171875; 0,01171875; 550,4285714285714; 0,091433324
9006; 0,01171875; 0,01171875; 550,1428571428571; 0,09138586
9007; 0,01171875; 0,01171875; 550,9107142857143; 0,09151342
9008; 0,01171875; 0,01171875; 550,3392857142857; 0,0914185
9009; 0,01171875; 0,01171875; 550,1964285714286; 0,09139477
9010; 0,01171875; 0,01171875; 550,1071428571429; 0,09137993
9011; 0,01171875; 0,01171875; 548,1607142857143; 0,091056585
9012; 0,01171875; 0,01171875; 550,625; 0,09146597
9013; 0,01171875; 0,01171875; 549,375; 0,091258325
9014; 0,01171875; 0,01171875; 550,1071428571429; 0,09137994
9015; 0,01171875; 0,01171875; 550,4821428571429; 0,09144222
9016; 0,01171875; 0,01171875; 550,5892857142857; 0,09146001
9017; 0,01171875; 0,01171875; 551,1428571428571; 0,091551974
9018; 0,01171875; 0,01171875; 549,1607142857143; 0,09122272
9019; 0,01171875; 0,01171875; 549,7142857142857; 0,09131467
9020; 0,01171875; 0,01171875; 550,3035714285714; 0,09141257
9021; 0,01171875; 0,01171875; 550,2321428571429; 0,0914007
9022; 0,01171875; 0,01171875; 550,2857142857143; 0,09140961
9023; 0,01171875; 0,01171875; 547,8214285714286; 0,09100025
9024; 0,01171875; 0,01171875; 550,875; 0,091507494
9025; 0,01171875; 0,01171875; 550,3571428571429; 0,09142145
9026; 0,01171875; 0,01171875; 548,6964285714286; 0,09114559
9027; 0,01171875; 0,01171875; 549,5535714285714; 0,09128796
9028; 0,01171875; 0,01171875; 550,2857142857143; 0,09140959
9029; 0,01171875; 0,01171875; 549,8571428571429; 0,09133844
9030; 0,01171875; 0,01171875; 550,1785714285714; 0,09139182
9031; 0,01171875; 0,01171875; 548,8928571428571; 0,09117822
9032; 0,01171875; 0,01171875; 549,1785714285714; 0,091225676
9033; 0,01171875; 0,01171875; 549,3214285714286; 0,091249414
9034; 0,01171875; 0,01171875; 550,1964285714286; 0,09139477
9035; 0,01171875; 0,01171875; 550,875; 0,09150749
9036; 0,01171875; 0,01171875; 550,0714285714286; 0,09137402
9037; 0,01171875; 0,01171875; 550,0178571428571; 0,0913651
9038; 0,01171875; 0,01171875; 550,2142857142857; 0,09139774
9039; 0,01171875; 0,01171875; 549,7142857142857; 0,09131468
9040; 0,01171875; 0,01171875; 550,8571428571429; 0,09150451
9041; 0,01171875; 0,01171875; 550,1428571428571; 0,091385856
9042; 0,01171875; 0,01171875; 549,6964285714286; 0,0913117
9043; 0,01171875; 0,01171875; 547,9464285714286; 0,09102102
9044; 0,01171875; 0,01171875; 550,3392857142857; 0,091418505
9045; 0,01171875; 0,01171875; 550,0178571428571; 0,09136509
9046; 0,01171875; 0,01171875; 550,2857142857143; 0,0914096
9047; 0,01171875; 0,01171875; 548,5178571428571; 0,09111594
9048; 0,01171875; 0,01171875; 549,7142857142857; 0,091314666
9049; 0,01171875; 0,01171875; 549,9107142857143; 0,09134732
9050; 0,01171875; 0,01171875; 550,2678571428571; 0,09140662
9051; 0,01171875; 0,01171875; 549,5892857142857; 0,09129391
9052; 0,01171875; 0,01171875; 549,9285714285714; 0,09135026
9053; 0,01171875; 0,01171875; 550,0892857142857; 0,09137697
9054; 0,01171875; 0,01171875; 550,1607142857143; 0,091388814
9055; 0,01171875; 0,01171875; 550,5535714285714; 0,09145409
9056; 0,01171875; 0,01171875; 549,4642857142857; 0,091273166
9057; 0,01171875; 0,01171875; 550,0892857142857; 0,09137698
9058; 0,01171875; 0,01171875; 548,9107142857143; 0,091181174
9059; 0,01171875; 0,01171875; 550,3571428571429; 0,09142147
9060; 0,01171875; 0,01171875; 549,3214285714286; 0,09124943
9061; 0,01171875; 0,01171875; 550,1785714285714; 0,09139179
9062; 0,01171875; 0,01171875; 550,0357142857143; 0,091368064
9063; 0,01171875; 0,01171875; 549,4107142857143; 0,09126426
9064; 0,01171875; 0,01171875; 550,875; 0,09150748
9065; 0,01171875; 0,01171875; 550,0; 0,091362126
9066; 0,01171875; 0,01171875; 550,5714285714286; 0,09145705
9067; 0,01171875; 0,01171875; 550,125; 0,09138288
9068; 0,01171875; 0,01171875; 548,0892857142857; 0,09104474
9069; 0,01171875; 0,01171875; 549,375; 0,091258325
9070; 0,01171875; 0,01171875; 546,8214285714286; 0,09083413
9071; 0,01171875; 0,01171875; 548,125; 0,09105067
9072; 0,01171875; 0,01171875; 549,1607142857143; 0,091222726
9073; 0,01171875; 0,01171875; 550,375; 0,09142444
9074; 0,01171875; 0,01171875; 549,5714285714286; 0,091290936
9075; 0,01171875; 0,01171875; 550,2321428571429; 0,0914007
9076; 0,01171875; 0,01171875; 550,5357142857143; 0,091451116
9077; 0,01171875; 0,01171875; 550,2678571428571; 0,09140663
9078; 0,01171875; 0,01171875; 550,1071428571429; 0,09137993
9079; 0,01171875; 0,01171875; 549,4642857142857; 0,091273144
9080; 0,01171875; 0,01171875; 550,8035714285714; 0,09149562
9081; 0,01171875; 0,01171875; 549,4642857142857; 0,091273166
9082; 0,01171875; 0,01171875; 549,3571428571429; 0,091255344
9083; 0,01171875; 0,01171875; 551,5714285714286; 0,09162317
9084; 0,01171875; 0,01171875; 549,6785714285714; 0,09130873
9085; 0,01171875; 0,01171875; 550,3571428571429; 0,09142145
9086; 0,01171875; 0,01171875; 549,6428571428571; 0,091302805
9087; 0,01171875; 0,01171875; 549,9107142857143; 0,09134732
9088; 0,01171875; 0,01171875; 550,5535714285714; 0,09145408
9089; 0,01171875; 0,01171875; 549,6428571428571; 0,09130281
9090; 0,01171875; 0,01171875; 549,7321428571429; 0,09131763
9091; 0,01171875; 0,01171875; 550,2321428571429; 0,0914007
9092; 0,01171875; 0,01171875; 548,3214285714286; 0,091083296
9093; 0,01171875; 0,01171875; 549,8392857142857; 0,09133546
9094; 0,01171875; 0,01171875; 549,9464285714286; 0,09135324
9095; 0,01171875; 0,01171875; 549,8035714285714; 0,091329515
9096; 0,01171875; 0,01171875; 550,6071428571429; 0,091463014
9097; 0,01171875; 0,01171875; 550,6071428571429; 0,09146298
9098; 0,01171875; 0,01171875; 549,7142857142857; 0,09131467
9099; 0,01171875; 0,01171875; 549,4285714285714; 0,09126721
9100; 0,01171875; 0,01171875; 549,5; 0,0912791
9101; 0,01171875; 0,01171875; 549,3571428571429; 0,09125535
9102; 0,01171875; 0,01171875; 549,6071428571429; 0,091296874
9103; 0,01171875; 0,01171875; 549,4285714285714; 0,09126721
9104; 0,01171875; 0,01171875; 550,3035714285714; 0,09141256
9105; 0,01171875; 0,01171875; 549,6428571428571; 0,0913028
9106; 0,01171875; 0,01171875; 549,5535714285714; 0,09128797
9107; 0,01171875; 0,01171875; 550,6071428571429; 0,09146298
9108; 0,01171875; 0,01171875; 550,7678571428571; 0,09148968
9109; 0,01171875; 0,01171875; 549,75; 0,0913206
9110; 0,01171875; 0,01171875; 549,9285714285714; 0,091350265
9111; 0,01171875; 0,01171875; 549,375; 0,091258325
9112; 0,01171875; 0,01171875; 550,4107142857143; 0,09143036
9113; 0,01171875; 0,01171875; 548,4642857142857; 0,09110702
9114; 0,01171875; 0,01171875; 549,8928571428571; 0,09134435
9115; 0,01171875; 0,01171875; 549,625; 0,09129984
9116; 0,01171875; 0,01171875; 549,375; 0,091258325
9117; 0,01171875; 0,01171875; 550,5357142857143; 0,09145113
9118; 0,01171875; 0,01171875; 549,5714285714286; 0,09129096
9119; 0,01171875; 0,01171875; 549,0714285714286; 0,0912079
9120; 0,01171875; 0,01171875; 548,8392857142857; 0,09116932
9121; 0,01171875; 0,01171875; 550,0; 0,09136212
9122; 0,01171875; 0,01171875; 550,4642857142857; 0,091439284
9123; 0,01171875; 0,01171875; 550,5178571428571; 0,09144814
9124; 0,01171875; 0,01171875; 550,1428571428571; 0,09138585
9125; 0,01171875; 0,01171875; 550,625; 0,09146595
9126; 0,01171875; 0,01171875; 548,9107142857143; 0,09118118
9127; 0,01171875; 0,01171875; 550,3928571428571; 0,09142741
9128; 0,01171875; 0,01171875; 549,5357142857143; 0,091285
9129; 0,01171875; 0,01171875; 550,5535714285714; 0,091454096
9130; 0,01171875; 0,01171875; 549,3035714285714; 0,09124644
9131; 0,01171875; 0,01171875; 550,4821428571429; 0,09144223
9132; 0,01171875; 0,01171875; 549,5892857142857; 0,091293894
9133; 0,01171875; 0,01171875; 548,9821428571429; 0,09119307
9134; 0,01171875; 0,01171875; 549,1428571428571; 0,09121977
9135; 0,01171875; 0,01171875; 549,4285714285714; 0,09126721
9136; 0,01171875; 0,01171875; 549,9107142857143; 0,0913473
9137; 0,01171875; 0,01171875; 549,8214285714286; 0,09133249
9138; 0,01171875; 0,01171875; 550,6964285714286; 0,09147782
9139; 0,01171875; 0,01171875; 549,9464285714286; 0,09135323
9140; 0,01171875; 0,01171875; 549,5357142857143; 0,09128501
9141; 0,01171875; 0,01171875; 550,6607142857143; 0,09147189
9142; 0,01171875; 0,01171875; 549,4107142857143; 0,09126425
9143; 0,01171875; 0,01171875; 549,6428571428571; 0,091302805
9144; 0,01171875; 0,01171875; 550,3214285714286; 0,09141553
9145; 0,01171875; 0,01171875; 549,75; 0,09132061
9146; 0,01171875; 0,01171875; 550,3035714285714; 0,09141259
9147; 0,01171875; 0,01171875; 550,1607142857143; 0,091388814
9148; 0,01171875; 0,01171875; 550,2857142857143; 0,09140958
9149; 0,01171875; 0,01171875; 549,6607142857143; 0,09130578
9150; 0,01171875; 0,01171875; 550,625; 0,09146595
9151; 0,01171875; 0,01171875; 549,8928571428571; 0,09134435
9152; 0,01171875; 0,01171875; 550,0178571428571; 0,09136509
9153; 0,01171875; 0,01171875; 549,9107142857143; 0,09134732
9154; 0,01171875; 0,01171875; 550,7142857142857; 0,091480784
9155; 0,01171875; 0,01171875; 549,8392857142857; 0,09133544
9156; 0,01171875; 0,01171875; 550,5178571428571; 0,09144815
9157; 0,01171875; 0,01171875; 550,4464285714286; 0,09143628
9158; 0,01171875; 0,01171875; 549,0178571428571; 0,09119898
9159; 0,01171875; 0,01171875; 550,2321428571429; 0,09140068
9160; 0,01171875; 0,01171875; 549,6607142857143; 0,091305785
9161; 0,01171875; 0,01171875; 550,1607142857143; 0,09138883
9162; 0,01171875; 0,01171875; 550,2857142857143; 0,09140959
9163; 0,01171875; 0,01171875; 549,7678571428571; 0,09132357
9164; 0,01171875; 0,01171875; 550,9285714285714; 0,091516376
9165; 0,01171875; 0,01171875; 549,625; 0,091299824
9166; 0,01171875; 0,01171875; 550,2321428571429; 0,09140069
9167; 0,01171875; 0,01171875; 549,9464285714286; 0,09135324
9168; 0,01171875; 0,01171875; 551,5357142857143; 0,091617234
9169; 0,01171875; 0,01171875; 550,5; 0,09144519
9170; 0,01171875; 0,01171875; 549,8392857142857; 0,09133545
9171; 0,01171875; 0,01171875; 550,2678571428571; 0,09140663
9172; 0,01171875; 0,01171875; 549,0714285714286; 0,091207884
9173; 0,01171875; 0,01171875; 550,25; 0,09140367
9174; 0,01171875; 0,01171875; 550,2142857142857; 0,09139774
9175; 0,01171875; 0,01171875; 551,0892857142857; 0,09154308
9176; 0,01171875; 0,01171875; 548,8392857142857; 0,09116934
9177; 0,01171875; 0,01171875; 550,1428571428571; 0,09138586
9178; 0,01171875; 0,01171875; 548,9285714285714; 0,091184154
9179; 0,01171875; 0,01171875; 550,0714285714286; 0,091373995
9180; 0,01171875; 0,01171875; 549,3035714285714; 0,09124645
9181; 0,01171875; 0,01171875; 550,0892857142857; 0,09137697
9182; 0,01171875; 0,01171875; 549,7678571428571; 0,09132356
9183; 0,01171875; 0,01171875; 550,0; 0,091362126
9184; 0,01171875; 0,01171875; 549,5; 0,091279075
9185; 0,01171875; 0,01171875; 549,8928571428571; 0,09134432
9186; 0,01171875; 0,01171875; 550,0714285714286; 0,091374
9187; 0,01171875; 0,01171875; 550,6071428571429; 0,09146301
9188; 0,01171875; 0,01171875; 548,2857142857143; 0,09107738
9189; 0,01171875; 0,01171875; 550,0178571428571; 0,09136511
9190; 0,01171875; 0,01171875; 550,2142857142857; 0,09139774
9191; 0,01171875; 0,01171875; 550,2678571428571; 0,09140664
9192; 0,01171875; 0,01171875; 550,2678571428571; 0,091406636
9193; 0,01171875; 0,01171875; 550,1607142857143; 0,091388844
9194; 0,01171875; 0,01171875; 550,0; 0,09136213
9195; 0,01171875; 0,01171875; 549,5714285714286; 0,09129095
9196; 0,01171875; 0,01171875; 550,2321428571429; 0,09140069
9197; 0,01171875; 0,01171875; 549,9464285714286; 0,09135324
9198; 0,01171875; 0,01171875; 550,25; 0,091403656
9199; 0,01171875; 0,01171875; 550,2142857142857; 0,091397725
9200; 0,01171875; 0,01171875; 549,9821428571429; 0,09135916
9201; 0,01171875; 0,01171875; 550,1428571428571; 0,091385856
9202; 0,01171875; 0,01171875; 549,7678571428571; 0,09132357
9203; 0,01171875; 0,01171875; 550,2678571428571; 0,09140663
9204; 0,01171875; 0,01171875; 550,1607142857143; 0,09138882
9205; 0,01171875; 0,01171875; 549,5357142857143; 0,091285005
9206; 0,01171875; 0,01171875; 549,4821428571429; 0,0912761
9207; 0,01171875; 0,01171875; 549,8035714285714; 0,0913295
9208; 0,01171875; 0,01171875; 550,1785714285714; 0,0913918
9209; 0,01171875; 0,01171875; 550,4821428571429; 0,09144223
9210; 0,01171875; 0,01171875; 550,25; 0,09140366
9211; 0,01171875; 0,01171875; 550,0; 0,09136213
9212; 0,01171875; 0,01171875; 550,625; 0,09146595
9213; 0,01171875; 0,01171875; 550,2321428571429; 0,091400705
9214; 0,01171875; 0,01171875; 550,0178571428571; 0,09136509
9215; 0,01171875; 0,01171875; 549,6071428571429; 0,091296874
9216; 0,01171875; 0,01171875; 549,875; 0,09134138
9217; 0,01171875; 0,01171875; 550,2678571428571; 0,091406636
9218; 0,01171875; 0,01171875; 549,4464285714286; 0,09127017
9219; 0,01171875; 0,01171875; 550,0357142857143; 0,091368064
9220; 0,01171875; 0,01171875; 550,3571428571429; 0,09142145
9221; 0,01171875; 0,01171875; 549,6964285714286; 0,091311716
9222; 0,01171875; 0,01171875; 550,4107142857143; 0,09143038
9223; 0,01171875; 0,01171875; 550,3928571428571; 0,091427386
9224; 0,01171875; 0,01171875; 549,9285714285714; 0,09135027
9225; 0,01171875; 0,01171875; 550,2678571428571; 0,09140663
9226; 0,01171875; 0,01171875; 549,9821428571429; 0,0913592
9227; 0,01171875; 0,01171875; 549,9285714285714; 0,09135027
9228; 0,01171875; 0,01171875; 550,375; 0,09142442
9229; 0,01171875; 0,01171875; 549,8392857142857; 0,09133545
9230; 0,01171875; 0,01171875; 548,8392857142857; 0,09116934
9231; 0,01171875; 0,01171875; 550,0178571428571; 0,091365114
9232; 0,01171875; 0,01171875; 549,5892857142857; 0,091293916
9233; 0,01171875; 0,01171875; 550,4285714285714; 0,0914333
9234; 0,01171875; 0,01171875; 550,8214285714286; 0,09149859
9235; 0,01171875; 0,01171875; 549,8571428571429; 0,09133841
9236; 0,01171875; 0,01171875; 550,0; 0,09136214
9237; 0,01171875; 0,01171875; 550,4285714285714; 0,091433324
9238; 0,01171875; 0,01171875; 550,5714285714286; 0,09145705
9239; 0,01171875; 0,01171875; 549,7857142857143; 0,09132653
9240; 0,01171875; 0,01171875; 550,5178571428571; 0,091448165
9241; 0,01171875; 0,01171875; 549,5178571428571; 0,09128205
9242; 0,01171875; 0,01171875; 550,1785714285714; 0,09139179
9243; 0,01171875; 0,01171875; 550,7857142857143; 0,091492645
9244; 0,01171875; 0,01171875; 549,6071428571429; 0,09129686
9245; 0,01171875; 0,01171875; 551,0178571428571; 0,091531225
9246; 0,01171875; 0,01171875; 551,1071428571429; 0,091546044
9247; 0,01171875; 0,01171875; 549,3214285714286; 0,09124941
9248; 0,01171875; 0,01171875; 549,9642857142857; 0,09135621
9249; 0,01171875; 0,01171875; 550,1785714285714; 0,0913918
9250; 0,01171875; 0,01171875; 549,1071428571429; 0,09121382
9251; 0,01171875; 0,01171875; 550,0535714285714; 0,09137102
9252; 0,01171875; 0,01171875; 549,1964285714286; 0,09122865
9253; 0,01171875; 0,01171875; 550,0892857142857; 0,09137696
9254; 0,01171875; 0,01171875; 551,0178571428571; 0,091531225
9255; 0,01171875; 0,01171875; 550,125; 0,09138288
9256; 0,01171875; 0,01171875; 548,4107142857143; 0,091098145
9257; 0,01171875; 0,01171875; 550,4642857142857; 0,09143924
9258; 0,01171875; 0,01171875; 550,2678571428571; 0,091406636
9259; 0,01171875; 0,01171875; 550,1428571428571; 0,09138586
9260; 0,01171875; 0,01171875; 549,5; 0,091279075
9261; 0,01171875; 0,01171875; 549,8035714285714; 0,0913295
9262; 0,01171875; 0,01171875; 550,0892857142857; 0,091376945
9263; 0,01171875; 0,01171875; 550,3392857142857; 0,091418505
9264; 0,01171875; 0,01171875; 549,8214285714286; 0,09133248
9265; 0,01171875; 0,01171875; 550,2142857142857; 0,09139774
9266; 0,01171875; 0,01171875; 548,25; 0,09107143
9267; 0,01171875; 0,01171875; 550,5178571428571; 0,091448165
9268; 0,01171875; 0,01171875; 549,6428571428571; 0,0913028
9269; 0,01171875; 0,01171875; 549,2857142857143; 0,09124347
9270; 0,01171875; 0,01171875; 549,3035714285714; 0,09124645
9271; 0,01171875; 0,01171875; 549,4642857142857; 0,091273166
9272; 0,01171875; 0,01171875; 549,8928571428571; 0,09134434
9273; 0,01171875; 0,01171875; 550,3214285714286; 0,09141554
9274; 0,01171875; 0,01171875; 549,6785714285714; 0,09130873
9275; 0,01171875; 0,01171875; 549,9107142857143; 0,0913473
9276; 0,01171875; 0,01171875; 549,4821428571429; 0,091276124
9277; 0,01171875; 0,01171875; 548,9464285714286; 0,09118711
9278; 0,01171875; 0,01171875; 550,3214285714286; 0,09141551
9279; 0,01171875; 0,01171875; 550,3928571428571; 0,091427386
9280; 0,01171875; 0,01171875; 550,2142857142857; 0,09139775
9281; 0,01171875; 0,01171875; 549,6428571428571; 0,09130282
9282; 0,01171875; 0,01171875; 549,75; 0,09132062
9283; 0,01171875; 0,01171875; 549,6071428571429; 0,09129687
9284; 0,01171875; 0,01171875; 550,1964285714286; 0,09139477
9285; 0,01171875; 0,01171875; 550,1785714285714; 0,091391794
9286; 0,01171875; 0,01171875; 549,2142857142857; 0,09123163
9287; 0,01171875; 0,01171875; 550,0; 0,091362126
9288; 0,01171875; 0,01171875; 550,125; 0,0913829
9289; 0,01171875; 0,01171875; 549,7857142857143; 0,09132654
9290; 0,01171875; 0,01171875; 549,3928571428571; 0,09126128
9291; 0,01171875; 0,01171875; 550,5178571428571; 0,09144815
9292; 0,01171875; 0,01171875; 550,375; 0,09142441
9293; 0,01171875; 0,01171875; 549,8035714285714; 0,091329515
9294; 0,01171875; 0,01171875; 549,4107142857143; 0,09126424
9295; 0,01171875; 0,01171875; 549,8214285714286; 0,09133248
9296; 0,01171875; 0,01171875; 550,4464285714286; 0,09143629
9297; 0,01171875; 0,01171875; 549,6785714285714; 0,09130873
9298; 0,01171875; 0,01171875; 549,875; 0,091341384
9299; 0,01171875; 0,01171875; 550,0357142857143; 0,091368064
9300; 0,01171875; 0,01171875; 550,3392857142857; 0,0914185
9301; 0,01171875; 0,01171875; 550,1071428571429; 0,091379926
9302; 0,01171875; 0,01171875; 550,1071428571429; 0,091379926
9303; 0,01171875; 0,01171875; 549,3214285714286; 0,09124942
9304; 0,01171875; 0,01171875; 549,7321428571429; 0,091317646
9305; 0,01171875; 0,01171875; 549,5535714285714; 0,09128799
9306; 0,01171875; 0,01171875; 549,0535714285714; 0,09120493
9307; 0,01171875; 0,01171875; 550,3035714285714; 0,091412544
9308; 0,01171875; 0,01171875; 549,4821428571429; 0,09127611
9309; 0,01171875; 0,01171875; 549,7857142857143; 0,09132654
9310; 0,01171875; 0,01171875; 550,0892857142857; 0,09137696
9311; 0,01171875; 0,01171875; 549,8928571428571; 0,09134434
9312; 0,01171875; 0,01171875; 550,1071428571429; 0,09137992
9313; 0,01171875; 0,01171875; 550,3035714285714; 0,09141256
9314; 0,01171875; 0,01171875; 549,0535714285714; 0,09120494
9315; 0,01171875; 0,01171875; 550,1071428571429; 0,09137994
9316; 0,01171875; 0,01171875; 550,0892857142857; 0,09137695
9317; 0,01171875; 0,01171875; 550,5714285714286; 0,09145706
9318; 0,01171875; 0,01171875; 550,1607142857143; 0,09138883
9319; 0,01171875; 0,01171875; 549,5178571428571; 0,091282055
9320; 0,01171875; 0,01171875; 550,4642857142857; 0,09143926
9321; 0,01171875; 0,01171875; 550,0178571428571; 0,0913651
9322; 0,01171875; 0,01171875; 548,9285714285714; 0,09118415
9323; 0,01171875; 0,01171875; 550,2321428571429; 0,091400705
9324; 0,01171875; 0,01171875; 548,4642857142857; 0,091107026
9325; 0,01171875; 0,01171875; 549,7678571428571; 0,09132357
9326; 0,01171875; 0,01171875; 550,3928571428571; 0,0914274
9327; 0,01171875; 0,01171875; 549,7321428571429; 0,09131764
9328; 0,01171875; 0,01171875; 550,1071428571429; 0,09137993
9329; 0,01171875; 0,01171875; 549,9821428571429; 0,09135916
9330; 0,01171875; 0,01171875; 550,1785714285714; 0,091391794
9331; 0,01171875; 0,01171875; 550,25; 0,09140366
9332; 0,01171875; 0,01171875; 550,0892857142857; 0,09137695
9333; 0,01171875; 0,01171875; 549,5714285714286; 0,091290936
9334; 0,01171875; 0,01171875; 550,5178571428571; 0,09144815
9335; 0,01171875; 0,01171875; 550,3035714285714; 0,09141256
9336; 0,01171875; 0,01171875; 550,1964285714286; 0,09139477
9337; 0,01171875; 0,01171875; 549,9107142857143; 0,091347314
9338; 0,01171875; 0,01171875; 549,0535714285714; 0,09120493
9339; 0,01171875; 0,01171875; 550,7857142857143; 0,09149265
9340; 0,01171875; 0,01171875; 549,4642857142857; 0,09127315
9341; 0,01171875; 0,01171875; 550,0; 0,09136213
9342; 0,01171875; 0,01171875; 549,1964285714286; 0,09122864
9343; 0,01171875; 0,01171875; 549,7321428571429; 0,09131764
9344; 0,01171875; 0,01171875; 550,0892857142857; 0,09137695
9345; 0,01171875; 0,01171875; 549,4285714285714; 0,09126722
9346; 0,01171875; 0,01171875; 550,1428571428571; 0,09138588
9347; 0,01171875; 0,01171875; 549,9107142857143; 0,09134729
9348; 0,01171875; 0,01171875; 550,25; 0,091403656
9349; 0,01171875; 0,01171875; 549,0892857142857; 0,091210864
9350; 0,01171875; 0,01171875; 550,125; 0,09138291
9351; 0,01171875; 0,01171875; 549,875; 0,09134137
9352; 0,01171875; 0,01171875; 549,7321428571429; 0,091317646
9353; 0,01171875; 0,01171875; 549,25; 0,09123755
9354; 0,01171875; 0,01171875; 550,3035714285714; 0,09141257
9355; 0,01171875; 0,01171875; 549,5535714285714; 0,09128797
9356; 0,01171875; 0,01171875; 549,8571428571429; 0,09133842
9357; 0,01171875; 0,01171875; 550,5892857142857; 0,091460034
9358; 0,01171875; 0,01171875; 548,5178571428571; 0,091115944
9359; 0,01171875; 0,01171875; 550,0178571428571; 0,0913651
9360; 0,01171875; 0,01171875; 548,625; 0,09113371
9361; 0,01171875; 0,01171875; 550,4642857142857; 0,091439255
9362; 0,01171875; 0,01171875; 550,2857142857143; 0,09140959
9363; 0,01171875; 0,01171875; 548,6785714285714; 0,09114265
9364; 0,01171875; 0,01171875; 550,9464285714286; 0,09151936
9365; 0,01171875; 0,01171875; 550,0892857142857; 0,09137696
9366; 0,01171875; 0,01171875; 550,3214285714286; 0,09141552
9367; 0,01171875; 0,01171875; 550,0357142857143; 0,09136807
9368; 0,01171875; 0,01171875; 548,8392857142857; 0,091169335
9369; 0,01171875; 0,01171875; 549,6785714285714; 0,09130875
9370; 0,01171875; 0,01171875; 550,2321428571429; 0,09140068
9371; 0,01171875; 0,01171875; 549,5357142857143; 0,09128501
9372; 0,01171875; 0,01171875; 550,25; 0,09140366
9373; 0,01171875; 0,01171875; 550,2321428571429; 0,091400705
9374; 0,01171875; 0,01171875; 549,8035714285714; 0,09132951
9375; 0,01171875; 0,01171875; 549,0892857142857; 0,09121088
9376; 0,01171875; 0,01171875; 550,2321428571429; 0,0914007
9377; 0,01171875; 0,01171875; 549,6428571428571; 0,09130281
9378; 0,01171875; 0,01171875; 549,5535714285714; 0,09128798
9379; 0,01171875; 0,01171875; 550,3214285714286; 0,09141553
9380; 0,01171875; 0,01171875; 549,3392857142857; 0,09125237
9381; 0,01171875; 0,01171875; 548,7678571428571; 0,09115745
9382; 0,01171875; 0,01171875; 550,625; 0,09146595
9383; 0,01171875; 0,01171875; 550,9821428571429; 0,091525294
9384; 0,01171875; 0,01171875; 548,7857142857143; 0,09116043
9385; 0,01171875; 0,01171875; 549,875; 0,091341384
9386; 0,01171875; 0,01171875; 549,8392857142857; 0,09133545
9387; 0,01171875; 0,01171875; 550,2678571428571; 0,09140664
9388; 0,01171875; 0,01171875; 549,8214285714286; 0,09133247
9389; 0,01171875; 0,01171875; 550,375; 0,09142442
9390; 0,01171875; 0,01171875; 550,0; 0,091362156
9391; 0,01171875; 0,01171875; 550,2321428571429; 0,0914007
9392; 0,01171875; 0,01171875; 549,75; 0,09132059
9393; 0,01171875; 0,01171875; 549,6428571428571; 0,09130282
9394; 0,01171875; 0,01171875; 549,9464285714286; 0,09135323
9395; 0,01171875; 0,01171875; 548,2321428571429; 0,09106847
9396; 0,01171875; 0,01171875; 549,8392857142857; 0,09133543
9397; 0,01171875; 0,01171875; 550,4107142857143; 0,09143036
9398; 0,01171875; 0,01171875; 550,0535714285714; 0,09137104
9399; 0,01171875; 0,01171875; 549,3035714285714; 0,09124644
9400; 0,01171875; 0,01171875; 549,7321428571429; 0,09131764
9401; 0,01171875; 0,01171875; 549,0357142857143; 0,09120195
9402; 0,01171875; 0,01171875; 550,0714285714286; 0,091373995
9403; 0,01171875; 0,01171875; 550,2321428571429; 0,09140069
9404; 0,01171875; 0,01171875; 550,3214285714286; 0,091415524
9405; 0,01171875; 0,01171875; 550,1071428571429; 0,09137993
9406; 0,01171875; 0,01171875; 549,3214285714286; 0,09124942
9407; 0,01171875; 0,01171875; 550,0892857142857; 0,091376975
9408; 0,01171875; 0,01171875; 550,2142857142857; 0,09139772
9409; 0,01171875; 0,01171875; 550,3214285714286; 0,09141552
9410; 0,01171875; 0,01171875; 550,5178571428571; 0,091448136
9411; 0,01171875; 0,01171875; 550,0535714285714; 0,09137102
9412; 0,01171875; 0,01171875; 550,5; 0,0914452
9413; 0,01171875; 0,01171875; 550,6071428571429; 0,091462985
9414; 0,01171875; 0,01171875; 550,5892857142857; 0,091460034
9415; 0,01171875; 0,01171875; 549,8392857142857; 0,09133542
9416; 0,01171875; 0,01171875; 549,7142857142857; 0,09131467
9417; 0,01171875; 0,01171875; 549,2857142857143; 0,09124349
9418; 0,01171875; 0,01171875; 550,3214285714286; 0,09141553
9419; 0,01171875; 0,01171875; 548,5357142857143; 0,09111891
9420; 0,01171875; 0,01171875; 550,1607142857143; 0,09138883
9421; 0,01171875; 0,01171875; 549,9107142857143; 0,0913473
9422; 0,01171875; 0,01171875; 549,8035714285714; 0,0913295
9423; 0,01171875; 0,01171875; 550,3928571428571; 0,0914274
9424; 0,01171875; 0,01171875; 549,75; 0,0913206
9425; 0,01171875; 0,01171875; 549,75; 0,0913206
9426; 0,01171875; 0,01171875; 549,4821428571429; 0,091276094
9427; 0,01171875; 0,01171875; 550,2857142857143; 0,09140958
9428; 0,01171875; 0,01171875; 549,6964285714286; 0,0913117
9429; 0,01171875; 0,01171875; 550,3928571428571; 0,09142739
9430; 0,01171875; 0,01171875; 549,9107142857143; 0,0913473
9431; 0,01171875; 0,01171875; 549,0535714285714; 0,091204904
9432; 0,01171875; 0,01171875; 550,0178571428571; 0,0913651
9433; 0,01171875; 0,01171875; 550,3571428571429; 0,09142147
9434; 0,01171875; 0,01171875; 548,625; 0,09113372
9435; 0,01171875; 0,01171875; 550,2321428571429; 0,09140069
9436; 0,01171875; 0,01171875; 549,9821428571429; 0,09135916
9437; 0,01171875; 0,01171875; 550,4821428571429; 0,09144223
9438; 0,01171875; 0,01171875; 549,8392857142857; 0,09133543
9439; 0,01171875; 0,01171875; 549,9821428571429; 0,09135918
9440; 0,01171875; 0,01171875; 548,2142857142857; 0,09106549
9441; 0,01171875; 0,01171875; 549,3571428571429; 0,09125536
9442; 0,01171875; 0,01171875; 548,8571428571429; 0,091172285
9443; 0,01171875; 0,01171875; 549,9285714285714; 0,091350265
9444; 0,01171875; 0,01171875; 549,9107142857143; 0,091347314
9445; 0,01171875; 0,01171875; 549,8928571428571; 0,091344334
9446; 0,01171875; 0,01171875; 550,0535714285714; 0,09137102
9447; 0,01171875; 0,01171875; 550,5178571428571; 0,091448165
9448; 0,01171875; 0,01171875; 551,2142857142857; 0,09156386
9449; 0,01171875; 0,01171875; 550,3571428571429; 0,09142145
9450; 0,01171875; 0,01171875; 549,9107142857143; 0,091347314
9451; 0,01171875; 0,01171875; 550,125; 0,09138291
9452; 0,01171875; 0,01171875; 550,4642857142857; 0,09143925
9453; 0,01171875; 0,01171875; 550,2857142857143; 0,09140959
9454; 0,01171875; 0,01171875; 549,9107142857143; 0,0913473
9455; 0,01171875; 0,01171875; 550,4107142857143; 0,09143037
9456; 0,01171875; 0,01171875; 549,0357142857143; 0,09120197
9457; 0,01171875; 0,01171875; 550,0178571428571; 0,09136508
9458; 0,01171875; 0,01171875; 550,6428571428571; 0,09146892
9459; 0,01171875; 0,01171875; 550,3214285714286; 0,09141552
9460; 0,01171875; 0,01171875; 549,3392857142857; 0,09125239
9461; 0,01171875; 0,01171875; 550,3214285714286; 0,09141553
9462; 0,01171875; 0,01171875; 550,25; 0,09140365
9463; 0,01171875; 0,01171875; 550,9107142857143; 0,0915134
9464; 0,01171875; 0,01171875; 550,3035714285714; 0,09141257
9465; 0,01171875; 0,01171875; 549,5892857142857; 0,091293894
9466; 0,01171875; 0,01171875; 550,2857142857143; 0,09140961
9467; 0,01171875; 0,01171875; 549,8392857142857; 0,09133543
9468; 0,01171875; 0,01171875; 550,3035714285714; 0,09141257
9469; 0,01171875; 0,01171875; 549,3928571428571; 0,09126127
9470; 0,01171875; 0,01171875; 550,75; 0,09148673
9471; 0,01171875; 0,01171875; 549,1428571428571; 0,09121976
9472; 0,01171875; 0,01171875; 550,3214285714286; 0,09141553
9473; 0,01171875; 0,01171875; 550,7678571428571; 0,091489695
9474; 0,01171875; 0,01171875; 550,25; 0,09140366
9475; 0,01171875; 0,01171875; 550,0892857142857; 0,09137697
9476; 0,01171875; 0,01171875; 550,5; 0,09144521
9477; 0,01171875; 0,01171875; 550,5714285714286; 0,09145706
9478; 0,01171875; 0,01171875; 549,9285714285714; 0,09135028
9479; 0,01171875; 0,01171875; 549,4642857142857; 0,091273144
9480; 0,01171875; 0,01171875; 550,0; 0,09136214
9481; 0,01171875; 0,01171875; 549,5178571428571; 0,09128203
9482; 0,01171875; 0,01171875; 550,7321428571429; 0,091483735
9483; 0,01171875; 0,01171875; 550,1785714285714; 0,09139181
9484; 0,01171875; 0,01171875; 549,0892857142857; 0,09121085
9485; 0,01171875; 0,01171875; 550,7678571428571; 0,09148967
9486; 0,01171875; 0,01171875; 549,7857142857143; 0,09132654
9487; 0,01171875; 0,01171875; 549,2321428571429; 0,09123459
9488; 0,01171875; 0,01171875; 549,6428571428571; 0,09130282
9489; 0,01171875; 0,01171875; 549,9821428571429; 0,09135916
9490; 0,01171875; 0,01171875; 549,9285714285714; 0,091350265
9491; 0,01171875; 0,01171875; 549,4107142857143; 0,09126427
9492; 0,01171875; 0,01171875; 549,9107142857143; 0,091347314
9493; 0,01171875; 0,01171875; 549,4107142857143; 0,09126424
9494; 0,01171875; 0,01171875; 550,4642857142857; 0,091439255
9495; 0,01171875; 0,01171875; 550,125; 0,0913829
9496; 0,01171875; 0,01171875; 550,2678571428571; 0,091406636
9497; 0,01171875; 0,01171875; 549,3035714285714; 0,09124645
9498; 0,01171875; 0,01171875; 550,6428571428571; 0,09146892
9499; 0,01171875; 0,01171875; 548,8214285714286; 0,091166355
9500; 0,01171875; 0,01171875; 550,6607142857143; 0,0914719
9501; 0,01171875; 0,01171875; 549,6964285714286; 0,09131169
9502; 0,01171875; 0,01171875; 550,1071428571429; 0,09137994
9503; 0,01171875; 0,01171875; 550,2857142857143; 0,0914096
9504; 0,01171875; 0,01171875; 549,75; 0,09132061
9505; 0,01171875; 0,01171875; 550,7321428571429; 0,09148376
9506; 0,01171875; 0,01171875; 549,5892857142857; 0,091293894
9507; 0,01171875; 0,01171875; 548,5892857142857; 0,091127805
9508; 0,01171875; 0,01171875; 550,2678571428571; 0,091406636
9509; 0,01171875; 0,01171875; 549,7857142857143; 0,09132656
9510; 0,01171875; 0,01171875; 550,2857142857143; 0,09140959
9511; 0,01171875; 0,01171875; 550,9107142857143; 0,09151343
9512; 0,01171875; 0,01171875; 550,0892857142857; 0,091376975
9513; 0,01171875; 0,01171875; 550,625; 0,09146596
9514; 0,01171875; 0,01171875; 550,3035714285714; 0,09141256
9515; 0,01171875; 0,01171875; 548,9464285714286; 0,09118711
9516; 0,01171875; 0,01171875; 550,0178571428571; 0,09136511
9517; 0,01171875; 0,01171875; 550,1964285714286; 0,091394745
9518; 0,01171875; 0,01171875; 550,4821428571429; 0,09144222
9519; 0,01171875; 0,01171875; 550,1071428571429; 0,09137993
9520; 0,01171875; 0,01171875; 549,8035714285714; 0,0913295
9521; 0,01171875; 0,01171875; 550,0357142857143; 0,09136806
9522; 0,01171875; 0,01171875; 550,2142857142857; 0,09139775
9523; 0,01171875; 0,01171875; 550,5714285714286; 0,091457054
9524; 0,01171875; 0,01171875; 550,2857142857143; 0,09140958
9525; 0,01171875; 0,01171875; 549,0; 0,091196015
9526; 0,01171875; 0,01171875; 550,4107142857143; 0,091430366
9527; 0,01171875; 0,01171875; 551,125; 0,09154902
9528; 0,01171875; 0,01171875; 549,6785714285714; 0,09130873
9529; 0,01171875; 0,01171875; 550,5; 0,09144521
9530; 0,01171875; 0,01171875; 548,1964285714286; 0,09106254
9531; 0,01171875; 0,01171875; 549,3392857142857; 0,09125238
9532; 0,01171875; 0,01171875; 550,7678571428571; 0,091489695
9533; 0,01171875; 0,01171875; 549,5357142857143; 0,09128499
9534; 0,01171875; 0,01171875; 549,8214285714286; 0,09133247
9535; 0,01171875; 0,01171875; 550,6428571428571; 0,09146894
9536; 0,01171875; 0,01171875; 550,9107142857143; 0,09151342
9537; 0,01171875; 0,01171875; 550,2142857142857; 0,09139772
9538; 0,01171875; 0,01171875; 549,4285714285714; 0,09126722
9539; 0,01171875; 0,01171875; 550,5714285714286; 0,09145707
9540; 0,01171875; 0,01171875; 550,8928571428571; 0,09151045
9541; 0,01171875; 0,01171875; 549,9642857142857; 0,09135621
9542; 0,01171875; 0,01171875; 549,625; 0,091299854
9543; 0,01171875; 0,01171875; 549,6071428571429; 0,091296874
9544; 0,01171875; 0,01171875; 549,5; 0,09127909
9545; 0,01171875; 0,01171875; 549,25; 0,09123755
9546; 0,01171875; 0,01171875; 550,7678571428571; 0,09148968
9547; 0,01171875; 0,01171875; 550,1785714285714; 0,0913918
9548; 0,01171875; 0,01171875; 549,3928571428571; 0,09126128
9549; 0,01171875; 0,01171875; 551,0892857142857; 0,091543086
9550; 0,01171875; 0,01171875; 550,3035714285714; 0,091412544
9551; 0,01171875; 0,01171875; 550,1428571428571; 0,091385886
9552; 0,01171875; 0,01171875; 551,0535714285714; 0,091537125
9553; 0,01171875; 0,01171875; 550,1428571428571; 0,091385856
9554; 0,01171875; 0,01171875; 549,6785714285714; 0,09130872
9555; 0,01171875; 0,01171875; 550,25; 0,09140366
9556; 0,01171875; 0,01171875; 550,375; 0,09142443
9557; 0,01171875; 0,01171875; 549,1964285714286; 0,09122865
9558; 0,01171875; 0,01171875; 549,2678571428571; 0,09124052
9559; 0,01171875; 0,01171875; 549,6071428571429; 0,091296874
9560; 0,01171875; 0,01171875; 549,9821428571429; 0,09135916
9561; 0,01171875; 0,01171875; 550,2678571428571; 0,09140663
9562; 0,01171875; 0,01171875; 549,875; 0,09134136
9563; 0,01171875; 0,01171875; 549,6964285714286; 0,0913117
9564; 0,01171875; 0,01171875; 550,0178571428571; 0,0913651
9565; 0,01171875; 0,01171875; 551,0892857142857; 0,091543086
9566; 0,01171875; 0,01171875; 550,0; 0,09136212
9567; 0,01171875; 0,01171875; 550,7857142857143; 0,091492645
9568; 0,01171875; 0,01171875; 549,4107142857143; 0,09126425
9569; 0,01171875; 0,01171875; 550,4285714285714; 0,091433324
9570; 0,01171875; 0,01171875; 550,8571428571429; 0,091504514
9571; 0,01171875; 0,01171875; 550,1607142857143; 0,09138884
9572; 0,01171875; 0,01171875; 550,3392857142857; 0,09141849
9573; 0,01171875; 0,01171875; 550,625; 0,091465965
9574; 0,01171875; 0,01171875; 551,1607142857143; 0,09155493
9575; 0,01171875; 0,01171875; 550,5714285714286; 0,091457054
9576; 0,01171875; 0,01171875; 550,3571428571429; 0,09142146
9577; 0,01171875; 0,01171875; 548,3214285714286; 0,091083296
9578; 0,01171875; 0,01171875; 550,25; 0,091403656
9579; 0,01171875; 0,01171875; 549,7321428571429; 0,091317646
9580; 0,01171875; 0,01171875; 550,1607142857143; 0,09138883
9581; 0,01171875; 0,01171875; 548,5; 0,09111296
9582; 0,01171875; 0,01171875; 551,4464285714286; 0,091602385
9583; 0,01171875; 0,01171875; 550,0; 0,09136214
9584; 0,01171875; 0,01171875; 551,2857142857143; 0,091575705
9585; 0,01171875; 0,01171875; 550,0535714285714; 0,091371045
9586; 0,01171875; 0,01171875; 549,9821428571429; 0,09135916
9587; 0,01171875; 0,01171875; 550,6071428571429; 0,091462985
9588; 0,01171875; 0,01171875; 550,5; 0,09144519
9589; 0,01171875; 0,01171875; 549,8214285714286; 0,09133249
9590; 0,01171875; 0,01171875; 549,5535714285714; 0,091287985
9591; 0,01171875; 0,01171875; 550,3571428571429; 0,09142146
9592; 0,01171875; 0,01171875; 549,1785714285714; 0,091225676
9593; 0,01171875; 0,01171875; 550,4821428571429; 0,09144223
9594; 0,01171875; 0,01171875; 550,0714285714286; 0,09137399
9595; 0,01171875; 0,01171875; 548,9642857142857; 0,09119009
9596; 0,01171875; 0,01171875; 550,9642857142857; 0,09152231
9597; 0,01171875; 0,01171875; 550,2678571428571; 0,09140662
9598; 0,01171875; 0,01171875; 549,3928571428571; 0,09126128
9599; 0,01171875; 0,01171875; 550,3392857142857; 0,091418505
9600; 0,01171875; 0,01171875; 549,9642857142857; 0,09135621
9601; 0,01171875; 0,01171875; 550,1428571428571; 0,091385856
9602; 0,01171875; 0,01171875; 549,625; 0,09129984
9603; 0,01171875; 0,01171875; 550,6428571428571; 0,091468915
9604; 0,01171875; 0,01171875; 550,0535714285714; 0,09137104
9605; 0,01171875; 0,01171875; 549,5357142857143; 0,091285
9606; 0,01171875; 0,01171875; 549,3928571428571; 0,091261275
9607; 0,01171875; 0,01171875; 548,6071428571429; 0,09113077
9608; 0,01171875; 0,01171875; 550,0178571428571; 0,091365084
9609; 0,01171875; 0,01171875; 550,3035714285714; 0,091412544
9610; 0,01171875; 0,01171875; 550,0; 0,09136212
9611; 0,01171875; 0,01171875; 551,2321428571429; 0,09156681
9612; 0,01171875; 0,01171875; 550,5178571428571; 0,091448165
9613; 0,01171875; 0,01171875; 550,1607142857143; 0,09138884
9614; 0,01171875; 0,01171875; 549,8214285714286; 0,09133246
9615; 0,01171875; 0,01171875; 550,25; 0,091403656
9616; 0,01171875; 0,01171875; 549,0535714285714; 0,09120492
9617; 0,01171875; 0,01171875; 550,25; 0,09140367
9618; 0,01171875; 0,01171875; 549,6428571428571; 0,091302805
9619; 0,01171875; 0,01171875; 549,0178571428571; 0,091198966
9620; 0,01171875; 0,01171875; 549,875; 0,09134138
9621; 0,01171875; 0,01171875; 549,5178571428571; 0,09128202
9622; 0,01171875; 0,01171875; 550,125; 0,0913829
9623; 0,01171875; 0,01171875; 550,1964285714286; 0,09139476
9624; 0,01171875; 0,01171875; 549,4285714285714; 0,09126721
9625; 0,01171875; 0,01171875; 549,875; 0,09134137
9626; 0,01171875; 0,01171875; 549,7142857142857; 0,09131468
9627; 0,01171875; 0,01171875; 550,0535714285714; 0,09137102
9628; 0,01171875; 0,01171875; 548,5357142857143; 0,09111889
9629; 0,01171875; 0,01171875; 550,2142857142857; 0,09139772
9630; 0,01171875; 0,01171875; 550,6428571428571; 0,09146892
9631; 0,01171875; 0,01171875; 549,6964285714286; 0,091311716
9632; 0,01171875; 0,01171875; 549,5178571428571; 0,09128205
9633; 0,01171875; 0,01171875; 550,0535714285714; 0,091371045
9634; 0,01171875; 0,01171875; 550,0; 0,09136213
9635; 0,01171875; 0,01171875; 549,2142857142857; 0,09123162
9636; 0,01171875; 0,01171875; 549,9285714285714; 0,091350265
9637; 0,01171875; 0,01171875; 549,4285714285714; 0,09126721
9638; 0,01171875; 0,01171875; 549,5; 0,091279075
9639; 0,01171875; 0,01171875; 552,0178571428571; 0,09169734
9640; 0,01171875; 0,01171875; 549,4107142857143; 0,09126424
9641; 0,01171875; 0,01171875; 550,1428571428571; 0,091385856
9642; 0,01171875; 0,01171875; 549,1607142857143; 0,09122271
9643; 0,01171875; 0,01171875; 550,1071428571429; 0,09137993
9644; 0,01171875; 0,01171875; 550,1964285714286; 0,09139477
9645; 0,01171875; 0,01171875; 549,4642857142857; 0,091273166
9646; 0,01171875; 0,01171875; 549,7142857142857; 0,09131466
9647; 0,01171875; 0,01171875; 549,8392857142857; 0,09133542
9648; 0,01171875; 0,01171875; 550,6071428571429; 0,09146301
9649; 0,01171875; 0,01171875; 549,7321428571429; 0,091317646
9650; 0,01171875; 0,01171875; 550,0714285714286; 0,09137402
9651; 0,01171875; 0,01171875; 549,9642857142857; 0,09135622
9652; 0,01171875; 0,01171875; 550,1607142857143; 0,09138883
9653; 0,01171875; 0,01171875; 550,3571428571429; 0,09142144
9654; 0,01171875; 0,01171875; 550,2142857142857; 0,09139775
9655; 0,01171875; 0,01171875; 550,6607142857143; 0,09147189
9656; 0,01171875; 0,01171875; 550,3571428571429; 0,09142145
9657; 0,01171875; 0,01171875; 550,5; 0,09144519
9658; 0,01171875; 0,01171875; 549,9285714285714; 0,09135027
9659; 0,01171875; 0,01171875; 549,3392857142857; 0,09125237
9660; 0,01171875; 0,01171875; 549,75; 0,0913206
9661; 0,01171875; 0,01171875; 550,5535714285714; 0,09145409
9662; 0,01171875; 0,01171875; 550,1964285714286; 0,09139474
9663; 0,01171875; 0,01171875; 550,3928571428571; 0,09142739
9664; 0,01171875; 0,01171875; 548,875; 0,09117525
9665; 0,01171875; 0,01171875; 550,25; 0,09140366
9666; 0,01171875; 0,01171875; 549,8392857142857; 0,09133543
9667; 0,01171875; 0,01171875; 550,4285714285714; 0,09143333
9668; 0,01171875; 0,01171875; 549,7142857142857; 0,091314666
9669; 0,01171875; 0,01171875; 551,2142857142857; 0,091563866
9670; 0,01171875; 0,01171875; 550,125; 0,0913829
9671; 0,01171875; 0,01171875; 550,0535714285714; 0,091371015
9672; 0,01171875; 0,01171875; 549,9821428571429; 0,09135918
9673; 0,01171875; 0,01171875; 549,7321428571429; 0,09131764
9674; 0,01171875; 0,01171875; 550,3928571428571; 0,09142738
9675; 0,01171875; 0,01171875; 549,8392857142857; 0,09133544
9676; 0,01171875; 0,01171875; 550,3214285714286; 0,09141554
9677; 0,01171875; 0,01171875; 550,2678571428571; 0,091406636
9678; 0,01171875; 0,01171875; 549,4107142857143; 0,09126425
9679; 0,01171875; 0,01171875; 550,1071428571429; 0,09137993
9680; 0,01171875; 0,01171875; 550,25; 0,09140366
9681; 0,01171875; 0,01171875; 549,9464285714286; 0,09135324
9682; 0,01171875; 0,01171875; 549,9642857142857; 0,091356196
9683; 0,01171875; 0,01171875; 550,0; 0,09136213
9684; 0,01171875; 0,01171875; 549,8035714285714; 0,0913295
9685; 0,01171875; 0,01171875; 549,7321428571429; 0,09131764
9686; 0,01171875; 0,01171875; 549,9642857142857; 0,09135621
9687; 0,01171875; 0,01171875; 549,9107142857143; 0,0913473
9688; 0,01171875; 0,01171875; 550,1785714285714; 0,0913918
9689; 0,01171875; 0,01171875; 550,1607142857143; 0,09138883
9690; 0,01171875; 0,01171875; 550,1428571428571; 0,091385856
9691; 0,01171875; 0,01171875; 549,3928571428571; 0,09126127
9692; 0,01171875; 0,01171875; 550,4285714285714; 0,09143334
9693; 0,01171875; 0,01171875; 550,6428571428571; 0,09146894
9694; 0,01171875; 0,01171875; 549,6607142857143; 0,09130577
9695; 0,01171875; 0,01171875; 549,5357142857143; 0,09128501
9696; 0,01171875; 0,01171875; 549,1964285714286; 0,09122866
9697; 0,01171875; 0,01171875; 550,1071428571429; 0,09137994
9698; 0,01171875; 0,01171875; 550,2142857142857; 0,09139772
9699; 0,01171875; 0,01171875; 549,9642857142857; 0,09135618
9700; 0,01171875; 0,01171875; 549,8392857142857; 0,09133545
9701; 0,01171875; 0,01171875; 549,7321428571429; 0,09131764
9702; 0,01171875; 0,01171875; 550,0357142857143; 0,091368064
9703; 0,01171875; 0,01171875; 549,3392857142857; 0,09125238
9704; 0,01171875; 0,01171875; 550,5357142857143; 0,091451116
9705; 0,01171875; 0,01171875; 550,4285714285714; 0,09143333
9706; 0,01171875; 0,01171875; 549,5892857142857; 0,091293916
9707; 0,01171875; 0,01171875; 551,2857142857143; 0,0915757
9708; 0,01171875; 0,01171875; 551,1785714285714; 0,09155791
9709; 0,01171875; 0,01171875; 549,7321428571429; 0,09131764
9710; 0,01171875; 0,01171875; 550,0535714285714; 0,091371045
9711; 0,01171875; 0,01171875; 549,5178571428571; 0,09128205
9712; 0,01171875; 0,01171875; 550,3214285714286; 0,09141551
9713; 0,01171875; 0,01171875; 549,6071428571429; 0,09129687
9714; 0,01171875; 0,01171875; 550,5714285714286; 0,091457054
9715; 0,01171875; 0,01171875; 550,7857142857143; 0,09149266
9716; 0,01171875; 0,01171875; 549,1607142857143; 0,09122271
9717; 0,01171875; 0,01171875; 549,9285714285714; 0,09135027
9718; 0,01171875; 0,01171875; 550,0357142857143; 0,091368064
9719; 0,01171875; 0,01171875; 550,0892857142857; 0,09137696
9720; 0,01171875; 0,01171875; 549,6428571428571; 0,09130281
9721; 0,01171875; 0,01171875; 550,625; 0,09146595
9722; 0,01171875; 0,01171875; 550,1964285714286; 0,09139477
9723; 0,01171875; 0,01171875; 549,5357142857143; 0,09128501
9724; 0,01171875; 0,01171875; 551,1785714285714; 0,09155792
9725; 0,01171875; 0,01171875; 549,4821428571429; 0,09127612
9726; 0,01171875; 0,01171875; 551,1428571428571; 0,09155197
9727; 0,01171875; 0,01171875; 549,6428571428571; 0,09130282
9728; 0,01171875; 0,01171875; 549,4285714285714; 0,09126721
9729; 0,01171875; 0,01171875; 548,7678571428571; 0,09115745
9730; 0,01171875; 0,01171875; 550,0; 0,09136213
9731; 0,01171875; 0,01171875; 550,4821428571429; 0,09144223
9732; 0,01171875; 0,01171875; 550,875; 0,09150749
9733; 0,01171875; 0,01171875; 550,0892857142857; 0,09137696
9734; 0,01171875; 0,01171875; 550,3214285714286; 0,09141553
9735; 0,01171875; 0,01171875; 549,9464285714286; 0,09135325
9736; 0,01171875; 0,01171875; 550,2321428571429; 0,09140069
9737; 0,01171875; 0,01171875; 549,3214285714286; 0,09124943
9738; 0,01171875; 0,01171875; 549,6785714285714; 0,09130876
9739; 0,01171875; 0,01171875; 550,25; 0,091403686
9740; 0,01171875; 0,01171875; 550,5178571428571; 0,09144817
9741; 0,01171875; 0,01171875; 549,2321428571429; 0,09123457
9742; 0,01171875; 0,01171875; 549,4642857142857; 0,09127315
9743; 0,01171875; 0,01171875; 550,125; 0,09138292
9744; 0,01171875; 0,01171875; 549,875; 0,09134137
9745; 0,01171875; 0,01171875; 550,875; 0,09150748
9746; 0,01171875; 0,01171875; 550,2142857142857; 0,091397725
9747; 0,01171875; 0,01171875; 548,6071428571429; 0,09113078
9748; 0,01171875; 0,01171875; 549,7321428571429; 0,091317646
9749; 0,01171875; 0,01171875; 550,6428571428571; 0,09146892
9750; 0,01171875; 0,01171875; 550,1785714285714; 0,09139179
9751; 0,01171875; 0,01171875; 549,9642857142857; 0,091356196
9752; 0,01171875; 0,01171875; 550,0178571428571; 0,09136509
9753; 0,01171875; 0,01171875; 550,1785714285714; 0,091391794
9754; 0,01171875; 0,01171875; 550,8928571428571; 0,09151045
9755; 0,01171875; 0,01171875; 548,5892857142857; 0,091127805
9756; 0,01171875; 0,01171875; 549,7321428571429; 0,09131765
9757; 0,01171875; 0,01171875; 551,0357142857143; 0,09153418
9758; 0,01171875; 0,01171875; 549,25; 0,091237545
9759; 0,01171875; 0,01171875; 549,3571428571429; 0,09125533
9760; 0,01171875; 0,01171875; 550,625; 0,09146595
9761; 0,01171875; 0,01171875; 549,5357142857143; 0,09128501
9762; 0,01171875; 0,01171875; 547,9464285714286; 0,091021016
9763; 0,01171875; 0,01171875; 550,7142857142857; 0,09148078
9764; 0,01171875; 0,01171875; 551,7857142857143; 0,09165877
9765; 0,01171875; 0,01171875; 549,6428571428571; 0,09130281
9766; 0,01171875; 0,01171875; 549,9821428571429; 0,09135916
9767; 0,01171875; 0,01171875; 550,6071428571429; 0,091462985
9768; 0,01171875; 0,01171875; 549,5892857142857; 0,09129391
9769; 0,01171875; 0,01171875; 548,9464285714286; 0,09118713
9770; 0,01171875; 0,01171875; 549,7678571428571; 0,09132358
9771; 0,01171875; 0,01171875; 549,8214285714286; 0,09133246
9772; 0,01171875; 0,01171875; 550,25; 0,09140367
9773; 0,01171875; 0,01171875; 550,0178571428571; 0,09136511
9774; 0,01171875; 0,01171875; 549,125; 0,091216795
9775; 0,01171875; 0,01171875; 549,5714285714286; 0,091290966
9776; 0,01171875; 0,01171875; 549,8214285714286; 0,09133247
9777; 0,01171875; 0,01171875; 549,8571428571429; 0,0913384
9778; 0,01171875; 0,01171875; 550,4464285714286; 0,09143629
9779; 0,01171875; 0,01171875; 548,9642857142857; 0,091190085
9780; 0,01171875; 0,01171875; 550,7857142857143; 0,09149264
9781; 0,01171875; 0,01171875; 550,1071428571429; 0,09137993
9782; 0,01171875; 0,01171875; 548,3571428571429; 0,09108925
9783; 0,01171875; 0,01171875; 549,8571428571429; 0,091338396
9784; 0,01171875; 0,01171875; 548,4285714285714; 0,09110112
9785; 0,01171875; 0,01171875; 549,3928571428571; 0,09126126
9786; 0,01171875; 0,01171875; 550,25; 0,09140364
9787; 0,01171875; 0,01171875; 549,4285714285714; 0,091267236
9788; 0,01171875; 0,01171875; 549,9285714285714; 0,09135027
9789; 0,01171875; 0,01171875; 550,5714285714286; 0,09145705
9790; 0,01171875; 0,01171875; 548,1964285714286; 0,091062546
9791; 0,01171875; 0,01171875; 550,3571428571429; 0,09142145
9792; 0,01171875; 0,01171875; 549,8571428571429; 0,091338396
9793; 0,01171875; 0,01171875; 549,8214285714286; 0,09133249
9794; 0,01171875; 0,01171875; 549,8928571428571; 0,091344334
9795; 0,01171875; 0,01171875; 549,9285714285714; 0,09135027
9796; 0,01171875; 0,01171875; 549,6785714285714; 0,09130875
9797; 0,01171875; 0,01171875; 548,4821428571429; 0,09110999
9798; 0,01171875; 0,01171875; 550,0535714285714; 0,09137102
9799; 0,01171875; 0,01171875; 549,9821428571429; 0,091359176
9800; 0,01171875; 0,01171875; 551,1785714285714; 0,0915579
9801; 0,01171875; 0,01171875; 550,3571428571429; 0,09142146
9802; 0,01171875; 0,01171875; 549,6428571428571; 0,0913028
9803; 0,01171875; 0,01171875; 550,8928571428571; 0,09151047
9804; 0,01171875; 0,01171875; 549,4107142857143; 0,09126425
9805; 0,01171875; 0,01171875; 550,1428571428571; 0,091385886
9806; 0,01171875; 0,01171875; 549,7142857142857; 0,09131467
9807; 0,01171875; 0,01171875; 549,7142857142857; 0,09131469
9808; 0,01171875; 0,01171875; 550,7142857142857; 0,09148081
9809; 0,01171875; 0,01171875; 550,7857142857143; 0,09149265
9810; 0,01171875; 0,01171875; 549,8928571428571; 0,09134434
9811; 0,01171875; 0,01171875; 550,25; 0,09140365
9812; 0,01171875; 0,01171875; 550,1607142857143; 0,09138884
9813; 0,01171875; 0,01171875; 549,4821428571429; 0,09127611
9814; 0,01171875; 0,01171875; 550,5892857142857; 0,09146001
9815; 0,01171875; 0,01171875; 549,8035714285714; 0,09132949
9816; 0,01171875; 0,01171875; 551,1071428571429; 0,09154605
9817; 0,01171875; 0,01171875; 549,7678571428571; 0,09132357
9818; 0,01171875; 0,01171875; 549,7142857142857; 0,091314696
9819; 0,01171875; 0,01171875; 550,1785714285714; 0,0913918
9820; 0,01171875; 0,01171875; 550,5; 0,09144521
9821; 0,01171875; 0,01171875; 549,4285714285714; 0,09126722
9822; 0,01171875; 0,01171875; 550,3035714285714; 0,09141257
9823; 0,01171875; 0,01171875; 550,25; 0,091403656
9824; 0,01171875; 0,01171875; 550,4285714285714; 0,091433324
9825; 0,01171875; 0,01171875; 550,4107142857143; 0,09143037
9826; 0,01171875; 0,01171875; 549,5357142857143; 0,09128503
9827; 0,01171875; 0,01171875; 550,1071428571429; 0,09137994
9828; 0,01171875; 0,01171875; 550,0535714285714; 0,09137104
9829; 0,01171875; 0,01171875; 550,3571428571429; 0,09142147
9830; 0,01171875; 0,01171875; 550,0357142857143; 0,09136808
9831; 0,01171875; 0,01171875; 549,8035714285714; 0,09132951
9832; 0,01171875; 0,01171875; 548,9821428571429; 0,09119304
9833; 0,01171875; 0,01171875; 549,8928571428571; 0,091344334
9834; 0,01171875; 0,01171875; 550,5; 0,09144519
9835; 0,01171875; 0,01171875; 549,9464285714286; 0,09135324
9836; 0,01171875; 0,01171875; 550,4107142857143; 0,09143035
9837; 0,01171875; 0,01171875; 549,2321428571429; 0,0912346
9838; 0,01171875; 0,01171875; 549,3214285714286; 0,09124942
9839; 0,01171875; 0,01171875; 549,8214285714286; 0,09133246
9840; 0,01171875; 0,01171875; 549,9821428571429; 0,09135915
9841; 0,01171875; 0,01171875; 549,5535714285714; 0,09128798
9842; 0,01171875; 0,01171875; 550,0357142857143; 0,091368064
9843; 0,01171875; 0,01171875; 550,1071428571429; 0,091379926
9844; 0,01171875; 0,01171875; 551,0178571428571; 0,09153122
9845; 0,01171875; 0,01171875; 547,5535714285714; 0,09095575
9846; 0,01171875; 0,01171875; 549,5178571428571; 0,09128203
9847; 0,01171875; 0,01171875; 549,8035714285714; 0,09132952
9848; 0,01171875; 0,01171875; 549,8571428571429; 0,0913384
9849; 0,01171875; 0,01171875; 549,4464285714286; 0,09127017
9850; 0,01171875; 0,01171875; 549,375; 0,091258325
9851; 0,01171875; 0,01171875; 550,4821428571429; 0,09144223
9852; 0,01171875; 0,01171875; 549,5; 0,09127908
9853; 0,01171875; 0,01171875; 550,4107142857143; 0,09143037
9854; 0,01171875; 0,01171875; 549,6428571428571; 0,09130281
9855; 0,01171875; 0,01171875; 549,0178571428571; 0,09119897
9856; 0,01171875; 0,01171875; 549,625; 0,09129985
9857; 0,01171875; 0,01171875; 549,2857142857143; 0,09124349
9858; 0,01171875; 0,01171875; 550,0892857142857; 0,09137695
9859; 0,01171875; 0,01171875; 550,8035714285714; 0,09149562
9860; 0,01171875; 0,01171875; 549,75; 0,09132061
9861; 0,01171875; 0,01171875; 549,7678571428571; 0,09132357
9862; 0,01171875; 0,01171875; 549,1964285714286; 0,09122866
9863; 0,01171875; 0,01171875; 550,2142857142857; 0,091397725
9864; 0,01171875; 0,01171875; 550,4107142857143; 0,09143036
9865; 0,01171875; 0,01171875; 548,6607142857143; 0,09113966
9866; 0,01171875; 0,01171875; 549,2678571428571; 0,091240525
9867; 0,01171875; 0,01171875; 549,7857142857143; 0,09132653
9868; 0,01171875; 0,01171875; 549,1607142857143; 0,09122271
9869; 0,01171875; 0,01171875; 549,8571428571429; 0,0913384
9870; 0,01171875; 0,01171875; 550,5714285714286; 0,091457054
9871; 0,01171875; 0,01171875; 550,0178571428571; 0,09136511
9872; 0,01171875; 0,01171875; 550,5; 0,0914452
9873; 0,01171875; 0,01171875; 550,5178571428571; 0,091448165
9874; 0,01171875; 0,01171875; 547,7857142857143; 0,09099431
9875; 0,01171875; 0,01171875; 550,4821428571429; 0,09144222
9876; 0,01171875; 0,01171875; 550,1428571428571; 0,09138586
9877; 0,01171875; 0,01171875; 549,5178571428571; 0,091282055
9878; 0,01171875; 0,01171875; 550,0357142857143; 0,091368064
9879; 0,01171875; 0,01171875; 549,1607142857143; 0,09122271
9880; 0,01171875; 0,01171875; 548,7678571428571; 0,09115746
9881; 0,01171875; 0,01171875; 549,9642857142857; 0,0913562
9882; 0,01171875; 0,01171875; 550,25; 0,09140366
9883; 0,01171875; 0,01171875; 548,7321428571429; 0,09115153
9884; 0,01171875; 0,01171875; 549,3928571428571; 0,09126127
9885; 0,01171875; 0,01171875; 549,5535714285714; 0,091287985
9886; 0,01171875; 0,01171875; 549,7142857142857; 0,091314666
9887; 0,01171875; 0,01171875; 548,7857142857143; 0,091160424
9888; 0,01171875; 0,01171875; 548,3035714285714; 0,091080345
9889; 0,01171875; 0,01171875; 550,2142857142857; 0,09139774
9890; 0,01171875; 0,01171875; 550,2142857142857; 0,09139775
9891; 0,01171875; 0,01171875; 549,9464285714286; 0,09135324
9892; 0,01171875; 0,01171875; 550,1071428571429; 0,09137993
9893; 0,01171875; 0,01171875; 549,6071428571429; 0,0912969
9894; 0,01171875; 0,01171875; 548,7857142857143; 0,09116043
9895; 0,01171875; 0,01171875; 550,625; 0,09146594
9896; 0,01171875; 0,01171875; 550,0357142857143; 0,09136807
9897; 0,01171875; 0,01171875; 549,625; 0,09129984
9898; 0,01171875; 0,01171875; 548,8928571428571; 0,0911782
9899; 0,01171875; 0,01171875; 550,4642857142857; 0,091439255
9900; 0,01171875; 0,01171875; 549,2678571428571; 0,09124053
9901; 0,01171875; 0,01171875; 549,4642857142857; 0,091273144
9902; 0,01171875; 0,01171875; 550,0178571428571; 0,09136511
9903; 0,01171875; 0,01171875; 549,8214285714286; 0,09133248
9904; 0,01171875; 0,01171875; 548,375; 0,091092214
9905; 0,01171875; 0,01171875; 548,7142857142857; 0,09114856
9906; 0,01171875; 0,01171875; 550,3035714285714; 0,09141256
9907; 0,01171875; 0,01171875; 549,3928571428571; 0,09126129
9908; 0,01171875; 0,01171875; 548,4642857142857; 0,091107026
9909; 0,01171875; 0,01171875; 550,0892857142857; 0,091376975
9910; 0,01171875; 0,01171875; 551,3392857142857; 0,091584615
9911; 0,01171875; 0,01171875; 551,3035714285714; 0,09157866
9912; 0,01171875; 0,01171875; 549,6607142857143; 0,09130578
9913; 0,01171875; 0,01171875; 550,4107142857143; 0,09143036
9914; 0,01171875; 0,01171875; 550,625; 0,09146595
9915; 0,01171875; 0,01171875; 550,7678571428571; 0,09148969
9916; 0,01171875; 0,01171875; 549,8035714285714; 0,091329515
9917; 0,01171875; 0,01171875; 550,0; 0,09136214
9918; 0,01171875; 0,01171875; 549,125; 0,091216795
9919; 0,01171875; 0,01171875; 549,5892857142857; 0,091293894
9920; 0,01171875; 0,01171875; 550,5892857142857; 0,09146001
9921; 0,01171875; 0,01171875; 550,9107142857143; 0,09151341
9922; 0,01171875; 0,01171875; 549,5535714285714; 0,09128798
9923; 0,01171875; 0,01171875; 550,0357142857143; 0,091368064
9924; 0,01171875; 0,01171875; 548,6607142857143; 0,09113966
9925; 0,01171875; 0,01171875; 549,7857142857143; 0,09132656
9926; 0,01171875; 0,01171875; 550,8392857142857; 0,09150153
9927; 0,01171875; 0,01171875; 550,3392857142857; 0,091418505
9928; 0,01171875; 0,01171875; 549,5535714285714; 0,09128798
9929; 0,01171875; 0,01171875; 548,5357142857143; 0,09111889
9930; 0,01171875; 0,01171875; 550,5357142857143; 0,09145113
9931; 0,01171875; 0,01171875; 549,9821428571429; 0,091359176
9932; 0,01171875; 0,01171875; 550,1785714285714; 0,0913918
9933; 0,01171875; 0,01171875; 550,2678571428571; 0,09140663
9934; 0,01171875; 0,01171875; 550,4464285714286; 0,091436304
9935; 0,01171875; 0,01171875; 549,75; 0,09132062
9936; 0,01171875; 0,01171875; 550,1071428571429; 0,091379926
9937; 0,01171875; 0,01171875; 550,3392857142857; 0,091418505
9938; 0,01171875; 0,01171875; 549,5892857142857; 0,09129391
9939; 0,01171875; 0,01171875; 550,7321428571429; 0,09148376
9940; 0,01171875; 0,01171875; 550,7678571428571; 0,09148967
9941; 0,01171875; 0,01171875; 550,4821428571429; 0,09144221
9942; 0,01171875; 0,01171875; 551,2857142857143; 0,09157572
9943; 0,01171875; 0,01171875; 550,375; 0,09142443
9944; 0,01171875; 0,01171875; 550,25; 0,09140367
9945; 0,01171875; 0,01171875; 550,0714285714286; 0,091374
9946; 0,01171875; 0,01171875; 549,0892857142857; 0,09121086
9947; 0,01171875; 0,01171875; 550,2142857142857; 0,091397725
9948; 0,01171875; 0,01171875; 549,6607142857143; 0,09130578
9949; 0,01171875; 0,01171875; 549,7142857142857; 0,09131467
9950; 0,01171875; 0,01171875; 550,3571428571429; 0,09142147
9951; 0,01171875; 0,01171875; 550,3571428571429; 0,09142148
9952; 0,01171875; 0,01171875; 549,8571428571429; 0,091338396
9953; 0,01171875; 0,01171875; 550,0178571428571; 0,09136511
9954; 0,01171875; 0,01171875; 549,8035714285714; 0,09132951
9955; 0,01171875; 0,01171875; 549,75; 0,0913206
9956; 0,01171875; 0,01171875; 549,75; 0,0913206
9957; 0,01171875; 0,01171875; 549,8571428571429; 0,0913384
9958; 0,01171875; 0,01171875; 549,2142857142857; 0,09123163
9959; 0,01171875; 0,01171875; 551,1071428571429; 0,09154602
9960; 0,01171875; 0,01171875; 549,9642857142857; 0,09135621
9961; 0,01171875; 0,01171875; 549,9821428571429; 0,09135915
9962; 0,01171875; 0,01171875; 551,0; 0,09152826
9963; 0,01171875; 0,01171875; 549,2678571428571; 0,09124052
9964; 0,01171875; 0,01171875; 549,875; 0,09134137
9965; 0,01171875; 0,01171875; 549,7142857142857; 0,09131468
9966; 0,01171875; 0,01171875; 548,3928571428571; 0,09109517
9967; 0,01171875; 0,01171875; 549,875; 0,09134138
9968; 0,01171875; 0,01171875; 549,0357142857143; 0,09120197
9969; 0,01171875; 0,01171875; 549,7678571428571; 0,0913236
9970; 0,01171875; 0,01171875; 550,3571428571429; 0,09142148
9971; 0,01171875; 0,01171875; 549,0357142857143; 0,09120195
9972; 0,01171875; 0,01171875; 549,8035714285714; 0,091329515
9973; 0,01171875; 0,01171875; 549,8392857142857; 0,09133544
9974; 0,01171875; 0,01171875; 549,6607142857143; 0,091305785
9975; 0,01171875; 0,01171875; 550,2321428571429; 0,0914007
9976; 0,01171875; 0,01171875; 549,7857142857143; 0,09132654
9977; 0,01171875; 0,01171875; 550,25; 0,09140366
9978; 0,01171875; 0,01171875; 550,1071428571429; 0,09137993
9979; 0,01171875; 0,01171875; 550,9285714285714; 0,091516376
9980; 0,01171875; 0,01171875; 549,4642857142857; 0,09127313
9981; 0,01171875; 0,01171875; 549,4107142857143; 0,09126426
9982; 0,01171875; 0,01171875; 549,3571428571429; 0,09125536
9983; 0,01171875; 0,01171875; 549,6785714285714; 0,091308735
9984; 0,01171875; 0,01171875; 550,4285714285714; 0,091433324
9985; 0,01171875; 0,01171875; 550,7142857142857; 0,091480784
9986; 0,01171875; 0,01171875; 549,4821428571429; 0,091276124
9987; 0,01171875; 0,01171875; 549,8035714285714; 0,09132951
9988; 0,01171875; 0,01171875; 549,0892857142857; 0,091210835
9989; 0,01171875; 0,01171875; 549,7142857142857; 0,091314666
9990; 0,01171875; 0,01171875; 549,5; 0,091279075
9991; 0,01171875; 0,01171875; 550,0714285714286; 0,09137399
9992; 0,01171875; 0,01171875; 549,6428571428571; 0,0913028
9993; 0,01171875; 0,01171875; 550,1785714285714; 0,09139181
9994; 0,01171875; 0,01171875; 549,7321428571429; 0,09131763
9995; 0,01171875; 0,01171875; 550,6607142857143; 0,09147191
9996; 0,01171875; 0,01171875; 550,3214285714286; 0,09141553
9997; 0,01171875; 0,01171875; 550,4642857142857; 0,09143927
9998; 0,01171875; 0,01171875; 550,1607142857143; 0,09138883
9999; 0,01171875; 0,01171875; 550,2678571428571; 0,09140664
10000; 0,01171875; 0,01171875; 549,4821428571429; 0,091276124
