Iteration; Fitness nach Rekombination; Fitness nach Mutation; Anzahl aktiver Knoten; Anteil aktiver Knoten
1; 0,07667288; 0,07667288; 15,272727272727273; 0,03042376
2; 0,07667288; 0,07667288; 21,454545454545453; 0,04273814
3; 0,07667288; 0,07667288; 14,590909090909092; 0,029065555
4; 0,07667288; 0,07667288; 17,181818181818183; 0,03422673
5; 0,07667288; 0,07667288; 22,181818181818183; 0,044186894
6; 0,07667288; 0,07667288; 19,363636363636363; 0,038572986
7; 0,07667288; 0,07667288; 21,272727272727273; 0,042375952
8; 0,07667288; 0,07667288; 19,90909090909091; 0,03965955
9; 0,07667288; 0,07667288; 24,681818181818183; 0,049166977
10; 0,07667288; 0,07667288; 20,545454545454547; 0,040927205
11; 0,07667288; 0,07667288; 18,227272727272727; 0,036309313
12; 0,07667288; 0,07667288; 25,818181818181817; 0,051430654
13; 0,07667288; 0,07667288; 22,181818181818183; 0,044186894
14; 0,07667288; 0,07667288; 24,0; 0,047808766
15; 0,07667288; 0,07667288; 27,318181818181817; 0,054418698
16; 0,07667288; 0,07667288; 27,545454545454547; 0,05487143
17; 0,07667288; 0,07667288; 27,818181818181817; 0,05541471
18; 0,07667288; 0,05621835; 27,954545454545453; 0,055686355
19; 0,05621835; 0,05621835; 28,363636363636363; 0,056501273
20; 0,05621835; 0,05621835; 28,363636363636363; 0,05650127
21; 0,05621835; 0,05621835; 28,681818181818183; 0,057135105
22; 0,05621835; 0,05621835; 24,5; 0,04880477
23; 0,05621835; 0,05621835; 21,545454545454547; 0,042919233
24; 0,05621835; 0,053750984; 20,227272727272727; 0,040293377
25; 0,053750984; 0,051873703; 20,454545454545453; 0,040746104
26; 0,051873703; 0,043865073; 20,636363636363637; 0,0411083
27; 0,043865073; 0,0420518; 22,545454545454547; 0,04491126
28; 0,0420518; 0,040640995; 22,136363636363637; 0,044096347
29; 0,040640995; 0,037487276; 22,772727272727273; 0,04536399
30; 0,037487276; 0,037487276; 23,0; 0,045816723
31; 0,037487276; 0,037487276; 21,40909090909091; 0,04264758
32; 0,037487276; 0,037487276; 21,727272727272727; 0,043281414
33; 0,037487276; 0,037487276; 21,136363636363637; 0,0421043
34; 0,037487276; 0,037487276; 21,90909090909091; 0,043643598
35; 0,037487276; 0,037487276; 20,772727272727273; 0,041379932
36; 0,037487276; 0,037487276; 21,272727272727273; 0,042375945
37; 0,037487276; 0,03651306; 22,181818181818183; 0,04418689
38; 0,03651306; 0,03651306; 23,545454545454547; 0,046903286
39; 0,03651306; 0,036298286; 19,454545454545453; 0,03875407
40; 0,036298286; 0,036298286; 22,136363636363637; 0,04409634
41; 0,036298286; 0,036298286; 21,772727272727273; 0,043371957
42; 0,036298286; 0,03608766; 20,636363636363637; 0,041108288
43; 0,03608766; 0,03600994; 21,40909090909091; 0,042647585
44; 0,03600994; 0,03600994; 21,681818181818183; 0,04319087
45; 0,03600994; 0,03600994; 23,09090909090909; 0,045997825
46; 0,03600994; 0,03600994; 22,454545454545453; 0,04473016
47; 0,03600994; 0,03551295; 22,818181818181817; 0,04545454
48; 0,03551295; 0,03551295; 22,681818181818183; 0,0451829
49; 0,03551295; 0,0352262; 21,40909090909091; 0,04264759
50; 0,0352262; 0,0352262; 23,59090909090909; 0,046993837
51; 0,0352262; 0,034922447; 23,045454545454547; 0,04590728
52; 0,034922447; 0,034922447; 22,90909090909091; 0,045635637
53; 0,034922447; 0,034922447; 21,40909090909091; 0,042647585
54; 0,034922447; 0,034922447; 20,40909090909091; 0,040655557
55; 0,034922447; 0,034922447; 21,136363636363637; 0,0421043
56; 0,034922447; 0,034922447; 21,681818181818183; 0,043190867
57; 0,034922447; 0,034922447; 22,681818181818183; 0,045182902
58; 0,034922447; 0,034922447; 20,59090909090909; 0,041017745
59; 0,034922447; 0,034922447; 21,954545454545453; 0,04373415
60; 0,034922447; 0,034821857; 23,045454545454547; 0,045907274
61; 0,034821857; 0,034821857; 22,863636363636363; 0,04554509
62; 0,034821857; 0,034807224; 22,681818181818183; 0,0451829
63; 0,034807224; 0,034807224; 22,0; 0,0438247
64; 0,034807224; 0,034807224; 21,40909090909091; 0,042647596
65; 0,034807224; 0,033626866; 21,09090909090909; 0,04201376
66; 0,033626866; 0,033626866; 23,727272727272727; 0,04726548
67; 0,033626866; 0,033626866; 21,727272727272727; 0,043281417
68; 0,033626866; 0,033626866; 22,136363636363637; 0,044096336
69; 0,033626866; 0,033626866; 22,181818181818183; 0,044186886
70; 0,033626866; 0,032495502; 22,545454545454547; 0,044911254
71; 0,032495502; 0,030520895; 22,227272727272727; 0,04427743
72; 0,030520895; 0,030520895; 21,545454545454547; 0,042919233
73; 0,030520895; 0,030520895; 21,681818181818183; 0,043190874
74; 0,030520895; 0,030520895; 21,045454545454547; 0,04192322
75; 0,030520895; 0,030389044; 20,272727272727273; 0,040383924
76; 0,030389044; 0,030389044; 21,318181818181817; 0,042466506
77; 0,030389044; 0,030389044; 19,90909090909091; 0,039659545
78; 0,030389044; 0,030389044; 20,863636363636363; 0,041561034
79; 0,030389044; 0,030389044; 20,59090909090909; 0,04101775
80; 0,030389044; 0,030389044; 22,636363636363637; 0,04509236
81; 0,030389044; 0,030389044; 22,5; 0,04482072
82; 0,030389044; 0,030389044; 21,772727272727273; 0,043371964
83; 0,030389044; 0,030389044; 22,181818181818183; 0,044186886
84; 0,030389044; 0,030389044; 22,636363636363637; 0,045092348
85; 0,030389044; 0,030389044; 21,272727272727273; 0,042375945
86; 0,030389044; 0,030389044; 21,363636363636363; 0,04255704
87; 0,030389044; 0,030389044; 21,40909090909091; 0,042647585
88; 0,030389044; 0,030389044; 21,636363636363637; 0,04310033
89; 0,030389044; 0,030389044; 22,954545454545453; 0,04572618
90; 0,030389044; 0,030389044; 22,136363636363637; 0,044096336
91; 0,030389044; 0,030389044; 21,40909090909091; 0,04264759
92; 0,030389044; 0,030389044; 21,454545454545453; 0,042738136
93; 0,030389044; 0,030389044; 21,5; 0,04282868
94; 0,030389044; 0,030389044; 22,181818181818183; 0,044186886
95; 0,030389044; 0,030389044; 21,818181818181817; 0,04346251
96; 0,030389044; 0,030389044; 21,727272727272727; 0,043281417
97; 0,030389044; 0,030389044; 22,181818181818183; 0,044186883
98; 0,030389044; 0,030389044; 22,0; 0,0438247
99; 0,030389044; 0,030389044; 20,727272727272727; 0,041289374
100; 0,030389044; 0,030389044; 21,818181818181817; 0,043462515
101; 0,030389044; 0,030389044; 22,818181818181817; 0,045454543
102; 0,030389044; 0,030389044; 22,0; 0,043824695
103; 0,030389044; 0,030389044; 22,0; 0,0438247
104; 0,030389044; 0,030389044; 21,363636363636363; 0,042557042
105; 0,030389044; 0,030389044; 22,045454545454547; 0,043915242
106; 0,030389044; 0,030389044; 20,227272727272727; 0,04029337
107; 0,030389044; 0,030389044; 23,0; 0,045816723
108; 0,030389044; 0,030389044; 21,454545454545453; 0,042738136
109; 0,030389044; 0,030389044; 20,454545454545453; 0,040746104
110; 0,030389044; 0,030389044; 21,454545454545453; 0,042738136
111; 0,030389044; 0,030389044; 20,636363636363637; 0,041108295
112; 0,030389044; 0,030389044; 22,272727272727273; 0,04436798
113; 0,030389044; 0,029676344; 20,681818181818183; 0,04119884
114; 0,029676344; 0,029676344; 21,40909090909091; 0,04264759
115; 0,029676344; 0,029676344; 22,545454545454547; 0,04491126
116; 0,029676344; 0,029676344; 22,318181818181817; 0,044458523
117; 0,029676344; 0,029676344; 21,90909090909091; 0,043643605
118; 0,029676344; 0,029676344; 22,181818181818183; 0,044186886
119; 0,029676344; 0,029676344; 20,636363636363637; 0,041108288
120; 0,029676344; 0,029676344; 21,454545454545453; 0,04273813
121; 0,029676344; 0,026848877; 22,363636363636363; 0,044549074
122; 0,026848877; 0,026848877; 22,318181818181817; 0,044458523
123; 0,026848877; 0,026848877; 21,681818181818183; 0,04319087
124; 0,026848877; 0,026848877; 22,727272727272727; 0,04527345
125; 0,026848877; 0,026848877; 21,727272727272727; 0,04328141
126; 0,026848877; 0,026848877; 22,59090909090909; 0,04500181
127; 0,026848877; 0,026317894; 23,0; 0,045816723
128; 0,026317894; 0,026317894; 22,227272727272727; 0,04427743
129; 0,026317894; 0,026317894; 22,545454545454547; 0,04491126
130; 0,026317894; 0,026317894; 22,863636363636363; 0,04554509
131; 0,026317894; 0,026317894; 23,363636363636363; 0,04654111
132; 0,026317894; 0,026317894; 23,40909090909091; 0,046631657
133; 0,026317894; 0,026317894; 23,363636363636363; 0,04654111
134; 0,026317894; 0,026317894; 24,363636363636363; 0,048533145
135; 0,026317894; 0,026317894; 24,681818181818183; 0,049166974
136; 0,026317894; 0,026317894; 24,227272727272727; 0,048261497
137; 0,026317894; 0,026317894; 25,863636363636363; 0,051521204
138; 0,026317894; 0,024611529; 24,40909090909091; 0,048623696
139; 0,024611529; 0,024611529; 25,59090909090909; 0,05097791
140; 0,024611529; 0,024611529; 25,227272727272727; 0,050253537
141; 0,024611529; 0,024611529; 25,136363636363637; 0,050072443
142; 0,024611529; 0,024611529; 25,772727272727273; 0,051340103
143; 0,024611529; 0,024611529; 25,0; 0,049800802
144; 0,024611529; 0,024611529; 25,363636363636363; 0,050525185
145; 0,024611529; 0,024611529; 24,772727272727273; 0,04934807
146; 0,024611529; 0,024611529; 24,363636363636363; 0,048533145
147; 0,024611529; 0,024611529; 25,772727272727273; 0,051340103
148; 0,024611529; 0,024611529; 24,90909090909091; 0,04961972
149; 0,024611529; 0,024611529; 25,772727272727273; 0,051340103
150; 0,024611529; 0,024611529; 26,181818181818183; 0,05215503
151; 0,024611529; 0,024611529; 24,818181818181817; 0,04943861
152; 0,024611529; 0,024611529; 26,09090909090909; 0,051973935
153; 0,024611529; 0,024611529; 23,772727272727273; 0,047356047
154; 0,024611529; 0,024611529; 26,863636363636363; 0,053513233
155; 0,024611529; 0,024611529; 25,727272727272727; 0,051249564
156; 0,024611529; 0,024611529; 25,681818181818183; 0,05115901
157; 0,024611529; 0,024611529; 25,818181818181817; 0,051430646
158; 0,024611529; 0,024611529; 25,545454545454547; 0,05088737
159; 0,024611529; 0,024611529; 27,136363636363637; 0,054056514
160; 0,024611529; 0,024611529; 25,454545454545453; 0,05070628
161; 0,024611529; 0,024611529; 24,636363636363637; 0,049076427
162; 0,024611529; 0,024611529; 26,181818181818183; 0,05215503
163; 0,024611529; 0,024511784; 26,0; 0,051792838
164; 0,024511784; 0,024511784; 25,0; 0,04980079
165; 0,024511784; 0,024511784; 24,5; 0,048804786
166; 0,024511784; 0,024511784; 25,954545454545453; 0,051702287
167; 0,024511784; 0,024511784; 25,272727272727273; 0,050344087
168; 0,024511784; 0,024511784; 26,0; 0,051792834
169; 0,024511784; 0,024511784; 23,272727272727273; 0,04636002
170; 0,024511784; 0,024511784; 24,818181818181817; 0,04943861
171; 0,024511784; 0,024511784; 25,818181818181817; 0,051430646
172; 0,024511784; 0,024511784; 26,0; 0,051792838
173; 0,024511784; 0,024511784; 26,136363636363637; 0,05206448
174; 0,024511784; 0,024511784; 25,5; 0,05079682
175; 0,024511784; 0,024511784; 25,727272727272727; 0,051249553
176; 0,024511784; 0,024511784; 26,045454545454547; 0,05188339
177; 0,024511784; 0,024511784; 25,318181818181817; 0,050434627
178; 0,024511784; 0,024511784; 24,59090909090909; 0,048985884
179; 0,024511784; 0,024511784; 24,5; 0,048804786
180; 0,024511784; 0,024511784; 26,545454545454547; 0,052879408
181; 0,024511784; 0,024511784; 26,045454545454547; 0,051883385
182; 0,024511784; 0,024511784; 25,181818181818183; 0,050162986
183; 0,024511784; 0,024511784; 25,09090909090909; 0,049981903
184; 0,024511784; 0,024511784; 24,5; 0,048804782
185; 0,024511784; 0,024511784; 25,545454545454547; 0,05088737
186; 0,024511784; 0,024511784; 26,045454545454547; 0,051883385
187; 0,024511784; 0,024511784; 24,727272727272727; 0,04925752
188; 0,024511784; 0,024511784; 24,5; 0,048804782
189; 0,024511784; 0,024511784; 23,954545454545453; 0,047718227
190; 0,024511784; 0,024511784; 26,0; 0,051792838
191; 0,024511784; 0,024511784; 25,59090909090909; 0,050977923
192; 0,024511784; 0,022810975; 25,227272727272727; 0,050253544
193; 0,022810975; 0,022810975; 25,772727272727273; 0,0513401
194; 0,022810975; 0,022810975; 23,363636363636363; 0,04654111
195; 0,022810975; 0,022810975; 25,727272727272727; 0,051249553
196; 0,022810975; 0,022810975; 26,227272727272727; 0,052245572
197; 0,022810975; 0,022810975; 24,863636363636363; 0,04952916
198; 0,022810975; 0,022810975; 27,454545454545453; 0,054690327
199; 0,022810975; 0,022810975; 25,90909090909091; 0,051611744
200; 0,022810975; 0,022810975; 25,40909090909091; 0,05061573
201; 0,022810975; 0,022810975; 25,545454545454547; 0,05088736
202; 0,022810975; 0,022810975; 25,545454545454547; 0,05088737
203; 0,022810975; 0,022810975; 24,90909090909091; 0,04961972
204; 0,022810975; 0,022810975; 26,454545454545453; 0,052698314
205; 0,022810975; 0,022810975; 26,0; 0,051792838
206; 0,022810975; 0,022810975; 25,40909090909091; 0,05061573
207; 0,022810975; 0,022810975; 25,045454545454547; 0,04989135
208; 0,022810975; 0,022810975; 25,5; 0,050796818
209; 0,022810975; 0,022810975; 26,272727272727273; 0,05233612
210; 0,022810975; 0,022810975; 25,636363636363637; 0,05106846
211; 0,022810975; 0,022810975; 24,954545454545453; 0,04971026
212; 0,022810975; 0,022810975; 26,136363636363637; 0,052064482
213; 0,022810975; 0,022810975; 25,363636363636363; 0,050525177
214; 0,022810975; 0,022810975; 25,227272727272727; 0,050253544
215; 0,022810975; 0,022810975; 25,818181818181817; 0,051430646
216; 0,022810975; 0,022810975; 26,045454545454547; 0,051883385
217; 0,022810975; 0,022810975; 26,227272727272727; 0,052245572
218; 0,022810975; 0,022810975; 25,40909090909091; 0,050615728
219; 0,022810975; 0,022810975; 26,727272727272727; 0,05324159
220; 0,022810975; 0,022810975; 23,727272727272727; 0,047265492
221; 0,022810975; 0,022810975; 25,227272727272727; 0,050253537
222; 0,022810975; 0,022810975; 26,227272727272727; 0,05224557
223; 0,022810975; 0,022810975; 24,40909090909091; 0,048623692
224; 0,022810975; 0,022810975; 25,90909090909091; 0,051611755
225; 0,022810975; 0,022810975; 24,90909090909091; 0,049619712
226; 0,022810975; 0,022810975; 25,954545454545453; 0,051702294
227; 0,022810975; 0,022810975; 26,818181818181817; 0,053422686
228; 0,022810975; 0,022810975; 25,818181818181817; 0,051430646
229; 0,022810975; 0,022810975; 25,681818181818183; 0,051159013
230; 0,022810975; 0,022810975; 26,09090909090909; 0,051973935
231; 0,022810975; 0,022810975; 24,454545454545453; 0,048714235
232; 0,022810975; 0,022810975; 25,636363636363637; 0,051068462
233; 0,022810975; 0,022810975; 25,954545454545453; 0,051702287
234; 0,022810975; 0,022810975; 26,0; 0,051792834
235; 0,022810975; 0,022810975; 25,863636363636363; 0,051521197
236; 0,022810975; 0,022810975; 26,40909090909091; 0,052607752
237; 0,022810975; 0,022810975; 26,818181818181817; 0,053422675
238; 0,022810975; 0,022810975; 25,318181818181817; 0,050434634
239; 0,022810975; 0,022810975; 25,09090909090909; 0,049981896
240; 0,022810975; 0,022810975; 25,40909090909091; 0,050615728
241; 0,022810975; 0,02239297; 24,90909090909091; 0,049619712
242; 0,02239297; 0,02239297; 25,727272727272727; 0,05124956
243; 0,02239297; 0,02239297; 24,454545454545453; 0,048714235
244; 0,02239297; 0,02239297; 25,954545454545453; 0,051702294
245; 0,02239297; 0,02239297; 25,181818181818183; 0,050162997
246; 0,02239297; 0,02239297; 23,363636363636363; 0,046541117
247; 0,02239297; 0,02239297; 26,136363636363637; 0,05206448
248; 0,02239297; 0,02239297; 26,136363636363637; 0,05206448
249; 0,02239297; 0,02239297; 25,40909090909091; 0,050615724
250; 0,02239297; 0,02239297; 25,818181818181817; 0,051430646
251; 0,02239297; 0,02239297; 26,227272727272727; 0,05224558
252; 0,02239297; 0,02239297; 26,454545454545453; 0,05269831
253; 0,02239297; 0,02239297; 26,681818181818183; 0,053151045
254; 0,02239297; 0,02239297; 26,0; 0,051792845
255; 0,02239297; 0,02239297; 25,5; 0,050796818
256; 0,02239297; 0,02239297; 24,954545454545453; 0,04971025
257; 0,02239297; 0,02239297; 25,681818181818183; 0,051159013
258; 0,02239297; 0,02239297; 24,045454545454547; 0,04789932
259; 0,02239297; 0,02239297; 25,5; 0,05079682
260; 0,02239297; 0,02239297; 25,818181818181817; 0,051430646
261; 0,02239297; 0,02239297; 26,09090909090909; 0,05197394
262; 0,02239297; 0,02239297; 26,318181818181817; 0,05242667
263; 0,02239297; 0,02239297; 26,40909090909091; 0,052607752
264; 0,02239297; 0,02239297; 25,5; 0,050796818
265; 0,02239297; 0,02239297; 25,5; 0,05079682
266; 0,02239297; 0,02239297; 26,363636363636363; 0,052517213
267; 0,02239297; 0,02239297; 26,181818181818183; 0,052155033
268; 0,02239297; 0,02239297; 25,90909090909091; 0,051611744
269; 0,02239297; 0,02239297; 25,636363636363637; 0,05106846
270; 0,02239297; 0,02239297; 25,636363636363637; 0,051068462
271; 0,02239297; 0,02239297; 26,0; 0,051792838
272; 0,02239297; 0,02239297; 25,636363636363637; 0,051068462
273; 0,02239297; 0,02239297; 27,181818181818183; 0,054147054
274; 0,02239297; 0,02239297; 25,0; 0,049800802
275; 0,02239297; 0,02239297; 25,818181818181817; 0,051430654
276; 0,02239297; 0,02239297; 26,227272727272727; 0,05224557
277; 0,02239297; 0,02239297; 27,59090909090909; 0,054961976
278; 0,02239297; 0,02239297; 24,727272727272727; 0,04925752
279; 0,02239297; 0,02239297; 25,818181818181817; 0,051430646
280; 0,02239297; 0,02239297; 25,727272727272727; 0,05124956
281; 0,02239297; 0,02239297; 26,136363636363637; 0,052064475
282; 0,02239297; 0,02239297; 25,454545454545453; 0,05070627
283; 0,02239297; 0,02239297; 25,545454545454547; 0,05088736
284; 0,02239297; 0,02239297; 24,454545454545453; 0,04871423
285; 0,02239297; 0,02239297; 24,181818181818183; 0,04817096
286; 0,02239297; 0,02239297; 24,818181818181817; 0,04943861
287; 0,02239297; 0,02239297; 25,136363636363637; 0,050072443
288; 0,02239297; 0,02239297; 26,272727272727273; 0,052336123
289; 0,02239297; 0,02239297; 25,545454545454547; 0,05088736
290; 0,02239297; 0,02239297; 24,5; 0,048804782
291; 0,02239297; 0,02239297; 24,5; 0,048804782
292; 0,02239297; 0,02239297; 24,90909090909091; 0,0496197
293; 0,02239297; 0,02239297; 24,363636363636363; 0,048533138
294; 0,02239297; 0,019979486; 26,318181818181817; 0,052426662
295; 0,019979486; 0,019979486; 25,363636363636363; 0,050525177
296; 0,019979486; 0,019979486; 26,09090909090909; 0,051973924
297; 0,019979486; 0,019979486; 26,681818181818183; 0,053151038
298; 0,019979486; 0,019979486; 28,772727272727273; 0,0573162
299; 0,019979486; 0,019979486; 29,954545454545453; 0,059670422
300; 0,019979486; 0,017423222; 28,0; 0,055776898
301; 0,017423222; 0,017423222; 26,181818181818183; 0,05215502
302; 0,017423222; 0,016040238; 26,681818181818183; 0,053151038
303; 0,016040238; 0,016040238; 27,045454545454547; 0,05387541
304; 0,016040238; 0,016040238; 28,863636363636363; 0,05749729
305; 0,016040238; 0,016040238; 27,818181818181817; 0,055414703
306; 0,016040238; 0,016040238; 27,454545454545453; 0,054690327
307; 0,016040238; 0,016040238; 27,181818181818183; 0,05414705
308; 0,016040238; 0,016040238; 26,954545454545453; 0,05369431
309; 0,016040238; 0,016040238; 28,272727272727273; 0,05632018
310; 0,016040238; 0,016040238; 26,954545454545453; 0,05369431
311; 0,016040238; 0,016040238; 26,90909090909091; 0,053603757
312; 0,016040238; 0,016040238; 27,954545454545453; 0,05568634
313; 0,016040238; 0,016040238; 28,09090909090909; 0,055957984
314; 0,016040238; 0,016040238; 28,09090909090909; 0,055957977
315; 0,016040238; 0,016040238; 26,454545454545453; 0,0526983
316; 0,016040238; 0,016040238; 25,818181818181817; 0,05143064
317; 0,016040238; 0,016040238; 27,181818181818183; 0,05414705
318; 0,016040238; 0,01603477; 26,818181818181817; 0,053422667
319; 0,01603477; 0,01603477; 26,90909090909091; 0,05360377
320; 0,01603477; 0,01603477; 27,772727272727273; 0,055324152
321; 0,01603477; 0,01603477; 27,227272727272727; 0,054237593
322; 0,01603477; 0,01603477; 28,045454545454547; 0,055867445
323; 0,01603477; 0,01603477; 26,772727272727273; 0,053332124
324; 0,01603477; 0,01603477; 26,772727272727273; 0,053332128
325; 0,01603477; 0,01603477; 27,5; 0,054780886
326; 0,01603477; 0,01603477; 26,136363636363637; 0,05206448
327; 0,01603477; 0,01603477; 25,136363636363637; 0,050072446
328; 0,01603477; 0,01603477; 26,136363636363637; 0,05206448
329; 0,01603477; 0,01603477; 26,09090909090909; 0,051973935
330; 0,01603477; 0,01603477; 23,5; 0,04681275
331; 0,01603477; 0,01603477; 23,863636363636363; 0,047537133
332; 0,01603477; 0,01603477; 25,681818181818183; 0,05115901
333; 0,01603477; 0,01603477; 27,272727272727273; 0,054328155
334; 0,01603477; 0,01603477; 25,40909090909091; 0,05061573
335; 0,01603477; 0,01603477; 25,863636363636363; 0,051521197
336; 0,01603477; 0,01603477; 24,363636363636363; 0,04853314
337; 0,01603477; 0,01603477; 29,136363636363637; 0,05804058
338; 0,01603477; 0,01603477; 26,318181818181817; 0,052426662
339; 0,01603477; 0,01603477; 24,636363636363637; 0,049076434
340; 0,01603477; 0,01603477; 25,454545454545453; 0,05070628
341; 0,01603477; 0,01603477; 24,681818181818183; 0,049166974
342; 0,01603477; 0,01603477; 24,818181818181817; 0,04943862
343; 0,01603477; 0,01603477; 25,318181818181817; 0,050434634
344; 0,01603477; 0,01603477; 25,863636363636363; 0,051521197
345; 0,01603477; 0,01603477; 24,727272727272727; 0,04925752
346; 0,01603477; 0,01603477; 26,818181818181817; 0,053422686
347; 0,01603477; 0,01603477; 25,40909090909091; 0,050615728
348; 0,01603477; 0,01603477; 25,40909090909091; 0,050615724
349; 0,01603477; 0,01603477; 25,136363636363637; 0,050072443
350; 0,01603477; 0,01603477; 26,636363636363637; 0,053060494
351; 0,01603477; 0,01603477; 26,863636363636363; 0,053513225
352; 0,01603477; 0,01603477; 26,09090909090909; 0,051973935
353; 0,01603477; 0,01603477; 25,363636363636363; 0,050525174
354; 0,01603477; 0,01603477; 25,40909090909091; 0,050615728
355; 0,01603477; 0,01603477; 24,363636363636363; 0,048533145
356; 0,01603477; 0,01603477; 25,272727272727273; 0,050344083
357; 0,01603477; 0,015907327; 23,863636363636363; 0,047537126
358; 0,015907327; 0,015907327; 26,318181818181817; 0,05242667
359; 0,015907327; 0,015907327; 25,59090909090909; 0,05097792
360; 0,015907327; 0,015907327; 25,045454545454547; 0,04989134
361; 0,015907327; 0,015907327; 25,818181818181817; 0,051430646
362; 0,015907327; 0,015907327; 26,636363636363637; 0,053060494
363; 0,015907327; 0,015907327; 25,227272727272727; 0,050253533
364; 0,015907327; 0,015907327; 25,863636363636363; 0,051521193
365; 0,015907327; 0,015907327; 25,40909090909091; 0,050615724
366; 0,015907327; 0,015907327; 27,727272727272727; 0,05523361
367; 0,015907327; 0,015907327; 25,727272727272727; 0,05124954
368; 0,015907327; 0,015907327; 26,363636363636363; 0,052517198
369; 0,015907327; 0,015907327; 25,363636363636363; 0,050525166
370; 0,015907327; 0,015907327; 26,90909090909091; 0,053603757
371; 0,015907327; 0,015907327; 26,59090909090909; 0,052969933
372; 0,015907327; 0,015907327; 26,0; 0,051792827
373; 0,015907327; 0,015907327; 25,954545454545453; 0,051702272
374; 0,015907327; 0,015907327; 26,318181818181817; 0,05242665
375; 0,015907327; 0,012766374; 27,09090909090909; 0,053965952
376; 0,012766374; 0,012766374; 25,59090909090909; 0,050977908
377; 0,012766374; 0,012766374; 26,045454545454547; 0,051883366
378; 0,012766374; 0,012766374; 25,59090909090909; 0,0509779
379; 0,012766374; 0,012766374; 26,272727272727273; 0,05233611
380; 0,012766374; 0,012766374; 25,772727272727273; 0,051340092
381; 0,012766374; 0,012766374; 25,09090909090909; 0,04998189
382; 0,012766374; 0,012766374; 24,90909090909091; 0,049619697
383; 0,012766374; 0,012766374; 26,727272727272727; 0,053241573
384; 0,012766374; 0,012766374; 26,59090909090909; 0,052969933
385; 0,012766374; 0,012766374; 26,0; 0,051792823
386; 0,012766374; 0,012766374; 26,59090909090909; 0,052969936
387; 0,012766374; 0,012766374; 26,5; 0,052788842
388; 0,012766374; 0,012766374; 27,59090909090909; 0,054961964
389; 0,012766374; 0,012766374; 27,727272727272727; 0,05523361
390; 0,012766374; 0,011221172; 27,181818181818183; 0,054147042
391; 0,011221172; 0,011221172; 26,727272727272727; 0,053241573
392; 0,011221172; 0,011221172; 25,227272727272727; 0,050253525
393; 0,011221172; 0,011221172; 26,863636363636363; 0,053513218
394; 0,011221172; 0,011221172; 27,318181818181817; 0,054418683
395; 0,011221172; 0,011221172; 27,181818181818183; 0,05414705
396; 0,011221172; 0,011221172; 27,954545454545453; 0,055686343
397; 0,011221172; 0,010814135; 27,318181818181817; 0,054418683
398; 0,010814135; 0,010814135; 27,272727272727273; 0,054328144
399; 0,010814135; 0,010814135; 26,727272727272727; 0,053241577
400; 0,010814135; 0,010814135; 28,318181818181817; 0,056410715
401; 0,010814135; 0,010814135; 27,90909090909091; 0,05559579
402; 0,010814135; 0,010814135; 28,59090909090909; 0,056954004
403; 0,010814135; 0,010814135; 27,318181818181817; 0,054418687
404; 0,010814135; 0,010814135; 28,136363636363637; 0,056048524
405; 0,010814135; 0,010814135; 28,136363636363637; 0,056048535
406; 0,010814135; 0,010814135; 27,363636363636363; 0,054509237
407; 0,010814135; 0,010814135; 27,545454545454547; 0,054871418
408; 0,010814135; 0,010814135; 27,181818181818183; 0,05414704
409; 0,010814135; 0,010814135; 26,681818181818183; 0,053151023
410; 0,010814135; 0,010814135; 27,681818181818183; 0,055143073
411; 0,010814135; 0,010814135; 27,59090909090909; 0,054961964
412; 0,010814135; 0,010814135; 27,363636363636363; 0,054509237
413; 0,010814135; 0,010814135; 27,227272727272727; 0,054237593
414; 0,010814135; 0,010814135; 26,954545454545453; 0,05369431
415; 0,010814135; 0,010814135; 28,772727272727273; 0,057316195
416; 0,010814135; 0,010814135; 27,954545454545453; 0,055686343
417; 0,010814135; 0,010814135; 29,181818181818183; 0,0581311
418; 0,010814135; 0,010814135; 28,272727272727273; 0,056320164
419; 0,010814135; 0,010814135; 28,227272727272727; 0,056229636
420; 0,010814135; 0,010814135; 25,681818181818183; 0,051159002
421; 0,010814135; 0,010814135; 26,681818181818183; 0,053151034
422; 0,010814135; 0,010814135; 26,636363636363637; 0,053060487
423; 0,010814135; 0,010814135; 27,681818181818183; 0,055143062
424; 0,010814135; 0,010814135; 27,59090909090909; 0,054961964
425; 0,010814135; 0,010814135; 28,59090909090909; 0,056954015
426; 0,010814135; 0,010814135; 27,0; 0,05378486
427; 0,010814135; 0,010814135; 27,545454545454547; 0,054871414
428; 0,010814135; 0,010814135; 28,545454545454547; 0,05686345
429; 0,010814135; 0,010814135; 27,545454545454547; 0,054871425
430; 0,010814135; 0,010814135; 26,636363636363637; 0,053060476
431; 0,010814135; 0,010814135; 28,5; 0,056772903
432; 0,010814135; 0,010814135; 26,90909090909091; 0,05360377
433; 0,010814135; 0,010814135; 26,227272727272727; 0,05224556
434; 0,010814135; 0,010814135; 28,181818181818183; 0,056139078
435; 0,010814135; 0,010814135; 27,727272727272727; 0,05523361
436; 0,010814135; 0,010814135; 27,545454545454547; 0,054871418
437; 0,010814135; 0,010814135; 27,136363636363637; 0,054056503
438; 0,010814135; 0,010814135; 27,772727272727273; 0,05532416
439; 0,010814135; 0,010814135; 27,40909090909091; 0,054599773
440; 0,010814135; 0,010814135; 27,772727272727273; 0,055324152
441; 0,010814135; 0,010814135; 27,40909090909091; 0,054599773
442; 0,010814135; 0,010814135; 26,772727272727273; 0,053332124
443; 0,010814135; 0,010814135; 26,545454545454547; 0,05287939
444; 0,010814135; 0,009637231; 27,954545454545453; 0,05568634
