Iteration, Fitness nach Rekombination, Fitness nach Mutation, Anzahl aktiver Knoten, Anteil aktiver Knoten
1, 0.21114784, 0.21114784, 14.109375, 0.023437504
2, 0.21114784, 0.027108949, 14.0625, 0.02335964
3, 0.027108949, 0.027108949, 16.71875, 0.027772019
4, 0.027108949, 0.027108949, 15.84375, 0.026318528
5, 0.027108949, 0.027108949, 17.875, 0.029692698
6, 0.027108949, 0.02705122, 23.921875, 0.039737344
7, 0.02705122, 0.02465081, 23.625, 0.039244194
8, 0.02465081, 0.02465081, 24.296875, 0.040360272
9, 0.02465081, 0.02465081, 24.203125, 0.040204536
10, 0.02465081, 0.024212116, 24.046875, 0.039944984
11, 0.024212116, 0.024212116, 23.96875, 0.03981521
12, 0.024212116, 0.024212116, 24.375, 0.040490046
13, 0.024212116, 0.024212116, 23.859375, 0.039633527
14, 0.024212116, 0.024212116, 24.390625, 0.040515997
15, 0.024212116, 0.022795878, 23.796875, 0.0395297
16, 0.022795878, 0.022795878, 23.9375, 0.039763298
17, 0.022795878, 0.022795878, 25.09375, 0.041683972
18, 0.022795878, 0.022661958, 25.015625, 0.041554186
19, 0.022661958, 0.022661958, 25.921875, 0.043059584
20, 0.022661958, 0.022661958, 25.671875, 0.042644296
21, 0.022661958, 0.022661958, 25.984375, 0.043163408
22, 0.022661958, 0.022661958, 25.6875, 0.042670254
23, 0.022661958, 0.022661958, 25.5, 0.04235879
24, 0.022661958, 0.022661958, 25.40625, 0.042203065
25, 0.022661958, 0.022661958, 25.328125, 0.042073287
26, 0.022661958, 0.022661958, 25.234375, 0.041917566
27, 0.022661958, 0.022661958, 25.1875, 0.041839696
28, 0.022661958, 0.022661958, 25.4375, 0.042254977
29, 0.022661958, 0.022661958, 25.875, 0.04298171
30, 0.022661958, 0.022661958, 25.9375, 0.043085538
31, 0.022661958, 0.022661958, 25.734375, 0.04274812
32, 0.022661958, 0.022661958, 24.921875, 0.041398454
33, 0.022661958, 0.022661958, 24.828125, 0.04124273
34, 0.022661958, 0.022661958, 25.9375, 0.043085545
35, 0.022661958, 0.022661958, 25.375, 0.04215117
36, 0.022661958, 0.022661958, 25.546875, 0.04243666
37, 0.022661958, 0.02109339, 25.859375, 0.042955764
38, 0.02109339, 0.02109339, 25.515625, 0.042384755
39, 0.02109339, 0.02109339, 25.25, 0.041943513
40, 0.02109339, 0.02109339, 25.375, 0.042151146
41, 0.02109339, 0.02109339, 24.921875, 0.041398454
42, 0.02109339, 0.02109339, 25.890625, 0.043007668
43, 0.02109339, 0.02109339, 24.734375, 0.041086994
44, 0.02109339, 0.02109339, 25.109375, 0.041709926
45, 0.02109339, 0.02109339, 25.28125, 0.041995436
46, 0.02109339, 0.02109339, 25.390625, 0.04217712
47, 0.02109339, 0.021078525, 25.359375, 0.042125206
48, 0.021078525, 0.021078525, 25.21875, 0.041891605
49, 0.021078525, 0.021078525, 24.84375, 0.041268677
50, 0.021078525, 0.021078525, 25.28125, 0.04199543
51, 0.021078525, 0.021078525, 24.921875, 0.041398454
52, 0.021078525, 0.021078525, 25.984375, 0.043163408
53, 0.021078525, 0.021078525, 25.578125, 0.042488575
54, 0.021078525, 0.021078525, 25.71875, 0.04272217
55, 0.021078525, 0.021078525, 25.421875, 0.042229023
56, 0.021078525, 0.021078525, 25.453125, 0.04228094
57, 0.021078525, 0.021078525, 24.78125, 0.041164856
58, 0.021078525, 0.021078525, 25.515625, 0.042384755
59, 0.021078525, 0.021078525, 25.484375, 0.04233283
60, 0.021078525, 0.021078525, 25.359375, 0.042125203
61, 0.021078525, 0.021078525, 25.8125, 0.0428779
62, 0.021078525, 0.021078525, 25.625, 0.04256644
63, 0.021078525, 0.021078525, 25.828125, 0.042903855
64, 0.021078525, 0.021078525, 24.828125, 0.04124273
65, 0.021078525, 0.021078525, 25.578125, 0.04248858
66, 0.021078525, 0.021078525, 24.96875, 0.041476328
67, 0.021078525, 0.021078525, 24.65625, 0.040957227
68, 0.021078525, 0.021078525, 24.96875, 0.041476324
69, 0.021078525, 0.021078525, 25.703125, 0.042696215
70, 0.021078525, 0.021078525, 24.625, 0.040905315
71, 0.021078525, 0.021078525, 25.0, 0.04152824
72, 0.021078525, 0.021078525, 24.703125, 0.04103509
73, 0.021078525, 0.021078525, 25.125, 0.04173587
74, 0.021078525, 0.021078525, 25.25, 0.041943524
75, 0.021078525, 0.021078525, 24.375, 0.040490035
76, 0.021078525, 0.021078525, 25.359375, 0.0421252
77, 0.021078525, 0.021078525, 24.515625, 0.040723626
78, 0.021078525, 0.021078525, 24.421875, 0.040567897
79, 0.021078525, 0.021078525, 25.421875, 0.042229027
80, 0.021078525, 0.021078525, 25.03125, 0.041580144
81, 0.021078525, 0.021078525, 24.9375, 0.041424416
82, 0.021078525, 0.021078525, 24.625, 0.04090531
83, 0.021078525, 0.021078525, 24.890625, 0.041346546
84, 0.021078525, 0.021078525, 24.640625, 0.04093127
85, 0.021078525, 0.021078525, 24.84375, 0.041268688
86, 0.021078525, 0.021078525, 24.640625, 0.04093127
87, 0.021078525, 0.021078525, 24.921875, 0.04139846
88, 0.021078525, 0.019146718, 24.546875, 0.040775537
89, 0.019146718, 0.01789441, 24.515625, 0.040723633
90, 0.01789441, 0.016060613, 25.1875, 0.0418397
91, 0.016060613, 0.016060613, 24.828125, 0.04124273
92, 0.016060613, 0.015558355, 25.40625, 0.042203072
93, 0.015558355, 0.015558355, 25.4375, 0.04225498
94, 0.015558355, 0.015558355, 25.28125, 0.04199543
95, 0.015558355, 0.015558355, 26.078125, 0.043319132
96, 0.015558355, 0.015558355, 25.53125, 0.042410705
97, 0.015558355, 0.015558355, 25.359375, 0.042125203
98, 0.015558355, 0.015314133, 26.015625, 0.043215312
99, 0.015314133, 0.015314133, 25.234375, 0.04191756
100, 0.015314133, 0.015314133, 25.453125, 0.04228093
101, 0.015314133, 0.015314133, 25.59375, 0.04251452
102, 0.015314133, 0.015314133, 25.875, 0.042981725
103, 0.015314133, 0.015314133, 25.1875, 0.04183969
104, 0.015314133, 0.015314133, 25.40625, 0.042203065
105, 0.015314133, 0.014211464, 25.40625, 0.04220306
106, 0.014211464, 0.014211464, 25.78125, 0.04282599
107, 0.014211464, 0.014211464, 25.25, 0.041943517
108, 0.014211464, 0.014211464, 25.796875, 0.042851944
109, 0.014211464, 0.012595155, 26.09375, 0.043345094
110, 0.012595155, 0.012595155, 25.734375, 0.042748116
111, 0.012595155, 0.012595155, 26.390625, 0.043838236
112, 0.012595155, 0.012595155, 26.09375, 0.043345097
113, 0.012595155, 0.01243799, 27.078125, 0.044980265
114, 0.01243799, 0.01243799, 27.25, 0.045265775
115, 0.01243799, 0.01243799, 27.875, 0.046303973
116, 0.01243799, 0.01243799, 27.359375, 0.04544747
117, 0.01243799, 0.01243799, 27.953125, 0.046433758
118, 0.01243799, 0.01243799, 28.09375, 0.046667337
119, 0.01243799, 0.012416817, 27.96875, 0.046459712
120, 0.012416817, 0.012416817, 28.671875, 0.047627684
121, 0.012416817, 0.012416817, 28.734375, 0.047731504
122, 0.012416817, 0.012416817, 28.796875, 0.047835324
123, 0.012416817, 0.012405176, 28.796875, 0.047835324
124, 0.012405176, 0.012405176, 29.125, 0.048380382
125, 0.012405176, 0.012405176, 28.640625, 0.04757577
126, 0.012405176, 0.012405176, 29.09375, 0.048328474
127, 0.012405176, 0.012405176, 28.46875, 0.04729027
128, 0.012405176, 0.012405176, 28.921875, 0.048042964
129, 0.012405176, 0.012405176, 29.53125, 0.049055204
130, 0.012405176, 0.012405176, 29.0, 0.048172727
131, 0.012405176, 0.012405176, 30.0, 0.049833857
132, 0.012405176, 0.012405176, 30.0, 0.049833857
133, 0.012405176, 0.012405176, 30.0, 0.049833857
134, 0.012405176, 0.012405176, 29.546875, 0.049081165
135, 0.012405176, 0.012405176, 30.140625, 0.05006746
136, 0.012405176, 0.012405176, 29.375, 0.048795663
137, 0.012405176, 0.0124044875, 29.828125, 0.049548358
138, 0.0124044875, 0.0124044875, 29.609375, 0.04918498
139, 0.0124044875, 0.0124044875, 29.84375, 0.04957431
140, 0.0124044875, 0.0124044875, 29.8125, 0.049522392
141, 0.0124044875, 0.0124044875, 29.859375, 0.049600262
142, 0.0124044875, 0.0124044875, 29.53125, 0.0490552
143, 0.0124044875, 0.0124044875, 29.140625, 0.048406325
144, 0.0124044875, 0.0124044875, 29.59375, 0.04915903
145, 0.0124044875, 0.012401142, 29.921875, 0.049704075
146, 0.012401142, 0.012401142, 29.25, 0.048588008
147, 0.012401142, 0.012401142, 29.609375, 0.049184978
148, 0.012401142, 0.012401142, 29.875, 0.049626216
149, 0.012401142, 0.012401142, 29.3125, 0.048691828
150, 0.012401142, 0.012401142, 30.234375, 0.050223183
151, 0.012401142, 0.0124002965, 29.515625, 0.04902925
152, 0.0124002965, 0.0124002965, 29.65625, 0.049262844
153, 0.0124002965, 0.0124002965, 29.65625, 0.04926285
154, 0.0124002965, 0.0124002965, 29.28125, 0.048639935
155, 0.0124002965, 0.0124002965, 29.875, 0.049626224
156, 0.0124002965, 0.0123902, 29.390625, 0.048821606
157, 0.0123902, 0.0123902, 30.4375, 0.050560597
158, 0.0123902, 0.0123902, 29.59375, 0.049159028
159, 0.0123902, 0.0123902, 29.8125, 0.049522392
160, 0.0123902, 0.0123902, 29.890625, 0.049652174
161, 0.0123902, 0.0123902, 29.703125, 0.049340714
162, 0.0123902, 0.0123902, 30.5625, 0.05076824
163, 0.0123902, 0.0123902, 30.203125, 0.05017127
164, 0.0123902, 0.0123853525, 29.34375, 0.048743743
165, 0.0123853525, 0.0123853525, 30.046875, 0.049911723
166, 0.0123853525, 0.0123853525, 30.1875, 0.050145313
167, 0.0123853525, 0.0123853525, 30.140625, 0.050067455
168, 0.0123853525, 0.0123853525, 31.0, 0.051494982
169, 0.0123853525, 0.0123853525, 31.765625, 0.052766796
170, 0.0123853525, 0.0123853525, 32.390625, 0.053804997
171, 0.0123853525, 0.0123853525, 32.34375, 0.053727135
172, 0.0123853525, 0.0123853525, 32.4375, 0.053882867
173, 0.0123853525, 0.0123853525, 32.46875, 0.05393478
174, 0.0123853525, 0.012361941, 32.234375, 0.05354546
175, 0.012361941, 0.012361941, 32.5625, 0.054090515
176, 0.012361941, 0.012361941, 32.703125, 0.054324113
177, 0.012361941, 0.012361941, 32.765625, 0.054427948
178, 0.012361941, 0.012361941, 33.21875, 0.05518066
179, 0.012361941, 0.012361941, 33.578125, 0.055777643
180, 0.012361941, 0.012361941, 33.46875, 0.055595957
181, 0.012361941, 0.012361941, 33.640625, 0.05588147
182, 0.012361941, 0.012361941, 33.828125, 0.056192923
183, 0.012361941, 0.012361941, 33.484375, 0.05562191
184, 0.012361941, 0.012361941, 33.171875, 0.05510279
185, 0.012361941, 0.012361941, 32.25, 0.05357145
186, 0.012361941, 0.012361941, 33.515625, 0.055673826
187, 0.012361941, 0.012361941, 33.3125, 0.055336405
188, 0.012361941, 0.012361941, 32.578125, 0.054116506
189, 0.012361941, 0.012361941, 33.96875, 0.05642653
190, 0.012361941, 0.012132067, 33.265625, 0.05525853
191, 0.012132067, 0.012132067, 33.3125, 0.0553364
192, 0.012132067, 0.012132067, 33.765625, 0.056089096
193, 0.012132067, 0.012132067, 32.734375, 0.05437606
194, 0.012132067, 0.012132067, 33.171875, 0.055102795
195, 0.012132067, 0.012132067, 33.171875, 0.05510278
196, 0.012132067, 0.012132067, 32.828125, 0.054531757
197, 0.012132067, 0.012132067, 31.734375, 0.052714888
198, 0.012132067, 0.012132067, 32.140625, 0.053389724
199, 0.012132067, 0.012132067, 32.46875, 0.053934783
200, 0.012132067, 0.012132067, 32.40625, 0.05383095
201, 0.012132067, 0.012132067, 32.453125, 0.053908817
202, 0.012132067, 0.012132067, 32.625, 0.05419434
203, 0.012132067, 0.012132067, 32.046875, 0.053233985
204, 0.012132067, 0.012132067, 32.4375, 0.05388287
205, 0.012132067, 0.012132067, 32.390625, 0.053805005
206, 0.012132067, 0.012129521, 32.1875, 0.053467587
207, 0.012129521, 0.012129521, 32.765625, 0.054427925
208, 0.012129521, 0.012129521, 32.640625, 0.054220285
209, 0.012129521, 0.012129521, 32.0625, 0.053259943
210, 0.012129521, 0.012129521, 32.84375, 0.054557703
211, 0.012129521, 0.012129521, 33.125, 0.055024892
212, 0.012129521, 0.012129521, 32.359375, 0.053753085
213, 0.012129521, 0.012129521, 32.421875, 0.05385692
214, 0.012129521, 0.012129521, 32.4375, 0.053882863
215, 0.012129521, 0.012129521, 32.515625, 0.054012645
216, 0.012129521, 0.012129521, 32.265625, 0.053597365
217, 0.012129521, 0.012129521, 32.8125, 0.054505795
218, 0.012129521, 0.012129521, 32.484375, 0.053960744
219, 0.012129521, 0.012129521, 32.78125, 0.054453887
220, 0.012129521, 0.012129521, 32.296875, 0.05364928
221, 0.012129521, 0.012129521, 32.828125, 0.054531753
222, 0.012129521, 0.012129521, 32.0625, 0.05325995
223, 0.012129521, 0.012129521, 31.421875, 0.052195787
224, 0.012129521, 0.012129521, 32.734375, 0.054376017
225, 0.012129521, 0.012129521, 33.046875, 0.054895118
226, 0.012129521, 0.012129521, 32.296875, 0.05364928
227, 0.012129521, 0.012129521, 31.71875, 0.05268894
228, 0.012129521, 0.012129521, 31.640625, 0.052559167
229, 0.012129521, 0.012129521, 33.078125, 0.054947037
230, 0.012129521, 0.012129521, 32.59375, 0.054142427
231, 0.012129521, 0.012129521, 32.46875, 0.053934775
232, 0.012129521, 0.012129521, 32.109375, 0.053337816
233, 0.012129521, 0.012129521, 32.25, 0.053571407
234, 0.012129521, 0.012129521, 32.859375, 0.054583658
235, 0.012129521, 0.012129521, 32.625, 0.05419433
236, 0.012129521, 0.012129521, 32.65625, 0.05424624
237, 0.012129521, 0.012129521, 31.953125, 0.053078264
238, 0.012129521, 0.012129521, 32.4375, 0.05388287
239, 0.012129521, 0.012129521, 31.71875, 0.052688945
240, 0.012129521, 0.012129521, 32.359375, 0.053753097
241, 0.012129521, 0.012129521, 31.921875, 0.05302635
242, 0.012129521, 0.012129521, 32.78125, 0.05445388
243, 0.012129521, 0.012129521, 31.90625, 0.053000387
244, 0.012129521, 0.012129521, 31.546875, 0.052403428
245, 0.012129521, 0.012129521, 32.71875, 0.054350067
246, 0.012129521, 0.012129521, 32.59375, 0.05414242
247, 0.012129521, 0.012129521, 32.609375, 0.054168373
248, 0.012129521, 0.012129521, 31.59375, 0.052481286
249, 0.012129521, 0.012129521, 32.265625, 0.05359737
250, 0.012129521, 0.012129521, 32.0625, 0.05325995
251, 0.012129521, 0.012129521, 31.859375, 0.05292254
252, 0.012129521, 0.012129521, 32.703125, 0.05432411
253, 0.012129521, 0.012129521, 32.390625, 0.053805005
254, 0.012129521, 0.012129521, 32.390625, 0.053805005
255, 0.012129521, 0.012129521, 32.5, 0.05398669
256, 0.012129521, 0.012129521, 32.3125, 0.05367523
257, 0.012129521, 0.012129521, 32.125, 0.053363767
258, 0.012129521, 0.012129521, 32.625, 0.05419434
259, 0.012129521, 0.012129521, 32.390625, 0.053805012
260, 0.012129521, 0.012129521, 32.53125, 0.054038603
261, 0.012129521, 0.012129521, 32.640625, 0.05422028
262, 0.012129521, 0.012129521, 32.53125, 0.054038603
263, 0.012129521, 0.012129521, 32.796875, 0.05447984
264, 0.012129521, 0.012129521, 32.265625, 0.053597365
265, 0.012129521, 0.012129521, 32.3125, 0.053675227
266, 0.012129521, 0.012128766, 32.484375, 0.053960737
267, 0.012128766, 0.012128766, 32.609375, 0.05416838
268, 0.012128766, 0.012128766, 32.265625, 0.053597365
269, 0.012128766, 0.012128766, 32.53125, 0.054038607
270, 0.012128766, 0.012128766, 32.734375, 0.05437603
271, 0.012128766, 0.012128766, 32.265625, 0.05359738
272, 0.012128766, 0.012128766, 33.15625, 0.05507681
273, 0.012128766, 0.012128766, 34.40625, 0.05715324
274, 0.012128766, 0.012128766, 34.53125, 0.05736089
275, 0.012128766, 0.012128766, 34.234375, 0.056867745
276, 0.012128766, 0.012128766, 34.625, 0.057516627
277, 0.012128766, 0.012128766, 34.6875, 0.057620443
278, 0.012128766, 0.012128766, 34.5625, 0.057412803
279, 0.012128766, 0.012128766, 34.875, 0.057931907
280, 0.012128766, 0.012128766, 34.5, 0.057308976
281, 0.012128766, 0.012128766, 33.796875, 0.056141
282, 0.012128766, 0.012102158, 34.546875, 0.05738685
283, 0.012102158, 0.012102158, 34.3125, 0.05699752
284, 0.012102158, 0.012102158, 34.328125, 0.057023473
285, 0.012102158, 0.012102158, 34.921875, 0.05800977
286, 0.012102158, 0.012102158, 34.5625, 0.0574128
287, 0.012102158, 0.012102158, 33.953125, 0.05640055
288, 0.012102158, 0.012102158, 35.265625, 0.05858079
289, 0.012102158, 0.012053865, 33.953125, 0.05640054
290, 0.012053865, 0.012053865, 34.1875, 0.056789882
291, 0.012053865, 0.012053865, 34.3125, 0.05699752
292, 0.012053865, 0.012053865, 34.328125, 0.057023473
293, 0.012053865, 0.01202384, 32.8125, 0.054505825
294, 0.01202384, 0.01202384, 32.1875, 0.053467613
295, 0.01202384, 0.01202384, 31.640625, 0.05255917
296, 0.01202384, 0.01202384, 32.234375, 0.053545468
297, 0.01202384, 0.01202384, 31.59375, 0.05248131
298, 0.01202384, 0.01202384, 31.5, 0.05232558
299, 0.01202384, 0.012013231, 32.078125, 0.053285927
300, 0.012013231, 0.012013231, 32.84375, 0.054557726
301, 0.012013231, 0.012013231, 32.640625, 0.054220323
302, 0.012013231, 0.012013231, 35.0, 0.058139548
303, 0.012013231, 0.012013231, 34.59375, 0.057464708
304, 0.012013231, 0.012013231, 34.28125, 0.056945607
305, 0.012013231, 0.012013231, 34.125, 0.056686055
306, 0.012013231, 0.012013231, 34.25, 0.056893703
307, 0.012013231, 0.012013231, 34.0, 0.05647842
308, 0.012013231, 0.012013231, 33.75, 0.056063145
309, 0.012013231, 0.012013231, 33.03125, 0.05486921
310, 0.012013231, 0.012013231, 33.984375, 0.05645247
311, 0.012013231, 0.012003932, 33.859375, 0.05624484
312, 0.012003932, 0.012003932, 34.28125, 0.056945615
313, 0.012003932, 0.012003932, 33.5, 0.055647857
314, 0.012003932, 0.012003932, 33.96875, 0.0564265
315, 0.012003932, 0.012003932, 33.25, 0.055232577
316, 0.012003932, 0.012003932, 33.59375, 0.0558036
317, 0.012003932, 0.012003932, 33.5625, 0.05575169
318, 0.012003932, 0.012003932, 33.921875, 0.056348655
319, 0.012003932, 0.012003932, 33.578125, 0.055777643
320, 0.012003932, 0.012003932, 33.078125, 0.054947082
321, 0.012003932, 0.012003932, 34.0, 0.056478433
322, 0.012003932, 0.012003932, 33.796875, 0.056141023
323, 0.012003932, 0.012003932, 33.703125, 0.05598528
324, 0.012003932, 0.012003932, 33.046875, 0.054895166
325, 0.012003932, 0.012003932, 33.515625, 0.055673823
326, 0.012003932, 0.012003932, 33.875, 0.056270786
327, 0.012003932, 0.012003932, 33.046875, 0.054895163
328, 0.012003932, 0.012003932, 33.765625, 0.056089107
329, 0.012003932, 0.012003932, 33.515625, 0.05567383
330, 0.012003932, 0.012001429, 33.765625, 0.056089103
331, 0.012001429, 0.012001429, 33.5, 0.055647857
332, 0.012001429, 0.012001429, 33.546875, 0.055725735
333, 0.012001429, 0.012001429, 33.296875, 0.055310447
334, 0.012001429, 0.012001429, 32.953125, 0.054739438
335, 0.012001429, 0.012001429, 32.296875, 0.053649314
336, 0.012001429, 0.012001429, 32.953125, 0.05473944
337, 0.012001429, 0.012001429, 33.640625, 0.05588147
338, 0.012001429, 0.012001429, 33.84375, 0.056218896
339, 0.012001429, 0.012001429, 33.5, 0.05564787
340, 0.012001429, 0.012001429, 33.796875, 0.05614102
341, 0.012001429, 0.012001429, 33.9375, 0.056374617
342, 0.012001429, 0.012001429, 33.046875, 0.054895166
343, 0.012001429, 0.012001429, 33.578125, 0.055777643
344, 0.012001429, 0.012001429, 33.171875, 0.055102803
345, 0.012001429, 0.012001429, 33.359375, 0.05541426
346, 0.012001429, 0.012001429, 32.8125, 0.054505832
347, 0.012001429, 0.012001429, 33.1875, 0.055128764
348, 0.012001429, 0.012001429, 33.265625, 0.055258527
349, 0.012001429, 0.012001429, 33.484375, 0.055621907
350, 0.012001429, 0.012001429, 33.421875, 0.05551809
351, 0.012001429, 0.012001429, 33.453125, 0.05557
352, 0.012001429, 0.012001429, 33.703125, 0.055985283
353, 0.012001429, 0.012001429, 32.40625, 0.053830992
354, 0.012001429, 0.012001429, 33.3125, 0.0553364
355, 0.012001429, 0.012001429, 33.453125, 0.05557
356, 0.012001429, 0.012001429, 33.171875, 0.0551028
357, 0.012001429, 0.012001429, 33.171875, 0.055102814
358, 0.012001429, 0.012001429, 33.15625, 0.05507685
359, 0.012001429, 0.012001429, 33.6875, 0.055959325
360, 0.012001429, 0.012001429, 32.625, 0.054194376
361, 0.012001429, 0.012001429, 33.71875, 0.056011252
362, 0.012001429, 0.012001429, 33.609375, 0.05582956
363, 0.012001429, 0.012001429, 33.5, 0.05564787
364, 0.012001429, 0.012001429, 33.171875, 0.055102803
365, 0.012001429, 0.012001429, 32.4375, 0.05388291
366, 0.012001429, 0.012001429, 33.390625, 0.05546618
367, 0.012001429, 0.012001429, 33.140625, 0.05505089
368, 0.012001429, 0.012001429, 32.796875, 0.054479875
369, 0.012001429, 0.012001429, 33.03125, 0.054869205
370, 0.012001429, 0.012001429, 33.0625, 0.054921124
371, 0.012001429, 0.012001429, 32.5, 0.053986732
372, 0.012001429, 0.012001429, 33.375, 0.055440225
373, 0.012001429, 0.012001429, 33.734375, 0.056037195
374, 0.012001429, 0.012001429, 33.03125, 0.054869212
375, 0.012001429, 0.012001429, 32.953125, 0.05473943
376, 0.012001429, 0.012001429, 33.5625, 0.055751685
377, 0.012001429, 0.012001429, 33.234375, 0.05520663
378, 0.012001429, 0.012001429, 33.34375, 0.05538831
379, 0.012001429, 0.012001429, 33.375, 0.05544022
380, 0.012001429, 0.012001429, 33.0625, 0.054921124
381, 0.012001429, 0.012001429, 34.203125, 0.056815844
382, 0.012001429, 0.012001429, 33.1875, 0.055128753
383, 0.012001429, 0.012001429, 32.84375, 0.05455775
384, 0.012001429, 0.012001429, 32.921875, 0.05468752
385, 0.012001429, 0.012001429, 33.984375, 0.05645247
386, 0.012001429, 0.012001429, 33.53125, 0.055699777
387, 0.012001429, 0.012001429, 33.546875, 0.055725735
388, 0.012001429, 0.012001429, 32.859375, 0.054583713
389, 0.012001429, 0.012001429, 33.1875, 0.055128753
390, 0.012001429, 0.012001429, 32.75, 0.05440202
391, 0.012001429, 0.012001429, 32.734375, 0.05437606
392, 0.012001429, 0.012001429, 33.65625, 0.05590742
393, 0.012001429, 0.012001429, 33.8125, 0.05616697
394, 0.012001429, 0.012001429, 33.09375, 0.05497304
395, 0.012001429, 0.012001429, 33.828125, 0.056192923
396, 0.012001429, 0.012001429, 33.53125, 0.055699766
397, 0.012001429, 0.012001429, 33.84375, 0.05621888
398, 0.012001429, 0.012001429, 33.625, 0.05585551
399, 0.012001429, 0.012001429, 33.21875, 0.05518068
400, 0.012001429, 0.012001429, 33.296875, 0.05531045
401, 0.012001429, 0.012001429, 33.03125, 0.054869212
402, 0.012001429, 0.012001429, 33.40625, 0.055492144
403, 0.012001429, 0.012001429, 32.890625, 0.054635614
404, 0.012001429, 0.012001429, 33.578125, 0.05577764
405, 0.012001429, 0.012001429, 33.671875, 0.055933367
406, 0.012001429, 0.012001429, 33.34375, 0.055388313
407, 0.012001429, 0.012001429, 32.671875, 0.054272242
408, 0.012001429, 0.012001429, 33.59375, 0.055803593
409, 0.012001429, 0.012001429, 32.6875, 0.054298196
410, 0.012001429, 0.012001429, 33.953125, 0.05640057
411, 0.012001429, 0.012001429, 33.9375, 0.056374613
412, 0.012001429, 0.012001429, 33.109375, 0.054998975
413, 0.012001429, 0.012001429, 33.921875, 0.056348648
414, 0.012001429, 0.012001429, 33.265625, 0.055258542
415, 0.012001429, 0.012001429, 32.609375, 0.05416843
416, 0.012001429, 0.012001429, 33.546875, 0.055725727
417, 0.012001429, 0.012001429, 33.0625, 0.054921117
418, 0.012001429, 0.012001429, 33.59375, 0.055803593
419, 0.012001429, 0.012001429, 33.40625, 0.055492133
420, 0.012001429, 0.012001429, 33.171875, 0.055102814
421, 0.012001429, 0.012001429, 32.953125, 0.054739434
422, 0.012001429, 0.012001429, 32.734375, 0.054376062
423, 0.012001429, 0.012001429, 33.40625, 0.055492133
424, 0.012001429, 0.012001429, 33.484375, 0.055621915
425, 0.012001429, 0.012001429, 33.953125, 0.056400567
426, 0.012001429, 0.012001429, 32.609375, 0.054168426
427, 0.012001429, 0.012001429, 32.65625, 0.054246288
428, 0.012001429, 0.012001429, 32.890625, 0.054635607
429, 0.012001429, 0.012001429, 33.09375, 0.054973036
430, 0.012001429, 0.012001429, 32.53125, 0.05403864
431, 0.012001429, 0.012001429, 33.8125, 0.056166973
432, 0.012001429, 0.012001429, 33.78125, 0.05611505
433, 0.012001429, 0.012001429, 33.34375, 0.055388313
434, 0.012001429, 0.012001429, 33.59375, 0.055803593
435, 0.012001429, 0.012001429, 33.375, 0.055440225
436, 0.012001429, 0.012001429, 33.5625, 0.0557517
437, 0.012001429, 0.012001429, 33.734375, 0.05603719
438, 0.012001429, 0.012001429, 33.671875, 0.05593338
439, 0.012001429, 0.012001429, 33.421875, 0.055518083
440, 0.012001429, 0.012001429, 33.734375, 0.0560372
441, 0.012001429, 0.012001429, 33.28125, 0.0552845
442, 0.012001429, 0.012001429, 33.5625, 0.055751685
443, 0.012001429, 0.012001429, 33.5, 0.05564786
444, 0.012001429, 0.012001429, 33.34375, 0.055388313
445, 0.012001429, 0.012001429, 33.3125, 0.055336405
446, 0.012001429, 0.012001429, 33.765625, 0.0560891
447, 0.012001429, 0.012001429, 33.84375, 0.056218885
448, 0.012001429, 0.012001429, 33.765625, 0.056089096
449, 0.012001429, 0.012001429, 33.765625, 0.056089103
450, 0.012001429, 0.012001429, 33.328125, 0.055362366
451, 0.012001429, 0.012001429, 33.53125, 0.055699773
452, 0.012001429, 0.012001429, 33.3125, 0.055336412
453, 0.012001429, 0.012001429, 33.71875, 0.056011245
454, 0.012001429, 0.012001429, 33.640625, 0.055881463
455, 0.012001429, 0.012001429, 33.890625, 0.056296747
456, 0.012001429, 0.012001429, 33.140625, 0.055050902
457, 0.012001429, 0.012001429, 33.40625, 0.055492133
458, 0.012001429, 0.012001429, 33.21875, 0.055180665
459, 0.012001429, 0.012001429, 33.40625, 0.055492125
460, 0.012001429, 0.012001429, 33.296875, 0.055310454
461, 0.012001429, 0.012001429, 33.1875, 0.055128757
462, 0.012001429, 0.012001429, 33.8125, 0.056166966
463, 0.012001429, 0.012001429, 33.578125, 0.055777628
464, 0.012001429, 0.012001429, 33.90625, 0.056322705
465, 0.012001429, 0.012001429, 33.125, 0.055024937
466, 0.012001429, 0.012001429, 33.59375, 0.055803593
467, 0.012001429, 0.012001429, 33.109375, 0.054998983
468, 0.012001429, 0.012001429, 34.109375, 0.056660123
469, 0.012001429, 0.012001429, 32.9375, 0.054713465
470, 0.012001429, 0.012001429, 33.703125, 0.05598528
471, 0.012001429, 0.012001429, 33.71875, 0.05601123
472, 0.012001429, 0.012001429, 33.75, 0.056063157
473, 0.012001429, 0.012001429, 33.265625, 0.05525854
474, 0.012001429, 0.012001429, 33.515625, 0.05567381
475, 0.012001429, 0.012001429, 33.125, 0.055024937
476, 0.012001429, 0.012001429, 33.65625, 0.055907413
477, 0.012001429, 0.012001429, 33.5, 0.05564787
478, 0.012001429, 0.012001429, 32.140625, 0.053389758
479, 0.012001429, 0.012001429, 32.953125, 0.05473942
480, 0.012001429, 0.012001429, 33.359375, 0.055414274
481, 0.012001429, 0.012001429, 33.328125, 0.055362355
482, 0.012001429, 0.012001429, 33.15625, 0.05507685
483, 0.012001429, 0.012001429, 32.921875, 0.054687522
484, 0.012001429, 0.012001429, 33.0, 0.054817293
485, 0.012001429, 0.012001429, 33.234375, 0.055206634
486, 0.012001429, 0.012001429, 32.796875, 0.054479886
487, 0.012001429, 0.012001429, 33.0, 0.05481729
488, 0.012001429, 0.012001429, 33.546875, 0.055725735
489, 0.012001429, 0.012001429, 32.96875, 0.05476539
490, 0.012001429, 0.012001429, 33.453125, 0.055570006
491, 0.012001429, 0.012001429, 33.0, 0.0548173
492, 0.012001429, 0.012001429, 33.859375, 0.05624483
493, 0.012001429, 0.012001429, 33.03125, 0.05486921
494, 0.012001429, 0.012001429, 33.34375, 0.05538832
495, 0.012001429, 0.012001429, 32.953125, 0.05473943
496, 0.012001429, 0.012001429, 33.875, 0.056270793
497, 0.012001429, 0.012001429, 32.90625, 0.05466157
498, 0.012001429, 0.012001429, 33.65625, 0.05590742
499, 0.012001429, 0.012001429, 33.15625, 0.05507685
500, 0.012001429, 0.012001429, 33.359375, 0.055414274
501, 0.012001429, 0.012001429, 33.5625, 0.05575169
502, 0.012001429, 0.012001429, 33.8125, 0.056166973
503, 0.012001429, 0.012001429, 32.75, 0.054402012
504, 0.012001429, 0.012001429, 33.03125, 0.05486921
505, 0.012001429, 0.012001429, 33.875, 0.056270786
506, 0.012001429, 0.012001429, 33.515625, 0.055673823
507, 0.012001429, 0.012001429, 33.125, 0.055024937
508, 0.012001429, 0.012001429, 33.203125, 0.055154726
509, 0.012001429, 0.012001429, 33.359375, 0.05541426
510, 0.012001429, 0.012001429, 32.84375, 0.05455776
511, 0.012001429, 0.012001429, 32.828125, 0.05453179
512, 0.012001429, 0.012001429, 32.171875, 0.053441674
513, 0.012001429, 0.012001429, 33.625, 0.055855505
514, 0.012001429, 0.012001429, 33.65625, 0.05590742
515, 0.012001429, 0.012001429, 33.890625, 0.05629675
516, 0.012001429, 0.012001429, 33.859375, 0.05624484
517, 0.012001429, 0.012001429, 32.5, 0.05398673
518, 0.012001429, 0.012001429, 33.734375, 0.05603719
519, 0.012001429, 0.012001429, 33.3125, 0.05533641
520, 0.012001429, 0.012001429, 33.578125, 0.055777647
521, 0.012001429, 0.012001429, 33.546875, 0.055725742
522, 0.012001429, 0.012001429, 33.828125, 0.05619293
523, 0.012001429, 0.012001429, 32.953125, 0.054739438
524, 0.012001429, 0.012001429, 33.46875, 0.055595953
525, 0.012001429, 0.012001429, 33.703125, 0.05598529
526, 0.012001429, 0.012001429, 33.0625, 0.054921124
527, 0.012001429, 0.012001429, 33.5625, 0.05575168
528, 0.012001429, 0.012001429, 32.875, 0.05460966
529, 0.012001429, 0.012001429, 33.53125, 0.055699766
530, 0.012001429, 0.012001429, 32.9375, 0.054713484
531, 0.012001429, 0.012001429, 33.21875, 0.05518067
532, 0.012001429, 0.012001429, 32.984375, 0.05479134
533, 0.012001429, 0.012001429, 33.40625, 0.055492137
534, 0.012001429, 0.012001429, 32.59375, 0.05414247
535, 0.012001429, 0.012001429, 33.921875, 0.056348644
536, 0.012001429, 0.012001429, 32.984375, 0.054791342
537, 0.012001429, 0.012001429, 33.03125, 0.05486921
538, 0.012001429, 0.012001429, 33.109375, 0.054998986
539, 0.012001429, 0.012001429, 33.109375, 0.05499898
540, 0.012001429, 0.012001429, 33.734375, 0.056037195
541, 0.012001429, 0.012001429, 33.265625, 0.055258524
542, 0.012001429, 0.012001429, 33.375, 0.055440217
543, 0.012001429, 0.012001429, 32.53125, 0.05403864
544, 0.012001429, 0.012001429, 32.859375, 0.054583702
545, 0.012001429, 0.012001429, 33.03125, 0.054869212
546, 0.012001429, 0.012001429, 34.25, 0.056893717
547, 0.012001429, 0.012001429, 32.90625, 0.05466157
548, 0.012001429, 0.012001429, 33.859375, 0.056244835
549, 0.012001429, 0.012001429, 33.28125, 0.05528449
550, 0.012001429, 0.012001429, 33.0625, 0.05492112
551, 0.012001429, 0.012001429, 33.6875, 0.05595932
552, 0.012001429, 0.012001429, 33.875, 0.056270793
553, 0.012001429, 0.012001429, 33.3125, 0.0553364
554, 0.012001429, 0.012001429, 32.875, 0.05460966
555, 0.012001429, 0.012001429, 32.234375, 0.053545497
556, 0.012001429, 0.012001429, 33.09375, 0.054973032
557, 0.012001429, 0.012001429, 33.03125, 0.05486921
558, 0.012001429, 0.012001429, 32.96875, 0.05476539
559, 0.012001429, 0.012001429, 33.4375, 0.055544026
560, 0.012001429, 0.012001429, 32.734375, 0.054376032
561, 0.012001429, 0.012001429, 33.671875, 0.055933367
562, 0.012001429, 0.012001429, 33.59375, 0.055803604
563, 0.012001429, 0.012001429, 33.25, 0.055232573
564, 0.012001429, 0.012001429, 32.71875, 0.0543501
565, 0.012001429, 0.012001429, 33.265625, 0.055258535
566, 0.012001429, 0.012001429, 32.40625, 0.053831
567, 0.012001429, 0.012001429, 33.15625, 0.05507685
568, 0.012001429, 0.012001429, 33.71875, 0.05601123
569, 0.012001429, 0.012001429, 32.78125, 0.054453928
570, 0.012001429, 0.012001429, 33.171875, 0.055102807
571, 0.012001429, 0.012001429, 33.46875, 0.05559595
572, 0.012001429, 0.012001429, 33.703125, 0.055985283
573, 0.012001429, 0.012001429, 33.375, 0.055440217
574, 0.012001429, 0.012001429, 32.984375, 0.05479134
575, 0.012001429, 0.012001429, 32.65625, 0.054246284
576, 0.012001429, 0.012001429, 32.53125, 0.054038625
577, 0.012001429, 0.012001429, 33.171875, 0.055102795
578, 0.012001429, 0.012001429, 32.625, 0.054194365
579, 0.012001429, 0.012001429, 32.65625, 0.054246277
580, 0.012001429, 0.012001429, 33.125, 0.055024922
581, 0.012001429, 0.012001429, 32.28125, 0.053623345
582, 0.012001429, 0.012001429, 32.96875, 0.054765377
583, 0.012001429, 0.012001429, 33.421875, 0.055518083
584, 0.012001429, 0.012001429, 34.0625, 0.056582242
585, 0.012001429, 0.012001429, 33.140625, 0.055050883
586, 0.012001429, 0.012001429, 33.15625, 0.05507683
587, 0.012001429, 0.012001429, 33.0625, 0.054921113
588, 0.012001429, 0.012001429, 33.21875, 0.055180654
589, 0.012001429, 0.012001429, 33.078125, 0.05494707
590, 0.012001429, 0.012001429, 33.171875, 0.055102788
591, 0.012001429, 0.012001429, 33.265625, 0.055258524
592, 0.012001429, 0.012001429, 32.609375, 0.054168396
593, 0.012001429, 0.012001429, 32.640625, 0.054220315
594, 0.012001429, 0.012001429, 32.421875, 0.053856943
595, 0.012001429, 0.012001429, 32.328125, 0.05370122
596, 0.012001429, 0.012001429, 32.953125, 0.05473942
597, 0.012001429, 0.012001429, 33.390625, 0.05546615
598, 0.012001429, 0.012001429, 33.625, 0.055855494
599, 0.012001429, 0.012001429, 32.796875, 0.05447986
600, 0.012001429, 0.012001429, 33.40625, 0.05549211
601, 0.012001429, 0.012001429, 33.140625, 0.055050887
602, 0.012001429, 0.012001429, 32.65625, 0.054246265
603, 0.012001429, 0.012001429, 33.40625, 0.05549212
604, 0.012001429, 0.012001429, 32.515625, 0.05401266
605, 0.012001429, 0.012001429, 32.625, 0.05419436
606, 0.012001429, 0.012001429, 33.296875, 0.055310454
607, 0.012001429, 0.012001429, 33.1875, 0.055128746
608, 0.012001429, 0.012001429, 33.375, 0.055440206
609, 0.012001429, 0.012001429, 33.15625, 0.055076838
610, 0.012001429, 0.012001429, 32.90625, 0.05466155
611, 0.012001429, 0.012001429, 33.546875, 0.055725716
612, 0.012001429, 0.012001429, 32.984375, 0.054791324
613, 0.012001429, 0.012001429, 32.546875, 0.054064594
614, 0.012001429, 0.012001429, 33.34375, 0.05538829
615, 0.012001429, 0.012001429, 32.4375, 0.053882897
616, 0.012001429, 0.012001429, 32.53125, 0.054038633
617, 0.012001429, 0.012001429, 32.15625, 0.053415705
618, 0.012001429, 0.012001429, 32.859375, 0.054583672
619, 0.012001429, 0.012001429, 33.09375, 0.05497302
620, 0.012001429, 0.012001429, 32.71875, 0.054350078
621, 0.012001429, 0.012001429, 32.515625, 0.05401268
622, 0.012001429, 0.012001429, 33.09375, 0.054973014
623, 0.012001429, 0.012001429, 33.125, 0.055024914
624, 0.012001429, 0.012001429, 32.515625, 0.054012686
625, 0.012001429, 0.012001429, 32.34375, 0.05372716
626, 0.012001429, 0.012001429, 33.625, 0.05585549
627, 0.012001429, 0.012001429, 33.125, 0.05502493
628, 0.012001429, 0.012001429, 33.53125, 0.055699762
629, 0.012001429, 0.012001429, 33.25, 0.05523258
630, 0.012001429, 0.012001429, 32.515625, 0.05401267
631, 0.012001429, 0.012001429, 33.28125, 0.055284478
632, 0.012001429, 0.012001429, 32.09375, 0.05331188
633, 0.012001429, 0.012001429, 33.09375, 0.054973017
634, 0.012001429, 0.012001429, 32.671875, 0.054272212
635, 0.012001429, 0.012001429, 32.78125, 0.054453894
636, 0.012001429, 0.012001429, 33.109375, 0.05499896
637, 0.012001429, 0.012001429, 32.78125, 0.054453913
638, 0.012001429, 0.012001429, 32.703125, 0.05432413
639, 0.012001429, 0.012001429, 32.140625, 0.053389754
640, 0.012001429, 0.012001429, 33.34375, 0.05538829
641, 0.012001429, 0.012001429, 33.171875, 0.05510278
642, 0.012001429, 0.012001429, 32.890625, 0.054635596
643, 0.012001429, 0.012001429, 32.921875, 0.054687507
644, 0.012001429, 0.012001429, 32.984375, 0.054791328
645, 0.012001429, 0.012001429, 32.453125, 0.05390885
646, 0.012001429, 0.012001429, 32.265625, 0.05359738
647, 0.012001429, 0.012001429, 33.359375, 0.05541424
648, 0.012001429, 0.012001429, 32.78125, 0.054453902
649, 0.012001429, 0.012001429, 33.3125, 0.05533637
650, 0.012001429, 0.012001429, 32.453125, 0.05390884
651, 0.012001429, 0.012001429, 33.015625, 0.05484322
652, 0.012001429, 0.012001429, 32.9375, 0.054713454
653, 0.012001429, 0.012001429, 33.265625, 0.055258516
654, 0.012001429, 0.012001429, 32.734375, 0.054376043
655, 0.012001429, 0.012001429, 32.421875, 0.05385693
656, 0.012001429, 0.012001429, 32.953125, 0.054739416
657, 0.012001429, 0.012001429, 33.09375, 0.054972988
658, 0.012001429, 0.012001429, 33.34375, 0.0553883
659, 0.012001429, 0.012001429, 33.078125, 0.05494706
660, 0.012001429, 0.012001429, 33.140625, 0.055050876
661, 0.012001429, 0.012001429, 32.75, 0.054402
662, 0.012001429, 0.012001429, 32.71875, 0.054350086
663, 0.012001429, 0.012001429, 32.21875, 0.053519525
664, 0.012001429, 0.012001429, 33.140625, 0.05505086
665, 0.012001429, 0.012001429, 32.90625, 0.054661542
666, 0.012001429, 0.012001429, 32.546875, 0.05406458
667, 0.012001429, 0.012001429, 33.015625, 0.054843236
668, 0.012001429, 0.012001429, 33.53125, 0.055699755
669, 0.012001429, 0.012001429, 33.078125, 0.054947045
670, 0.012001429, 0.012001429, 32.40625, 0.053830978
671, 0.012001429, 0.012001429, 32.890625, 0.05463559
672, 0.012001429, 0.012001429, 32.828125, 0.054531775
673, 0.012001429, 0.012001429, 32.5, 0.05398671
674, 0.012001429, 0.012001429, 33.0625, 0.054921098
675, 0.012001429, 0.012001429, 32.765625, 0.05442794
676, 0.012001429, 0.012001429, 32.578125, 0.054116484
677, 0.012001429, 0.012001429, 33.46875, 0.055595946
678, 0.012001429, 0.012001429, 32.4375, 0.053882867
679, 0.012001429, 0.012001429, 33.0, 0.054817267
680, 0.012001429, 0.012001429, 33.25, 0.05523255
681, 0.012001429, 0.012001429, 31.796875, 0.05281873
682, 0.012001429, 0.012001429, 33.046875, 0.054895144
683, 0.012001429, 0.012001429, 32.515625, 0.054012645
684, 0.012001429, 0.012001429, 32.96875, 0.05476536
685, 0.012001429, 0.012001429, 32.671875, 0.054272212
686, 0.012001429, 0.012001429, 32.796875, 0.054479852
687, 0.012001429, 0.012001429, 31.703125, 0.052662987
688, 0.012001429, 0.012001429, 33.265625, 0.055258505
689, 0.012001429, 0.012001429, 33.046875, 0.05489513
690, 0.012001429, 0.012001429, 32.953125, 0.054739393
691, 0.012001429, 0.012001429, 31.984375, 0.053130183
692, 0.012001429, 0.012001429, 33.015625, 0.05484323
693, 0.012001429, 0.012001429, 31.28125, 0.051962204
694, 0.012001429, 0.012001429, 32.65625, 0.054246254
695, 0.012001429, 0.012001429, 32.84375, 0.054557703
696, 0.012001429, 0.012001429, 33.078125, 0.05494705
697, 0.012001429, 0.012001429, 32.328125, 0.053701196
698, 0.012001429, 0.012001429, 33.21875, 0.055180646
699, 0.012001429, 0.012001429, 33.5, 0.05564784
700, 0.012001429, 0.012001429, 33.03125, 0.05486918
701, 0.012001429, 0.012001429, 32.28125, 0.05362333
702, 0.012001429, 0.012001429, 32.78125, 0.054453894
703, 0.012001429, 0.012001429, 32.65625, 0.05424625
704, 0.012001429, 0.012001429, 31.890625, 0.052974448
705, 0.012001429, 0.012001429, 33.296875, 0.055310406
706, 0.012001429, 0.012001429, 33.078125, 0.054947034
707, 0.012001429, 0.012001429, 33.203125, 0.055154674
708, 0.012001429, 0.012001429, 32.296875, 0.053649288
709, 0.012001429, 0.012001429, 31.546875, 0.05240343
710, 0.012001429, 0.012001429, 32.75, 0.05440197
711, 0.012001429, 0.012001429, 32.203125, 0.053493544
712, 0.012001429, 0.012001429, 32.296875, 0.053649284
713, 0.012001429, 0.012001429, 31.390625, 0.052143887
714, 0.012001429, 0.012001429, 32.3125, 0.053675234
715, 0.012001429, 0.012001429, 32.875, 0.05460961
716, 0.012001429, 0.012001429, 32.359375, 0.0537531
717, 0.012001429, 0.012001429, 33.15625, 0.055076815
718, 0.012001429, 0.012001429, 32.46875, 0.05393478
719, 0.012001429, 0.012001429, 32.640625, 0.054220293
720, 0.012001429, 0.012001429, 32.578125, 0.054116473
721, 0.012001429, 0.012001429, 32.78125, 0.05445389
722, 0.012001429, 0.012001429, 32.15625, 0.05341568
723, 0.012001429, 0.012001429, 32.59375, 0.05414243
724, 0.012001429, 0.012001429, 32.640625, 0.054220296
725, 0.012001429, 0.012001429, 31.546875, 0.052403428
726, 0.012001429, 0.012001429, 32.859375, 0.05458367
727, 0.012001429, 0.012001429, 32.671875, 0.054272197
728, 0.012001429, 0.012001429, 32.234375, 0.05354546
729, 0.012001429, 0.012001429, 32.171875, 0.05344164
730, 0.012001429, 0.012001429, 32.734375, 0.05437603
731, 0.012001429, 0.012001429, 32.4375, 0.053882893
732, 0.012001429, 0.012001429, 32.734375, 0.054376025
733, 0.012001429, 0.012001429, 33.046875, 0.05489513
734, 0.012001429, 0.012001429, 32.953125, 0.0547394
735, 0.012001429, 0.012001429, 32.5, 0.053986713
736, 0.012001429, 0.012001429, 32.25, 0.053571418
737, 0.012001429, 0.012001429, 32.640625, 0.054220296
738, 0.012001429, 0.012001429, 32.15625, 0.053415675
739, 0.012001429, 0.012001429, 32.078125, 0.053285904
740, 0.012001429, 0.012001429, 32.609375, 0.054168385
741, 0.012001429, 0.012001429, 32.75, 0.054401983
742, 0.012001429, 0.012001429, 31.984375, 0.053130187
743, 0.012001429, 0.012001429, 32.859375, 0.05458367
744, 0.012001429, 0.012001429, 32.765625, 0.054427937
745, 0.012001429, 0.012001429, 32.375, 0.05377905
746, 0.012001429, 0.012001429, 32.53125, 0.054038618
747, 0.012001429, 0.012001429, 33.0, 0.054817256
748, 0.012001429, 0.012001429, 32.71875, 0.054350074
749, 0.012001429, 0.012001429, 33.1875, 0.055128727
750, 0.012001429, 0.012001429, 32.34375, 0.053727146
751, 0.012001429, 0.012001429, 32.5, 0.053986706
752, 0.012001429, 0.012001429, 32.578125, 0.054116473
753, 0.012001429, 0.012001429, 32.75, 0.05440198
754, 0.012001429, 0.012001429, 32.171875, 0.053441636
755, 0.012001429, 0.012001429, 32.328125, 0.0537012
756, 0.012001429, 0.012001429, 32.421875, 0.053856928
757, 0.012001429, 0.012001429, 33.03125, 0.054869175
758, 0.012001429, 0.012001429, 32.859375, 0.054583676
759, 0.012001429, 0.012001429, 32.25, 0.053571418
760, 0.012001429, 0.012001429, 32.46875, 0.053934794
761, 0.012001429, 0.012001429, 32.203125, 0.053493544
762, 0.012001429, 0.012001429, 32.609375, 0.054168385
763, 0.012001429, 0.012001429, 32.75, 0.05440199
764, 0.012001429, 0.012001429, 33.4375, 0.055544026
765, 0.012001429, 0.012001429, 32.6875, 0.054298174
766, 0.012001429, 0.012001429, 32.921875, 0.054687504
767, 0.012001429, 0.012001429, 32.5625, 0.05409053
768, 0.012001429, 0.012001429, 32.515625, 0.054012664
769, 0.012001429, 0.012001429, 32.609375, 0.05416839
770, 0.012001429, 0.012001429, 32.671875, 0.054272212
771, 0.012001429, 0.012001429, 33.4375, 0.055544015
772, 0.012001429, 0.012001429, 33.3125, 0.055336375
773, 0.012001429, 0.012001429, 31.875, 0.052948505
774, 0.012001429, 0.012001429, 33.21875, 0.05518065
775, 0.012001429, 0.012001429, 33.078125, 0.054947063
776, 0.012001429, 0.012001429, 32.40625, 0.053830978
777, 0.012001429, 0.012001429, 33.3125, 0.055336375
778, 0.012001429, 0.012001429, 33.296875, 0.05531042
779, 0.012001429, 0.012001429, 33.28125, 0.05528447
780, 0.012001429, 0.012001429, 32.96875, 0.054765366
781, 0.012001429, 0.012001429, 31.90625, 0.05300042
782, 0.012001429, 0.012001429, 32.71875, 0.05435008
783, 0.012001429, 0.011138382, 32.171875, 0.053441644
784, 0.011138382, 0.011138382, 31.890625, 0.05297446
785, 0.011138382, 0.011138382, 32.078125, 0.05328592
786, 0.011138382, 0.01109735, 33.125, 0.055024926
787, 0.01109735, 0.01109735, 33.09375, 0.054973014
788, 0.01109735, 0.01109735, 32.5, 0.053986713
789, 0.01109735, 0.01109735, 32.265625, 0.053597376
790, 0.01109735, 0.01109735, 32.171875, 0.05344167
791, 0.01109735, 0.010754623, 31.015625, 0.051520992
792, 0.010754623, 0.010754623, 30.640625, 0.05089806
793, 0.010754623, 0.010754623, 30.8125, 0.05118356
794, 0.010754623, 0.010754623, 30.03125, 0.0498858
795, 0.010754623, 0.010754623, 30.171875, 0.05011939
796, 0.010754623, 0.010754623, 30.796875, 0.051157597
797, 0.010754623, 0.010754623, 29.609375, 0.04918499
798, 0.010754623, 0.010754623, 29.71875, 0.049366668
799, 0.010754623, 0.010754623, 29.6875, 0.04931475
800, 0.010754623, 0.010754623, 30.09375, 0.04998959
801, 0.010754623, 0.010754623, 29.3125, 0.04869184
802, 0.010754623, 0.010754623, 29.46875, 0.048951384
803, 0.010754623, 0.010754623, 29.9375, 0.04973005
804, 0.010754623, 0.010754623, 29.4375, 0.048899468
805, 0.010754623, 0.010754623, 30.078125, 0.04996363
806, 0.010754623, 0.010754623, 30.234375, 0.050223194
807, 0.010754623, 0.010754623, 30.9375, 0.051391177
808, 0.010754623, 0.010754623, 30.296875, 0.050327003
809, 0.010754623, 0.010754623, 30.046875, 0.04991173
810, 0.010754623, 0.010754623, 29.46875, 0.048951395
811, 0.010754623, 0.010754623, 30.328125, 0.050378922
812, 0.010754623, 0.010754623, 30.453125, 0.05058656
813, 0.010754623, 0.010754623, 29.84375, 0.049574316
814, 0.010754623, 0.010754623, 30.34375, 0.050404876
815, 0.010754623, 0.010754623, 30.359375, 0.050430823
816, 0.010754623, 0.010754623, 29.625, 0.049210936
817, 0.010754623, 0.010754623, 30.453125, 0.050586563
818, 0.010754623, 0.010754623, 29.296875, 0.048665885
819, 0.010754623, 0.010754623, 30.171875, 0.050119378
820, 0.010754623, 0.010754623, 30.28125, 0.050301045
821, 0.010754623, 0.010754623, 29.453125, 0.048925426
822, 0.010754623, 0.010754623, 29.6875, 0.049314763
823, 0.010754623, 0.010754623, 29.53125, 0.0490552
824, 0.010754623, 0.010754623, 30.609375, 0.050846107
825, 0.010754623, 0.010754623, 30.234375, 0.050223187
826, 0.010754623, 0.010754623, 29.328125, 0.04871779
827, 0.010754623, 0.010754623, 29.328125, 0.04871779
828, 0.010754623, 0.010754623, 30.0, 0.04983386
829, 0.010754623, 0.010754623, 30.0, 0.049833864
830, 0.010754623, 0.010754623, 29.453125, 0.04892543
831, 0.010754623, 0.010754623, 30.09375, 0.049989592
832, 0.010754623, 0.010754623, 30.0625, 0.04993769
833, 0.010754623, 0.010536675, 29.859375, 0.04960027
834, 0.010536675, 0.010536675, 29.90625, 0.049678136
835, 0.010536675, 0.010536675, 29.671875, 0.04928881
836, 0.010536675, 0.010536675, 30.21875, 0.05019724
837, 0.010536675, 0.010536675, 30.0625, 0.04993769
838, 0.010536675, 0.010536675, 30.375, 0.050456803
839, 0.010536675, 0.010536675, 30.0, 0.049833883
840, 0.010536675, 0.010536675, 30.328125, 0.050378945
841, 0.010536675, 0.009893195, 31.296875, 0.05198818
