Iteration; Fitness nach Rekombination; Fitness nach Mutation; Anzahl aktiver Knoten; Anteil aktiver Knoten
1; 0,07239439; 0,073356695; 16,913793103448278; 0,03369281
2; 0,073356695; 0,057960533; 18,396551724137932; 0,03664652
3; 0,057960533; 0,055301994; 15,344827586206897; 0,030567387
4; 0,055301994; 0,054635655; 19,913793103448278; 0,03966891
5; 0,054635655; 0,054635655; 26,70689655172414; 0,053200997
6; 0,054635655; 0,0517927; 25,24137931034483; 0,05028165
7; 0,0517927; 0,0517927; 24,120689655172413; 0,048049185
8; 0,0517927; 0,050837882; 24,724137931034484; 0,049251284
9; 0,050837882; 0,045961764; 25,413793103448278; 0,050625097
10; 0,045961764; 0,045961764; 26,06896551724138; 0,05193021
11; 0,045961764; 0,037496723; 24,74137931034483; 0,049285606
12; 0,037496723; 0,037496723; 22,137931034482758; 0,04409945
13; 0,037496723; 0,037496723; 21,5; 0,042828683
14; 0,037496723; 0,03737197; 26,086206896551722; 0,051964547
15; 0,03737197; 0,037274275; 26,051724137931036; 0,051895864
16; 0,037274275; 0,035265326; 27,20689655172414; 0,054196995
17; 0,035265326; 0,022928797; 27,5; 0,054780856
18; 0,022928797; 0,022928797; 26,913793103448278; 0,053613123
19; 0,022928797; 0,022928797; 27,051724137931036; 0,053887885
20; 0,022928797; 0,022928797; 27,96551724137931; 0,05570817
21; 0,022928797; 0,02143638; 28,56896551724138; 0,05691027
22; 0,02143638; 0,02143638; 27,413793103448278; 0,054609127
23; 0,02143638; 0,02143638; 27,689655172413794; 0,055158656
24; 0,02143638; 0,021420794; 28,448275862068964; 0,056669857
25; 0,021420794; 0,021420794; 27,017241379310345; 0,053819202
26; 0,021420794; 0,021417644; 28,551724137931036; 0,05687594
27; 0,021417644; 0,021035437; 28,310344827586206; 0,0563951
28; 0,021035437; 0,021035437; 28,810344827586206; 0,057391126
29; 0,021035437; 0,021035437; 29,120689655172413; 0,058009353
30; 0,021035437; 0,021035437; 28,53448275862069; 0,0568416
31; 0,021035437; 0,021035437; 27,810344827586206; 0,05539907
32; 0,021035437; 0,021035437; 28,379310344827587; 0,05653246
33; 0,021035437; 0,02086318; 28,155172413793103; 0,056085978
34; 0,02086318; 0,020479886; 28,0; 0,05577687
35; 0,020479886; 0,020479886; 27,844827586206897; 0,055467762
36; 0,020479886; 0,020479886; 27,75862068965517; 0,055296037
37; 0,020479886; 0,020479886; 27,67241379310345; 0,05512431
38; 0,020479886; 0,020479886; 27,396551724137932; 0,05457478
39; 0,020479886; 0,020479886; 26,775862068965516; 0,05333836
40; 0,020479886; 0,020479886; 27,310344827586206; 0,054403055
41; 0,020479886; 0,020479886; 27,913793103448278; 0,05560514
42; 0,020479886; 0,020479886; 28,24137931034483; 0,056257702
43; 0,020479886; 0,020479886; 28,379310344827587; 0,056532465
44; 0,020479886; 0,020479886; 27,413793103448278; 0,054609124
45; 0,020479886; 0,020479886; 28,74137931034483; 0,057253722
46; 0,020479886; 0,020479886; 27,655172413793103; 0,055089958
47; 0,020479886; 0,020479886; 27,56896551724138; 0,054918233
48; 0,020479886; 0,020479886; 27,413793103448278; 0,054609127
49; 0,020479886; 0,020479886; 28,620689655172413; 0,057013307
50; 0,020479886; 0,020479886; 28,413793103448278; 0,05660115
51; 0,020479886; 0,020479886; 28,103448275862068; 0,05598294
52; 0,020479886; 0,019835506; 27,982758620689655; 0,055742536
53; 0,019835506; 0,019835506; 28,724137931034484; 0,05721937
54; 0,019835506; 0,019835506; 28,517241379310345; 0,05680725
55; 0,019835506; 0,019835506; 27,67241379310345; 0,055124328
56; 0,019835506; 0,019835506; 27,775862068965516; 0,05533041
57; 0,019835506; 0,019835506; 28,637931034482758; 0,05704768
58; 0,019835506; 0,019835506; 29,53448275862069; 0,05883365
59; 0,019835506; 0,019835506; 28,155172413793103; 0,056086026
60; 0,019835506; 0,019835506; 29,70689655172414; 0,059177104
61; 0,019835506; 0,019835506; 29,06896551724138; 0,057906322
62; 0,019835506; 0,019835506; 29,051724137931036; 0,057871975
63; 0,019835506; 0,019835506; 29,46551724137931; 0,058696274
64; 0,019835506; 0,019835506; 29,32758620689655; 0,058421507
65; 0,019835506; 0,019835506; 28,655172413793103; 0,057082042
66; 0,019835506; 0,019835506; 29,155172413793103; 0,05807805
67; 0,019835506; 0,019835506; 28,655172413793103; 0,057082042
68; 0,019835506; 0,019835506; 29,46551724137931; 0,058696274
69; 0,019835506; 0,019835506; 28,896551724137932; 0,057562873
70; 0,019835506; 0,019835506; 29,0; 0,05776894
71; 0,019835506; 0,019835506; 28,5; 0,056772925
72; 0,019835506; 0,019835506; 28,46551724137931; 0,056704238
73; 0,019835506; 0,019835506; 29,46551724137931; 0,058696266
74; 0,019835506; 0,019835506; 28,879310344827587; 0,057528526
75; 0,019835506; 0,019835506; 28,862068965517242; 0,05749419
76; 0,019835506; 0,019835506; 28,344827586206897; 0,056463804
77; 0,019835506; 0,019835506; 28,93103448275862; 0,057631563
78; 0,019835506; 0,019835506; 28,482758620689655; 0,056738578
79; 0,019835506; 0,019835506; 28,70689655172414; 0,05718508
80; 0,019835506; 0,019835506; 29,20689655172414; 0,058181085
81; 0,019835506; 0,019835506; 29,379310344827587; 0,05852454
82; 0,019835506; 0,019835506; 28,862068965517242; 0,057494186
83; 0,019835506; 0,019835506; 29,29310344827586; 0,05835282
84; 0,019835506; 0,019835506; 28,879310344827587; 0,05752853
85; 0,019835506; 0,019835506; 29,224137931034484; 0,058215432
86; 0,019835506; 0,019835506; 28,982758620689655; 0,057734594
87; 0,019835506; 0,019835506; 28,586206896551722; 0,056944646
88; 0,019835506; 0,019835506; 28,17241379310345; 0,056120362
89; 0,019835506; 0,019835506; 28,517241379310345; 0,056807276
90; 0,019835506; 0,019835506; 29,43103448275862; 0,05862758
91; 0,019835506; 0,019835506; 29,103448275862068; 0,057975017
92; 0,019835506; 0,019835506; 29,03448275862069; 0,05783764
93; 0,019835506; 0,019835506; 29,879310344827587; 0,059520558
94; 0,019835506; 0,019835506; 28,396551724137932; 0,056566857
95; 0,019835506; 0,019835506; 28,379310344827587; 0,05653251
96; 0,019835506; 0,019835506; 28,620689655172413; 0,057013337
97; 0,019835506; 0,019835506; 28,879310344827587; 0,057528522
98; 0,019835506; 0,019835506; 29,396551724137932; 0,058558896
99; 0,019835506; 0,019835506; 29,017241379310345; 0,057803288
100; 0,019835506; 0,019835506; 28,5; 0,05677292
101; 0,019835506; 0,019835506; 29,74137931034483; 0,0592458
102; 0,019835506; 0,019835506; 29,603448275862068; 0,058971033
103; 0,019835506; 0,019835506; 29,189655172413794; 0,058146745
104; 0,019835506; 0,019835506; 29,0; 0,057768933
105; 0,019835506; 0,019835506; 29,29310344827586; 0,058352828
106; 0,019835506; 0,019835506; 28,75862068965517; 0,057288103
107; 0,019835506; 0,019835506; 29,603448275862068; 0,058971018
108; 0,019835506; 0,019835506; 29,43103448275862; 0,058627583
109; 0,019835506; 0,019835506; 29,051724137931036; 0,057871986
110; 0,019835506; 0,019835506; 29,155172413793103; 0,05807805
111; 0,019835506; 0,019835506; 28,155172413793103; 0,05608602
112; 0,019835506; 0,019835506; 28,396551724137932; 0,05656685
113; 0,019835506; 0,019835506; 29,17241379310345; 0,058112387
114; 0,019835506; 0,019835506; 28,862068965517242; 0,057494175
115; 0,019835506; 0,019835506; 28,775862068965516; 0,05732246
116; 0,019835506; 0,019835506; 29,120689655172413; 0,05800936
117; 0,019835506; 0,019835506; 28,396551724137932; 0,05656686
118; 0,019835506; 0,019835506; 29,362068965517242; 0,0584902
119; 0,019835506; 0,019835506; 29,086206896551722; 0,05794068
120; 0,019835506; 0,019835506; 28,982758620689655; 0,057734597
121; 0,019835506; 0,019835506; 29,637931034482758; 0,05903972
122; 0,019835506; 0,019835506; 29,379310344827587; 0,058524553
123; 0,019835506; 0,019835506; 29,24137931034483; 0,058249783
124; 0,019835506; 0,019835506; 29,120689655172413; 0,05800937
125; 0,019835506; 0,019835506; 28,810344827586206; 0,057391137
126; 0,019835506; 0,019835506; 28,620689655172413; 0,057013344
127; 0,019835506; 0,019835506; 28,96551724137931; 0,057700254
128; 0,019835506; 0,019835506; 28,879310344827587; 0,05752853
129; 0,019835506; 0,019835506; 29,413793103448278; 0,058593236
130; 0,019835506; 0,019835506; 29,32758620689655; 0,058421504
131; 0,019835506; 0,019835506; 28,844827586206897; 0,057459828
132; 0,019835506; 0,019835506; 28,93103448275862; 0,05763156
133; 0,019835506; 0,019835506; 29,29310344827586; 0,058352806
134; 0,019835506; 0,019835506; 28,982758620689655; 0,0577346
135; 0,019835506; 0,019835506; 28,29310344827586; 0,056360785
136; 0,019835506; 0,019835506; 29,25862068965517; 0,058284126
137; 0,019835506; 0,019835506; 29,0; 0,057768945
138; 0,019835506; 0,019835506; 28,379310344827587; 0,05653251
139; 0,019835506; 0,019835506; 28,96551724137931; 0,057700254
140; 0,019835506; 0,019835506; 28,82758620689655; 0,057425495
141; 0,019835506; 0,019835506; 29,810344827586206; 0,059383195
142; 0,019835506; 0,019835506; 29,448275862068964; 0,058661923
143; 0,019835506; 0,019835506; 29,03448275862069; 0,057837643
144; 0,019835506; 0,019835506; 28,32758620689655; 0,056429476
145; 0,019835506; 0,019835506; 29,17241379310345; 0,058112398
146; 0,019835506; 0,019835506; 29,017241379310345; 0,057803296
147; 0,019835506; 0,019835506; 28,879310344827587; 0,05752853
148; 0,019835506; 0,019835506; 28,96551724137931; 0,057700247
149; 0,019835506; 0,019835506; 29,03448275862069; 0,057837643
150; 0,019835506; 0,019835506; 28,93103448275862; 0,057631563
151; 0,019835506; 0,019835506; 28,96551724137931; 0,05770025
152; 0,019835506; 0,019835506; 29,17241379310345; 0,058112394
153; 0,019835506; 0,019835506; 28,775862068965516; 0,05732245
154; 0,019835506; 0,019835506; 28,844827586206897; 0,057459842
155; 0,019835506; 0,019835506; 28,74137931034483; 0,057253763
156; 0,019835506; 0,019835506; 27,913793103448278; 0,055605184
157; 0,019835506; 0,019835506; 28,896551724137932; 0,057562873
158; 0,019835506; 0,019835506; 28,879310344827587; 0,057528507
159; 0,019835506; 0,019835506; 29,17241379310345; 0,058112394
160; 0,019835506; 0,019835506; 29,06896551724138; 0,057906326
161; 0,019835506; 0,019835506; 29,051724137931036; 0,05787198
162; 0,019835506; 0,019835506; 28,396551724137932; 0,056566846
163; 0,019835506; 0,019835506; 28,810344827586206; 0,057391144
164; 0,019835506; 0,019835506; 29,53448275862069; 0,058833655
165; 0,019835506; 0,019835506; 28,844827586206897; 0,05745983
166; 0,019835506; 0,019835506; 28,70689655172414; 0,05718507
167; 0,019835506; 0,019835506; 29,620689655172413; 0,059005372
168; 0,019835506; 0,019835506; 29,0; 0,057768937
169; 0,019835506; 0,019835506; 28,844827586206897; 0,05745984
170; 0,019835506; 0,019835506; 28,517241379310345; 0,056807276
171; 0,019835506; 0,019835506; 28,344827586206897; 0,056463815
172; 0,019835506; 0,019835506; 29,344827586206897; 0,058455855
173; 0,019835506; 0,019835506; 28,0; 0,055776905
174; 0,019835506; 0,019835506; 28,586206896551722; 0,05694466
175; 0,019835506; 0,019835506; 29,482758620689655; 0,058730617
176; 0,019835506; 0,019835506; 28,24137931034483; 0,056257747
177; 0,019835506; 0,019835506; 29,24137931034483; 0,058249786
178; 0,019835506; 0,019835506; 28,879310344827587; 0,05752853
179; 0,019835506; 0,019835506; 29,189655172413794; 0,058146745
180; 0,019835506; 0,019835506; 28,724137931034484; 0,05721941
181; 0,019835506; 0,019835506; 28,689655172413794; 0,057150733
182; 0,019835506; 0,019835506; 29,0; 0,057768956
183; 0,019835506; 0,019835506; 29,56896551724138; 0,058902342
184; 0,019835506; 0,019835506; 28,896551724137932; 0,057562873
185; 0,019835506; 0,019835506; 29,379310344827587; 0,058524556
186; 0,019835506; 0,019835506; 28,551724137931036; 0,056875966
187; 0,019835506; 0,019835506; 29,29310344827586; 0,058352813
188; 0,019835506; 0,019835506; 29,655172413793103; 0,059074078
189; 0,019835506; 0,019835506; 28,982758620689655; 0,057734594
190; 0,019835506; 0,019835506; 28,25862068965517; 0,056292094
191; 0,019835506; 0,019835506; 28,724137931034484; 0,05721942
192; 0,019835506; 0,019835506; 29,20689655172414; 0,058181092
193; 0,019835506; 0,019835506; 29,155172413793103; 0,058078058
194; 0,019835506; 0,019835506; 29,43103448275862; 0,05862758
195; 0,019835506; 0,019835506; 28,603448275862068; 0,056979004
196; 0,019835506; 0,019835506; 29,17241379310345; 0,058112398
197; 0,019835506; 0,019835506; 28,79310344827586; 0,057356797
198; 0,019835506; 0,019835506; 28,67241379310345; 0,057116386
199; 0,019835506; 0,019835506; 29,29310344827586; 0,05835282
200; 0,019835506; 0,019835506; 28,879310344827587; 0,057528522
201; 0,019835506; 0,019835506; 28,862068965517242; 0,05749419
202; 0,019835506; 0,019835506; 28,93103448275862; 0,057631563
203; 0,019835506; 0,019835506; 29,379310344827587; 0,05852454
204; 0,019835506; 0,019835506; 29,344827586206897; 0,058455855
205; 0,019835506; 0,019835506; 28,362068965517242; 0,05649816
206; 0,019835506; 0,019835506; 29,46551724137931; 0,05869627
207; 0,019835506; 0,019835506; 29,25862068965517; 0,058284126
208; 0,019835506; 0,019835506; 28,96551724137931; 0,057700247
209; 0,019835506; 0,019835506; 29,120689655172413; 0,058009356
210; 0,019835506; 0,019835506; 28,5; 0,05677292
211; 0,019835506; 0,019835506; 29,137931034482758; 0,058043715
212; 0,019835506; 0,019502826; 28,70689655172414; 0,057185076
213; 0,019502826; 0,019502826; 27,67241379310345; 0,055124324
214; 0,019502826; 0,019502826; 28,20689655172414; 0,056189053
215; 0,019502826; 0,019502826; 28,137931034482758; 0,05605165
216; 0,019502826; 0,019502826; 28,396551724137932; 0,05656681
217; 0,019502826; 0,019502826; 28,189655172413794; 0,05615466
218; 0,019502826; 0,019502826; 28,551724137931036; 0,056875914
219; 0,019502826; 0,019502826; 27,551724137931036; 0,054883894
220; 0,019502826; 0,017925449; 28,120689655172413; 0,05601728
221; 0,017925449; 0,017925449; 27,79310344827586; 0,055364724
222; 0,017925449; 0,017925449; 27,724137931034484; 0,055227336
223; 0,017925449; 0,017925449; 27,862068965517242; 0,05550211
224; 0,017925449; 0,017925449; 26,56896551724138; 0,052926213
225; 0,017925449; 0,017925449; 27,75862068965517; 0,05529604
226; 0,017925449; 0,017925449; 28,03448275862069; 0,055845562
227; 0,017925449; 0,017925449; 28,20689655172414; 0,056189008
228; 0,017925449; 0,017925449; 28,051724137931036; 0,055879902
229; 0,017925449; 0,017925449; 28,137931034482758; 0,056051623
230; 0,017925449; 0,017925449; 27,82758620689655; 0,055433415
231; 0,017925449; 0,017925449; 28,103448275862068; 0,05598294
232; 0,017925449; 0,017925449; 28,189655172413794; 0,056154672
233; 0,017925449; 0,017925449; 27,810344827586206; 0,055399064
234; 0,017925449; 0,017925449; 28,396551724137932; 0,056566812
235; 0,017925449; 0,017925449; 27,896551724137932; 0,055570796
236; 0,017925449; 0,017925449; 27,5; 0,054780852
237; 0,017925449; 0,017925449; 27,74137931034483; 0,055261683
238; 0,017925449; 0,017925449; 28,06896551724138; 0,05591425
239; 0,017925449; 0,017925449; 27,913793103448278; 0,055605143
240; 0,017925449; 0,017925449; 28,482758620689655; 0,056738533
241; 0,017925449; 0,017925449; 27,32758620689655; 0,0544374
242; 0,017925449; 0,017925449; 27,482758620689655; 0,05474651
243; 0,017925449; 0,017925449; 28,103448275862068; 0,05598294
244; 0,017925449; 0,017925449; 27,75862068965517; 0,055296037
245; 0,017925449; 0,017925449; 28,06896551724138; 0,055914253
246; 0,017925449; 0,017925449; 27,396551724137932; 0,05457478
247; 0,017925449; 0,017925449; 27,482758620689655; 0,0547465
248; 0,017925449; 0,017925449; 28,362068965517242; 0,05649812
249; 0,017925449; 0,017925449; 28,448275862068964; 0,056669846
250; 0,017925449; 0,017925449; 28,03448275862069; 0,055845555
251; 0,017925449; 0,017925449; 28,0; 0,055776864
252; 0,017925449; 0,017925449; 27,862068965517242; 0,055502106
253; 0,017925449; 0,017925449; 27,517241379310345; 0,054815203
254; 0,017925449; 0,017925449; 28,0; 0,055776864
255; 0,017925449; 0,017925449; 27,862068965517242; 0,0555021
256; 0,017925449; 0,017925449; 27,982758620689655; 0,055742525
257; 0,017925449; 0,017925449; 27,689655172413794; 0,055158652
258; 0,017925449; 0,017925449; 28,29310344827586; 0,056360733
259; 0,017925449; 0,017925449; 27,74137931034483; 0,055261686
260; 0,017925449; 0,017925449; 27,46551724137931; 0,05471216
261; 0,017925449; 0,017925449; 27,844827586206897; 0,055467755
262; 0,017925449; 0,017925449; 28,224137931034484; 0,056223355
263; 0,017925449; 0,017925449; 28,5; 0,05677288
264; 0,017925449; 0,017925449; 28,29310344827586; 0,056360736
265; 0,017925449; 0,017925449; 28,17241379310345; 0,05612032
266; 0,017925449; 0,017925449; 28,051724137931036; 0,055879902
267; 0,017925449; 0,017925449; 28,413793103448278; 0,05660115
268; 0,017925449; 0,017925449; 28,03448275862069; 0,055845566
269; 0,017925449; 0,017925449; 27,844827586206897; 0,05546776
270; 0,017925449; 0,017925449; 27,948275862068964; 0,055673826
271; 0,017925449; 0,017925449; 28,0; 0,055776868
272; 0,017925449; 0,017925449; 26,810344827586206; 0,05340704
273; 0,017925449; 0,017925449; 28,120689655172413; 0,05601728
274; 0,017925449; 0,017925449; 28,275862068965516; 0,056326386
275; 0,017925449; 0,017925449; 27,120689655172413; 0,05402526
276; 0,017925449; 0,017925449; 28,5; 0,056772884
277; 0,017925449; 0,017925449; 28,53448275862069; 0,05684157
278; 0,017925449; 0,017925449; 28,551724137931036; 0,056875914
279; 0,017925449; 0,017925449; 27,637931034482758; 0,055055615
280; 0,017925449; 0,017925449; 27,79310344827586; 0,055364724
281; 0,017925449; 0,017925449; 27,982758620689655; 0,055742525
282; 0,017925449; 0,017925449; 27,93103448275862; 0,05563949
283; 0,017925449; 0,017925449; 28,53448275862069; 0,05684158
284; 0,017925449; 0,017925449; 27,603448275862068; 0,054986924
285; 0,017925449; 0,017925449; 28,275862068965516; 0,05632639
286; 0,017925449; 0,017925449; 28,20689655172414; 0,056189016
287; 0,017925449; 0,017925449; 28,46551724137931; 0,056704193
288; 0,017925449; 0,017925449; 27,775862068965516; 0,055330373
289; 0,017925449; 0,017925449; 28,275862068965516; 0,056326393
290; 0,017925449; 0,017925449; 28,29310344827586; 0,056360733
291; 0,017925449; 0,017925449; 28,396551724137932; 0,056566805
292; 0,017925449; 0,017925449; 28,20689655172414; 0,056189008
293; 0,017925449; 0,017925449; 28,379310344827587; 0,05653246
294; 0,017925449; 0,017925449; 27,70689655172414; 0,055193
295; 0,017925449; 0,017925449; 28,17241379310345; 0,056120314
296; 0,017925449; 0,017925449; 28,24137931034483; 0,05625771
297; 0,017925449; 0,017925449; 27,637931034482758; 0,05505562
298; 0,017925449; 0,017925449; 28,362068965517242; 0,05649812
299; 0,017925449; 0,017925449; 28,275862068965516; 0,056326397
300; 0,017925449; 0,017925449; 28,275862068965516; 0,056326397
301; 0,017925449; 0,017925449; 28,56896551724138; 0,05691027
302; 0,017925449; 0,017925449; 27,637931034482758; 0,055055615
303; 0,017925449; 0,017925449; 28,32758620689655; 0,056429435
304; 0,017925449; 0,017925449; 28,24137931034483; 0,0562577
305; 0,017925449; 0,017925449; 27,913793103448278; 0,055605147
306; 0,017925449; 0,017925449; 27,913793103448278; 0,055605132
307; 0,017925449; 0,017925449; 28,689655172413794; 0,05715068
308; 0,017925449; 0,017925449; 28,03448275862069; 0,055845566
309; 0,017925449; 0,017925449; 27,879310344827587; 0,055536453
310; 0,017925449; 0,017925449; 27,46551724137931; 0,054712154
311; 0,017925449; 0,017925449; 27,913793103448278; 0,05560514
312; 0,017925449; 0,017925449; 28,482758620689655; 0,056738533
313; 0,017925449; 0,017925449; 28,137931034482758; 0,056051634
314; 0,017925449; 0,017925449; 27,79310344827586; 0,055364728
315; 0,017925449; 0,017925449; 27,93103448275862; 0,055639494
316; 0,017925449; 0,017925449; 28,017241379310345; 0,055811204
317; 0,017925449; 0,017925449; 28,20689655172414; 0,056189008
318; 0,017925449; 0,017925449; 27,810344827586206; 0,05539907
319; 0,017925449; 0,017925449; 27,67241379310345; 0,055124305
320; 0,017925449; 0,017925449; 28,086206896551722; 0,055948593
321; 0,017925449; 0,017925449; 28,24137931034483; 0,056257702
322; 0,017925449; 0,017925449; 27,517241379310345; 0,054815203
323; 0,017925449; 0,017925449; 27,896551724137932; 0,055570796
324; 0,017925449; 0,017925449; 27,56896551724138; 0,054918233
325; 0,017925449; 0,017925449; 28,120689655172413; 0,056017287
326; 0,017925449; 0,017925449; 27,551724137931036; 0,054883894
327; 0,017925449; 0,017925449; 28,120689655172413; 0,056017283
328; 0,017925449; 0,017925449; 28,70689655172414; 0,05718502
329; 0,017925449; 0,017925449; 27,56896551724138; 0,054918244
330; 0,017925449; 0,017925449; 28,155172413793103; 0,056085974
331; 0,017925449; 0,017925449; 28,32758620689655; 0,05642943
332; 0,017925449; 0,017925449; 28,17241379310345; 0,056120314
333; 0,017925449; 0,017925449; 28,155172413793103; 0,05608598
334; 0,017925449; 0,017925449; 28,310344827586206; 0,056395087
335; 0,017925449; 0,017925449; 28,275862068965516; 0,05632639
336; 0,017925449; 0,017925449; 27,70689655172414; 0,055192996
337; 0,017925449; 0,017925449; 27,396551724137932; 0,05457479
338; 0,017925449; 0,017925449; 27,086206896551722; 0,053956572
339; 0,017925449; 0,017925449; 28,20689655172414; 0,05618902
340; 0,017925449; 0,017925449; 27,810344827586206; 0,05539907
341; 0,017925449; 0,017925449; 27,586206896551722; 0,054952588
342; 0,017925449; 0,017925449; 27,896551724137932; 0,0555708
343; 0,017925449; 0,017925449; 28,25862068965517; 0,05629205
344; 0,017925449; 0,017925449; 28,310344827586206; 0,056395087
345; 0,017925449; 0,017925449; 26,724137931034484; 0,05323532
346; 0,017925449; 0,017925449; 27,862068965517242; 0,055502106
347; 0,017925449; 0,017925449; 28,017241379310345; 0,05581121
348; 0,017925449; 0,017925449; 28,344827586206897; 0,056463774
349; 0,017925449; 0,017925449; 27,344827586206897; 0,054471746
350; 0,017925449; 0,017925449; 27,862068965517242; 0,0555021
351; 0,017925449; 0,017925449; 27,655172413793103; 0,05508996
352; 0,017925449; 0,017925449; 28,0; 0,055776868
353; 0,017925449; 0,017925449; 28,448275862068964; 0,056669842
354; 0,017925449; 0,017925449; 28,20689655172414; 0,056189008
355; 0,017925449; 0,017925449; 28,224137931034484; 0,05622335
356; 0,017925449; 0,017925449; 28,120689655172413; 0,056017283
357; 0,017925449; 0,017925449; 27,93103448275862; 0,05563949
358; 0,017925449; 0,017925449; 28,25862068965517; 0,056292053
359; 0,017925449; 0,017925449; 28,017241379310345; 0,055811215
360; 0,017925449; 0,017925449; 27,086206896551722; 0,05395658
361; 0,017925449; 0,017925449; 28,155172413793103; 0,05608597
362; 0,017925449; 0,017925449; 27,982758620689655; 0,05574253
363; 0,017925449; 0,017925449; 28,5; 0,056772877
364; 0,017925449; 0,017925449; 27,93103448275862; 0,055639494
365; 0,017925449; 0,017925449; 27,67241379310345; 0,055124313
366; 0,017925449; 0,017925449; 28,637931034482758; 0,057047643
367; 0,017925449; 0,017925449; 28,017241379310345; 0,05581122
368; 0,017925449; 0,017925449; 28,189655172413794; 0,056154665
369; 0,017925449; 0,017925449; 28,03448275862069; 0,055845555
370; 0,017925449; 0,017925449; 28,29310344827586; 0,056360736
371; 0,017925449; 0,017925449; 28,189655172413794; 0,056154665
372; 0,017925449; 0,017925449; 28,551724137931036; 0,056875918
373; 0,017925449; 0,017925449; 28,5; 0,056772877
374; 0,017925449; 0,017925449; 27,448275862068964; 0,05467781
375; 0,017925449; 0,017925449; 27,79310344827586; 0,05536472
376; 0,017925449; 0,017925449; 28,25862068965517; 0,056292057
377; 0,017925449; 0,017925449; 28,655172413793103; 0,057081986
378; 0,017925449; 0,017925449; 27,0; 0,053784836
379; 0,017925449; 0,017925449; 27,810344827586206; 0,055399075
380; 0,017925449; 0,017925449; 28,20689655172414; 0,056189016
381; 0,017925449; 0,017925449; 28,0; 0,055776868
382; 0,017925449; 0,017925449; 28,0; 0,05577687
383; 0,017925449; 0,017925449; 28,344827586206897; 0,056463774
384; 0,017925449; 0,017925449; 28,017241379310345; 0,05581121
385; 0,017925449; 0,017925449; 28,5; 0,056772884
386; 0,017925449; 0,017925449; 28,396551724137932; 0,05656681
387; 0,017925449; 0,017925449; 27,517241379310345; 0,054815196
388; 0,017925449; 0,017925449; 28,724137931034484; 0,057219364
389; 0,017925449; 0,017925449; 28,74137931034483; 0,05725371
390; 0,017925449; 0,017925449; 27,982758620689655; 0,055742517
391; 0,017925449; 0,017925449; 27,189655172413794; 0,054162633
392; 0,017925449; 0,017925449; 28,120689655172413; 0,056017287
393; 0,017925449; 0,017925449; 28,120689655172413; 0,056017283
394; 0,017925449; 0,017925449; 27,70689655172414; 0,055192996
395; 0,017925449; 0,017925449; 27,82758620689655; 0,05543342
396; 0,017925449; 0,017925449; 27,948275862068964; 0,055673834
397; 0,017925449; 0,017925449; 28,120689655172413; 0,05601729
398; 0,017925449; 0,017925449; 27,82758620689655; 0,05543342
399; 0,017925449; 0,017925449; 27,586206896551722; 0,054952577
400; 0,017925449; 0,017925449; 27,879310344827587; 0,055536456
401; 0,017925449; 0,017925449; 27,20689655172414; 0,054196987
402; 0,017925449; 0,017925449; 27,775862068965516; 0,055330373
403; 0,017925449; 0,017925449; 27,586206896551722; 0,054952588
404; 0,017925449; 0,017925449; 27,948275862068964; 0,055673826
405; 0,017925449; 0,017925449; 28,275862068965516; 0,056326393
406; 0,017925449; 0,017925449; 28,344827586206897; 0,056463774
407; 0,017925449; 0,017925449; 27,810344827586206; 0,055399068
408; 0,017925449; 0,017925449; 28,189655172413794; 0,056154672
409; 0,017925449; 0,017925449; 27,862068965517242; 0,0555021
410; 0,017925449; 0,017925449; 28,06896551724138; 0,055914253
411; 0,017925449; 0,017925449; 27,75862068965517; 0,055296026
412; 0,017925449; 0,017925449; 28,379310344827587; 0,05653246
413; 0,017925449; 0,017925449; 27,862068965517242; 0,05550211
414; 0,017925449; 0,017925449; 27,982758620689655; 0,05574253
415; 0,017925449; 0,017925449; 28,086206896551722; 0,055948604
416; 0,017925449; 0,017925449; 28,46551724137931; 0,056704193
417; 0,017925449; 0,017925449; 27,724137931034484; 0,055227343
418; 0,017925449; 0,017925449; 27,862068965517242; 0,055502106
419; 0,017925449; 0,017925449; 27,82758620689655; 0,05543342
420; 0,017925449; 0,017925449; 28,120689655172413; 0,05601728
421; 0,017925449; 0,017925449; 27,844827586206897; 0,055467766
422; 0,017925449; 0,017925449; 27,603448275862068; 0,054986924
423; 0,017925449; 0,017925449; 27,29310344827586; 0,05436871
424; 0,017925449; 0,017925449; 27,810344827586206; 0,055399064
425; 0,017925449; 0,017925449; 27,913793103448278; 0,055605132
426; 0,017925449; 0,017925449; 28,310344827586206; 0,05639509
427; 0,017925449; 0,017925449; 28,56896551724138; 0,056910265
428; 0,017925449; 0,017925449; 28,5; 0,05677288
429; 0,017925449; 0,017925449; 28,53448275862069; 0,056841575
430; 0,017925449; 0,017925449; 28,24137931034483; 0,0562577
431; 0,017925449; 0,017925449; 28,137931034482758; 0,056051634
432; 0,017925449; 0,017925449; 27,896551724137932; 0,0555708
433; 0,017925449; 0,017925449; 28,310344827586206; 0,05639508
434; 0,017925449; 0,017925449; 27,982758620689655; 0,055742536
435; 0,017925449; 0,017925449; 28,603448275862068; 0,056978956
436; 0,017925449; 0,017925449; 28,137931034482758; 0,056051627
437; 0,017925449; 0,017925449; 27,362068965517242; 0,05450609
438; 0,017925449; 0,017925449; 28,24137931034483; 0,05625771
439; 0,017925449; 0,017925449; 27,551724137931036; 0,054883886
440; 0,017925449; 0,017925449; 28,0; 0,055776864
441; 0,017925449; 0,017925449; 28,413793103448278; 0,05660116
442; 0,017925449; 0,017925449; 28,103448275862068; 0,055982936
443; 0,017925449; 0,017925449; 28,396551724137932; 0,056566805
444; 0,017925449; 0,017925449; 28,344827586206897; 0,05646377
445; 0,017925449; 0,017925449; 27,551724137931036; 0,054883886
446; 0,017925449; 0,017925449; 28,017241379310345; 0,055811215
447; 0,017925449; 0,017925449; 27,224137931034484; 0,054231327
448; 0,017925449; 0,017925449; 27,67241379310345; 0,05512431
449; 0,017925449; 0,017925449; 27,810344827586206; 0,05539907
450; 0,017925449; 0,017925449; 28,379310344827587; 0,056532457
451; 0,017925449; 0,017925449; 28,29310344827586; 0,056360736
452; 0,017925449; 0,017925449; 28,086206896551722; 0,0559486
453; 0,017925449; 0,017925449; 28,0; 0,05577687
454; 0,017925449; 0,017925449; 27,74137931034483; 0,055261686
455; 0,017925449; 0,017925449; 28,137931034482758; 0,056051627
456; 0,017925449; 0,017925449; 27,5; 0,054780852
457; 0,017925449; 0,017925449; 27,56896551724138; 0,054918233
458; 0,017925449; 0,017925449; 28,344827586206897; 0,056463774
459; 0,017925449; 0,017925449; 28,03448275862069; 0,055845562
460; 0,017925449; 0,017925449; 27,517241379310345; 0,054815203
461; 0,017925449; 0,017925449; 27,56896551724138; 0,054918237
462; 0,017925449; 0,017925449; 27,862068965517242; 0,055502106
463; 0,017925449; 0,017925449; 27,79310344827586; 0,05536472
464; 0,017925449; 0,017925449; 28,224137931034484; 0,056223355
465; 0,017925449; 0,017925449; 27,25862068965517; 0,054300018
466; 0,017925449; 0,017925449; 27,67241379310345; 0,05512431
467; 0,017925449; 0,017925449; 27,896551724137932; 0,055570796
468; 0,017925449; 0,017925449; 27,982758620689655; 0,055742525
469; 0,017925449; 0,017925449; 28,689655172413794; 0,057150684
470; 0,017925449; 0,017925449; 27,862068965517242; 0,055502098
471; 0,017925449; 0,017925449; 28,46551724137931; 0,05670419
472; 0,017925449; 0,017925449; 28,310344827586206; 0,05639509
473; 0,017925449; 0,017925449; 28,06896551724138; 0,055914253
474; 0,017925449; 0,017925449; 28,155172413793103; 0,056085974
475; 0,017925449; 0,017925449; 27,93103448275862; 0,05563948
476; 0,017925449; 0,017925449; 27,189655172413794; 0,054162644
477; 0,017925449; 0,017925449; 27,775862068965516; 0,05533038
478; 0,017925449; 0,017925449; 28,20689655172414; 0,05618902
479; 0,017925449; 0,017925449; 27,879310344827587; 0,05553646
480; 0,017925449; 0,017925449; 27,17241379310345; 0,0541283
481; 0,017925449; 0,017925449; 28,46551724137931; 0,056704193
482; 0,017925449; 0,017925449; 27,724137931034484; 0,055227336
483; 0,017925449; 0,017925449; 28,310344827586206; 0,056395084
484; 0,017925449; 0,017925449; 27,655172413793103; 0,05508996
485; 0,017925449; 0,017925449; 28,017241379310345; 0,055811208
486; 0,017925449; 0,017925449; 28,551724137931036; 0,05687592
487; 0,017925449; 0,017925449; 28,189655172413794; 0,05615466
488; 0,017925449; 0,017925449; 28,56896551724138; 0,056910265
489; 0,017925449; 0,017925449; 27,74137931034483; 0,05526169
490; 0,017925449; 0,017925449; 28,137931034482758; 0,056051627
491; 0,017925449; 0,017925449; 28,43103448275862; 0,0566355
492; 0,017925449; 0,017925449; 27,913793103448278; 0,055605143
493; 0,017925449; 0,017925449; 28,20689655172414; 0,056189008
494; 0,017925449; 0,017925449; 28,17241379310345; 0,056120325
495; 0,017925449; 0,017925449; 28,551724137931036; 0,056875914
496; 0,017925449; 0,017565327; 27,862068965517242; 0,055502106
497; 0,017565327; 0,017565327; 28,56896551724138; 0,05691027
498; 0,017565327; 0,017565327; 27,344827586206897; 0,054471742
499; 0,017565327; 0,017565327; 28,275862068965516; 0,056326393
500; 0,017565327; 0,017565327; 28,689655172413794; 0,057150677
501; 0,017565327; 0,017565327; 27,53448275862069; 0,054849543
502; 0,017565327; 0,017565327; 27,79310344827586; 0,055364717
503; 0,017565327; 0,017565327; 28,137931034482758; 0,056051634
504; 0,017565327; 0,017565327; 28,75862068965517; 0,05728806
505; 0,017565327; 0,017565327; 28,137931034482758; 0,056051627
506; 0,017565327; 0,017565327; 27,79310344827586; 0,055364728
507; 0,017565327; 0,017565327; 28,586206896551722; 0,05694461
508; 0,017565327; 0,017565327; 27,637931034482758; 0,055055615
509; 0,017565327; 0,017565327; 28,103448275862068; 0,055982944
510; 0,017565327; 0,017565327; 28,551724137931036; 0,05687592
511; 0,017565327; 0,017565327; 27,120689655172413; 0,054025266
512; 0,017565327; 0,017565327; 28,620689655172413; 0,0570133
513; 0,017565327; 0,017565327; 28,413793103448278; 0,05660115
514; 0,017565327; 0,017565327; 28,051724137931036; 0,055879902
515; 0,017565327; 0,017565327; 27,655172413793103; 0,05508996
516; 0,017565327; 0,017565327; 27,275862068965516; 0,05433436
517; 0,017565327; 0,017565327; 28,379310344827587; 0,056532465
518; 0,017565327; 0,017565327; 27,32758620689655; 0,0544374
519; 0,017565327; 0,017565327; 28,06896551724138; 0,05591425
520; 0,017565327; 0,017565327; 27,689655172413794; 0,055158652
521; 0,017565327; 0,017565327; 28,724137931034484; 0,05721938
522; 0,017565327; 0,017565327; 28,120689655172413; 0,056017283
523; 0,017565327; 0,017565327; 28,32758620689655; 0,056429427
524; 0,017565327; 0,017565327; 27,75862068965517; 0,055296034
525; 0,017565327; 0,017565327; 28,603448275862068; 0,05697895
526; 0,017565327; 0,017565327; 27,586206896551722; 0,054952577
527; 0,017565327; 0,017565327; 28,948275862068964; 0,057665855
528; 0,017565327; 0,015632337; 28,46551724137931; 0,05670419
529; 0,015632337; 0,015632337; 28,344827586206897; 0,056463774
530; 0,015632337; 0,015632337; 28,586206896551722; 0,05694462
531; 0,015632337; 0,015632337; 28,482758620689655; 0,056738544
532; 0,015632337; 0,015632337; 29,120689655172413; 0,058009345
533; 0,015632337; 0,015632337; 28,982758620689655; 0,057734586
534; 0,015632337; 0,015632337; 28,79310344827586; 0,057356797
535; 0,015632337; 0,015632337; 29,362068965517242; 0,058490198
536; 0,015632337; 0,015632337; 29,551724137931036; 0,058868006
537; 0,015632337; 0,015632337; 29,086206896551722; 0,05794067
538; 0,015632337; 0,015632337; 28,862068965517242; 0,057494186
539; 0,015632337; 0,015632337; 28,948275862068964; 0,057665914
540; 0,015632337; 0,015632337; 28,17241379310345; 0,056120366
541; 0,015632337; 0,015292278; 29,310344827586206; 0,058387145
542; 0,015292278; 0,015292278; 29,155172413793103; 0,058078043
543; 0,015292278; 0,015292278; 28,982758620689655; 0,05773457
544; 0,015292278; 0,015292278; 28,844827586206897; 0,05745981
545; 0,015292278; 0,015292278; 28,362068965517242; 0,056498133
546; 0,015292278; 0,0146968905; 27,96551724137931; 0,055708185
547; 0,0146968905; 0,0146968905; 28,482758620689655; 0,056738537
548; 0,0146968905; 0,0146968905; 28,689655172413794; 0,057150673
549; 0,0146968905; 0,0146968905; 28,275862068965516; 0,056326397
550; 0,0146968905; 0,0146968905; 27,862068965517242; 0,055502098
551; 0,0146968905; 0,0146968905; 28,03448275862069; 0,05584555
552; 0,0146968905; 0,0146968905; 27,79310344827586; 0,055364724
553; 0,0146968905; 0,0146968905; 28,051724137931036; 0,055879906
554; 0,0146968905; 0,0146968905; 27,844827586206897; 0,055467766
555; 0,0146968905; 0,0146968905; 28,275862068965516; 0,05632639
556; 0,0146968905; 0,0146968905; 28,655172413793103; 0,057081986
557; 0,0146968905; 0,0146968905; 28,637931034482758; 0,057047646
558; 0,0146968905; 0,0146968905; 28,70689655172414; 0,057185028
559; 0,0146968905; 0,0146968905; 28,603448275862068; 0,056978963
560; 0,0146968905; 0,0146968905; 27,70689655172414; 0,055192996
561; 0,0146968905; 0,0146968905; 28,482758620689655; 0,05673853
562; 0,0146968905; 0,0146968905; 27,43103448275862; 0,05464347
563; 0,0146968905; 0,0146968905; 28,310344827586206; 0,056395087
564; 0,0146968905; 0,0146968905; 28,810344827586206; 0,05739109
565; 0,0146968905; 0,0146968905; 28,620689655172413; 0,057013303
566; 0,0146968905; 0,0146968905; 28,551724137931036; 0,056875907
567; 0,0146968905; 0,0146968905; 27,724137931034484; 0,055227343
568; 0,0146968905; 0,0146968905; 28,344827586206897; 0,05646377
569; 0,0146968905; 0,0146968905; 27,67241379310345; 0,05512431
570; 0,0146968905; 0,0146968905; 27,82758620689655; 0,05543342
571; 0,0146968905; 0,0146968905; 28,396551724137932; 0,056566812
572; 0,0146968905; 0,0146968905; 28,43103448275862; 0,056635503
573; 0,0146968905; 0,0146968905; 28,017241379310345; 0,05581121
574; 0,0146968905; 0,0146968905; 28,448275862068964; 0,056669842
575; 0,0146968905; 0,0146968905; 27,810344827586206; 0,05539907
576; 0,0146968905; 0,0146968905; 28,75862068965517; 0,05728806
577; 0,0146968905; 0,0146968905; 27,56896551724138; 0,054918233
578; 0,0146968905; 0,0146968905; 27,879310344827587; 0,055536445
579; 0,0146968905; 0,0146968905; 27,96551724137931; 0,055708185
580; 0,0146968905; 0,0146968905; 28,586206896551722; 0,05694462
581; 0,0146968905; 0,0146968905; 28,29310344827586; 0,056360736
582; 0,0146968905; 0,0146968905; 28,17241379310345; 0,05612032
583; 0,0146968905; 0,0146968905; 28,46551724137931; 0,0567042
584; 0,0146968905; 0,0146968905; 28,20689655172414; 0,056189023
585; 0,0146968905; 0,0146968905; 28,120689655172413; 0,056017287
586; 0,0146968905; 0,0146968905; 28,17241379310345; 0,056120317
587; 0,0146968905; 0,0146968905; 28,103448275862068; 0,055982947
588; 0,0146968905; 0,0146968905; 28,0; 0,055776868
589; 0,0146968905; 0,0146968905; 28,086206896551722; 0,0559486
590; 0,0146968905; 0,0146968905; 28,344827586206897; 0,05646378
591; 0,0146968905; 0,0146968905; 27,862068965517242; 0,0555021
592; 0,0146968905; 0,0146968905; 28,32758620689655; 0,05642943
593; 0,0146968905; 0,0146968905; 28,586206896551722; 0,0569446
594; 0,0146968905; 0,0146968905; 28,46551724137931; 0,0567042
595; 0,0146968905; 0,0146968905; 28,46551724137931; 0,056704197
596; 0,0146968905; 0,0146968905; 28,344827586206897; 0,056463763
597; 0,0146968905; 0,0146968905; 27,879310344827587; 0,055536453
598; 0,0146968905; 0,0146968905; 28,637931034482758; 0,057047643
599; 0,0146968905; 0,014606634; 28,413793103448278; 0,056601156
600; 0,014606634; 0,014606634; 28,53448275862069; 0,056841586
601; 0,014606634; 0,014606634; 28,551724137931036; 0,05687594
602; 0,014606634; 0,014606634; 28,396551724137932; 0,056566834
603; 0,014606634; 0,014606634; 29,56896551724138; 0,058902342
604; 0,014606634; 0,014606634; 29,224137931034484; 0,058215447
605; 0,014606634; 0,014606634; 29,29310344827586; 0,05835282
606; 0,014606634; 0,014606634; 29,32758620689655; 0,058421515
607; 0,014606634; 0,014606634; 27,775862068965516; 0,055330426
608; 0,014606634; 0,014606634; 29,086206896551722; 0,057940673
609; 0,014606634; 0,014606634; 28,189655172413794; 0,056154706
610; 0,014606634; 0,014606634; 29,379310344827587; 0,05852454
611; 0,014606634; 0,014606634; 29,56896551724138; 0,05890234
612; 0,014606634; 0,014606634; 29,25862068965517; 0,058284126
613; 0,014606634; 0,014606634; 28,224137931034484; 0,056223404
614; 0,014606634; 0,014606634; 28,70689655172414; 0,05718507
615; 0,014606634; 0,014606634; 28,74137931034483; 0,057253763
616; 0,014606634; 0,014606634; 28,17241379310345; 0,05612037
617; 0,014606634; 0,014606634; 29,32758620689655; 0,058421515
618; 0,014606634; 0,014606634; 28,82758620689655; 0,057425503
619; 0,014606634; 0,014606634; 28,53448275862069; 0,056841616
620; 0,014606634; 0,014606634; 28,96551724137931; 0,05770025
621; 0,014606634; 0,014606634; 27,74137931034483; 0,05526172
622; 0,014606634; 0,014606634; 28,775862068965516; 0,057322454
623; 0,014606634; 0,014606634; 29,155172413793103; 0,05807806
624; 0,014606634; 0,014606634; 29,137931034482758; 0,058043707
625; 0,014606634; 0,014606634; 27,862068965517242; 0,055502146
626; 0,014606634; 0,014606634; 28,362068965517242; 0,056498162
627; 0,014606634; 0,014606634; 29,17241379310345; 0,058112405
628; 0,014606634; 0,014606634; 29,43103448275862; 0,05862758
629; 0,014606634; 0,014606634; 29,120689655172413; 0,058009364
630; 0,014606634; 0,014606634; 28,70689655172414; 0,057185076
631; 0,014606634; 0,013564763; 28,93103448275862; 0,057631567
632; 0,013564763; 0,013564763; 27,82758620689655; 0,05543345
633; 0,013564763; 0,013564763; 29,06896551724138; 0,057906333
634; 0,013564763; 0,013564763; 29,29310344827586; 0,058352806
635; 0,013564763; 0,013564763; 29,517241379310345; 0,058799308
636; 0,013564763; 0,013564763; 29,29310344827586; 0,058352813
637; 0,013564763; 0,013564763; 29,74137931034483; 0,059245788
638; 0,013564763; 0,013564763; 29,70689655172414; 0,059177104
639; 0,013564763; 0,013564763; 29,137931034482758; 0,058043692
640; 0,013564763; 0,013564763; 29,655172413793103; 0,05907406
641; 0,013564763; 0,013564763; 30,53448275862069; 0,060825683
642; 0,013564763; 0,013564763; 30,862068965517242; 0,061478242
643; 0,013564763; 0,013564763; 29,96551724137931; 0,059692275
644; 0,013564763; 0,013564763; 29,43103448275862; 0,05862757
645; 0,013564763; 0,013564763; 30,137931034482758; 0,06003573
646; 0,013564763; 0,013564763; 30,637931034482758; 0,06103175
647; 0,013564763; 0,013564763; 30,46551724137931; 0,0606883
648; 0,013564763; 0,013564763; 30,482758620689655; 0,06072264
649; 0,013564763; 0,013564763; 29,67241379310345; 0,05910841
650; 0,013564763; 0,013564763; 29,43103448275862; 0,058627572
651; 0,013564763; 0,013564763; 30,275862068965516; 0,060310498
652; 0,013564763; 0,013073241; 29,862068965517242; 0,059486207
653; 0,013073241; 0,013073241; 29,362068965517242; 0,05849019
654; 0,013073241; 0,013073241; 29,724137931034484; 0,05921145
655; 0,013073241; 0,013073241; 30,43103448275862; 0,060619604
656; 0,013073241; 0,013073241; 30,017241379310345; 0,059795316
657; 0,013073241; 0,013073241; 30,24137931034483; 0,060241807
658; 0,013073241; 0,013073241; 30,051724137931036; 0,05986401
659; 0,013073241; 0,013073241; 29,862068965517242; 0,059486203
660; 0,013073241; 0,013073241; 29,82758620689655; 0,05941751
661; 0,013073241; 0,013073241; 30,24137931034483; 0,060241807
662; 0,013073241; 0,013047682; 29,982758620689655; 0,05972663
663; 0,013047682; 0,013047682; 29,82758620689655; 0,05941752
664; 0,013047682; 0,013047682; 29,79310344827586; 0,059348825
665; 0,013047682; 0,013047682; 29,379310344827587; 0,05852454
666; 0,013047682; 0,013047682; 30,17241379310345; 0,060104422
667; 0,013047682; 0,013047682; 29,96551724137931; 0,059692275
668; 0,013047682; 0,013047682; 30,137931034482758; 0,06003572
669; 0,013047682; 0,013047682; 29,29310344827586; 0,058352813
670; 0,013047682; 0,013047682; 29,620689655172413; 0,05900537
671; 0,013047682; 0,013047682; 29,67241379310345; 0,059108406
672; 0,013047682; 0,013047682; 29,517241379310345; 0,0587993
673; 0,013047682; 0,013047682; 29,96551724137931; 0,059692286
674; 0,013047682; 0,013047682; 29,879310344827587; 0,05952056
675; 0,013047682; 0,013047682; 29,724137931034484; 0,059211448
676; 0,013047682; 0,013047682; 29,775862068965516; 0,05931449
677; 0,013047682; 0,013047682; 29,32758620689655; 0,0584215
678; 0,013047682; 0,013047682; 30,224137931034484; 0,060207464
679; 0,013047682; 0,013047682; 29,93103448275862; 0,059623595
680; 0,013047682; 0,013047682; 30,224137931034484; 0,06020746
681; 0,013047682; 0,013047682; 30,086206896551722; 0,059932694
682; 0,013047682; 0,013047682; 29,25862068965517; 0,058284115
683; 0,013047682; 0,013047682; 30,379310344827587; 0,060516566
684; 0,013047682; 0,013047682; 30,25862068965517; 0,060276154
685; 0,013047682; 0,013047682; 30,051724137931036; 0,059864007
686; 0,013047682; 0,013047682; 30,29310344827586; 0,06034485
687; 0,013047682; 0,013047682; 30,551724137931036; 0,060860034
688; 0,013047682; 0,013047682; 28,948275862068964; 0,057665903
689; 0,013047682; 0,013047682; 30,396551724137932; 0,06055092
690; 0,013047682; 0,013047682; 30,086206896551722; 0,059932698
691; 0,013047682; 0,013047682; 29,517241379310345; 0,058799304
692; 0,013047682; 0,013047682; 30,379310344827587; 0,06051657
693; 0,013047682; 0,013047682; 29,448275862068964; 0,058661923
694; 0,013047682; 0,013047682; 29,982758620689655; 0,05972663
695; 0,013047682; 0,013047682; 30,310344827586206; 0,060379185
696; 0,013047682; 0,013047682; 29,655172413793103; 0,059074067
697; 0,013047682; 0,013047682; 29,96551724137931; 0,059692286
698; 0,013047682; 0,013047682; 29,5; 0,058764946
699; 0,013047682; 0,013047682; 29,67241379310345; 0,05910841
700; 0,013047682; 0,013047682; 30,24137931034483; 0,060241807
701; 0,013047682; 0,013047682; 29,43103448275862; 0,058627572
702; 0,013047682; 0,013047682; 28,79310344827586; 0,057356793
703; 0,013047682; 0,013047682; 30,310344827586206; 0,06037919
704; 0,013047682; 0,013047682; 30,137931034482758; 0,060035735
705; 0,013047682; 0,013047682; 30,03448275862069; 0,059829667
706; 0,013047682; 0,013047682; 29,70689655172414; 0,059177104
707; 0,013047682; 0,013047682; 29,82758620689655; 0,059417512
708; 0,013047682; 0,013047682; 29,689655172413794; 0,059142753
709; 0,013047682; 0,013047682; 29,982758620689655; 0,05972663
710; 0,013047682; 0,013047682; 29,862068965517242; 0,0594862
711; 0,013047682; 0,013047682; 30,379310344827587; 0,06051657
712; 0,013047682; 0,013047682; 29,396551724137932; 0,058558885
713; 0,013047682; 0,013047682; 30,0; 0,05976097
714; 0,013047682; 0,013047682; 30,224137931034484; 0,06020746
715; 0,013047682; 0,013047682; 29,603448275862068; 0,05897102
716; 0,013047682; 0,013047682; 29,482758620689655; 0,058730613
717; 0,013047682; 0,013047682; 30,120689655172413; 0,060001384
718; 0,013047682; 0,013047682; 30,051724137931036; 0,059864003
719; 0,013047682; 0,013047682; 29,53448275862069; 0,058833648
720; 0,013047682; 0,013047682; 29,79310344827586; 0,05934883
721; 0,013047682; 0,013047682; 29,24137931034483; 0,058249775
722; 0,013047682; 0,013047682; 29,79310344827586; 0,05934882
723; 0,013047682; 0,013047682; 29,25862068965517; 0,05828411
724; 0,013047682; 0,013047682; 30,137931034482758; 0,060035735
725; 0,013047682; 0,013047682; 30,310344827586206; 0,060379185
726; 0,013047682; 0,013047682; 30,75862068965517; 0,061272167
727; 0,013047682; 0,013047682; 30,29310344827586; 0,06034484
728; 0,013047682; 0,013047682; 30,637931034482758; 0,061031748
729; 0,013047682; 0,013047682; 29,20689655172414; 0,05818108
730; 0,013047682; 0,013047682; 29,862068965517242; 0,059486207
731; 0,013047682; 0,013047682; 29,879310344827587; 0,059520554
732; 0,013047682; 0,013047682; 30,32758620689655; 0,06041353
733; 0,013047682; 0,013047682; 30,586206896551722; 0,060928714
734; 0,013047682; 0,013047682; 29,517241379310345; 0,058799293
735; 0,013047682; 0,013047682; 29,724137931034484; 0,05921145
736; 0,013047682; 0,013047682; 29,637931034482758; 0,059039716
737; 0,013047682; 0,013047682; 29,775862068965516; 0,059314474
738; 0,013047682; 0,013047682; 30,379310344827587; 0,06051657
739; 0,013047682; 0,013047682; 29,56896551724138; 0,058902334
740; 0,013047682; 0,013047682; 30,56896551724138; 0,06089437
741; 0,013047682; 0,013047682; 30,379310344827587; 0,06051657
742; 0,013047682; 0,013047682; 30,06896551724138; 0,059898354
743; 0,013047682; 0,013047682; 30,051724137931036; 0,059864007
744; 0,013047682; 0,013047682; 29,03448275862069; 0,05783763
745; 0,013047682; 0,013047682; 30,086206896551722; 0,0599327
746; 0,013047682; 0,013047682; 29,586206896551722; 0,05893668
747; 0,013047682; 0,013047682; 29,896551724137932; 0,0595549
748; 0,013047682; 0,013047682; 29,74137931034483; 0,05924579
749; 0,013047682; 0,013047682; 30,482758620689655; 0,060722645
750; 0,013047682; 0,013047682; 30,517241379310345; 0,060791332
751; 0,013047682; 0,013047682; 29,03448275862069; 0,05783762
752; 0,013047682; 0,013047682; 29,5; 0,05876495
753; 0,013047682; 0,013047682; 30,24137931034483; 0,060241804
754; 0,013047682; 0,013047682; 30,396551724137932; 0,06055092
755; 0,013047682; 0,013047682; 29,03448275862069; 0,05783763
756; 0,013047682; 0,013047682; 29,620689655172413; 0,059005376
757; 0,013047682; 0,013047682; 29,844827586206897; 0,059451863
758; 0,013047682; 0,013047682; 30,517241379310345; 0,060791336
759; 0,013047682; 0,013047682; 29,70689655172414; 0,059177093
760; 0,013047682; 0,013047682; 29,913793103448278; 0,059589244
761; 0,013047682; 0,013047682; 30,189655172413794; 0,06013877
762; 0,013047682; 0,013047682; 30,17241379310345; 0,06010442
763; 0,013047682; 0,013047682; 30,344827586206897; 0,060447875
764; 0,013047682; 0,013047682; 30,17241379310345; 0,060104422
765; 0,013047682; 0,013047682; 30,20689655172414; 0,060173117
766; 0,013047682; 0,013047682; 30,67241379310345; 0,061100442
767; 0,013047682; 0,013047682; 30,310344827586206; 0,060379192
768; 0,013047682; 0,013047682; 30,482758620689655; 0,06072264
769; 0,013047682; 0,013047682; 30,189655172413794; 0,060138777
770; 0,013047682; 0,013047682; 30,43103448275862; 0,060619604
771; 0,013047682; 0,013047682; 30,5; 0,060756993
772; 0,013047682; 0,013047682; 30,120689655172413; 0,060001384
773; 0,013047682; 0,013047682; 30,137931034482758; 0,060035735
774; 0,013047682; 0,013047682; 29,75862068965517; 0,059280142
775; 0,013047682; 0,013047682; 29,913793103448278; 0,05958924
776; 0,013047682; 0,013047682; 30,46551724137931; 0,060688302
777; 0,013047682; 0,013047682; 29,810344827586206; 0,05938317
778; 0,013047682; 0,013047682; 29,75862068965517; 0,059280135
779; 0,013047682; 0,013047682; 29,810344827586206; 0,05938318
780; 0,013047682; 0,013047682; 29,448275862068964; 0,058661923
781; 0,013047682; 0,013047682; 30,17241379310345; 0,060104422
782; 0,013047682; 0,013047682; 30,155172413793103; 0,060070086
783; 0,013047682; 0,013047682; 30,517241379310345; 0,060791332
784; 0,013047682; 0,013047682; 29,896551724137932; 0,059554897
785; 0,013047682; 0,013047682; 30,0; 0,05976097
786; 0,013047682; 0,013047682; 30,29310344827586; 0,060344845
787; 0,013047682; 0,013047682; 29,79310344827586; 0,05934883
788; 0,013047682; 0,013047682; 30,189655172413794; 0,060138773
789; 0,013047682; 0,013047682; 30,275862068965516; 0,060310494
790; 0,013047682; 0,013047682; 29,93103448275862; 0,05962359
791; 0,013047682; 0,013047682; 30,03448275862069; 0,059829667
792; 0,013047682; 0,013047682; 30,137931034482758; 0,06003573
793; 0,013047682; 0,013047682; 29,93103448275862; 0,059623588
794; 0,013047682; 0,013047682; 30,344827586206897; 0,060447883
795; 0,013047682; 0,013047682; 29,93103448275862; 0,05962359
796; 0,013047682; 0,013047682; 29,844827586206897; 0,05945186
797; 0,013047682; 0,013047682; 30,155172413793103; 0,060070083
798; 0,013047682; 0,013047682; 29,43103448275862; 0,058627576
799; 0,013047682; 0,013047682; 29,74137931034483; 0,059245795
800; 0,013047682; 0,013047682; 30,379310344827587; 0,060516566
801; 0,013047682; 0,013047682; 29,844827586206897; 0,059451867
802; 0,013047682; 0,013047682; 30,224137931034484; 0,060207464
803; 0,013047682; 0,013047682; 30,655172413793103; 0,061066095
804; 0,013047682; 0,013047682; 30,0; 0,05976097
805; 0,013047682; 0,013047682; 29,637931034482758; 0,05903972
806; 0,013047682; 0,013047682; 30,413793103448278; 0,06058526
807; 0,013047682; 0,013047682; 30,189655172413794; 0,060138773
808; 0,013047682; 0,013047682; 29,93103448275862; 0,059623588
809; 0,013047682; 0,013047682; 30,517241379310345; 0,060791332
810; 0,013047682; 0,013047682; 30,362068965517242; 0,060482226
811; 0,013047682; 0,013047682; 30,155172413793103; 0,060070083
812; 0,013047682; 0,013047682; 30,0; 0,059760973
813; 0,013047682; 0,013047682; 30,24137931034483; 0,060241796
814; 0,013047682; 0,013047682; 30,413793103448278; 0,060585264
815; 0,013047682; 0,013047682; 29,67241379310345; 0,059108406
816; 0,013047682; 0,013047682; 30,689655172413794; 0,06113479
817; 0,013047682; 0,013047682; 30,051724137931036; 0,059864003
818; 0,013047682; 0,013047682; 29,586206896551722; 0,058936678
819; 0,013047682; 0,013047682; 29,53448275862069; 0,05883365
820; 0,013047682; 0,013047682; 29,862068965517242; 0,059486207
821; 0,013047682; 0,013047682; 29,620689655172413; 0,059005372
822; 0,013047682; 0,013047682; 30,32758620689655; 0,060413532
823; 0,013047682; 0,013047682; 30,379310344827587; 0,060516566
824; 0,013047682; 0,013047682; 30,344827586206897; 0,060447883
825; 0,013047682; 0,013047682; 29,137931034482758; 0,058043703
826; 0,013047682; 0,013047682; 30,155172413793103; 0,060070083
827; 0,013047682; 0,013047682; 29,862068965517242; 0,059486203
828; 0,013047682; 0,013047682; 30,017241379310345; 0,059795313
829; 0,013047682; 0,013047682; 30,379310344827587; 0,060516566
830; 0,013047682; 0,013047682; 29,844827586206897; 0,05945186
831; 0,013047682; 0,013047682; 30,396551724137932; 0,060550917
832; 0,013047682; 0,013047682; 29,586206896551722; 0,058936685
833; 0,013047682; 0,013047682; 29,603448275862068; 0,058971025
834; 0,013047682; 0,013047682; 30,086206896551722; 0,059932705
835; 0,013047682; 0,013047682; 29,56896551724138; 0,058902342
836; 0,013047682; 0,013047682; 30,310344827586206; 0,060379185
837; 0,013047682; 0,013047682; 30,103448275862068; 0,05996705
838; 0,013047682; 0,013047682; 29,655172413793103; 0,05907406
839; 0,013047682; 0,013047682; 29,43103448275862; 0,058627572
840; 0,013047682; 0,013047682; 30,03448275862069; 0,059829663
841; 0,013047682; 0,013047682; 30,17241379310345; 0,060104422
842; 0,013047682; 0,013047682; 29,810344827586206; 0,05938317
843; 0,013047682; 0,013047682; 30,06896551724138; 0,05989836
844; 0,013047682; 0,013047682; 30,310344827586206; 0,060379185
845; 0,013047682; 0,013047682; 30,20689655172414; 0,06017312
846; 0,013047682; 0,013047682; 29,29310344827586; 0,058352802
847; 0,013047682; 0,013047682; 29,75862068965517; 0,059280135
848; 0,013047682; 0,013047682; 30,086206896551722; 0,059932686
849; 0,013047682; 0,013047682; 29,56896551724138; 0,058902334
850; 0,013047682; 0,013047682; 30,17241379310345; 0,060104422
851; 0,013047682; 0,013047682; 29,448275862068964; 0,058661927
852; 0,013047682; 0,013047682; 30,32758620689655; 0,060413532
853; 0,013047682; 0,013047682; 30,24137931034483; 0,06024181
854; 0,013047682; 0,013047682; 30,0; 0,05976097
855; 0,013047682; 0,013047682; 29,017241379310345; 0,057803277
856; 0,013047682; 0,013047682; 29,396551724137932; 0,058558885
857; 0,013047682; 0,013047682; 30,086206896551722; 0,0599327
858; 0,013047682; 0,013047682; 30,396551724137932; 0,060550917
859; 0,013047682; 0,013047682; 30,25862068965517; 0,06027615
860; 0,013047682; 0,013047682; 30,017241379310345; 0,059795316
861; 0,013047682; 0,013047682; 29,46551724137931; 0,05869626
862; 0,013047682; 0,013047682; 30,310344827586206; 0,060379196
863; 0,013047682; 0,013047682; 29,362068965517242; 0,058490194
864; 0,013047682; 0,013047682; 30,155172413793103; 0,06007008
865; 0,013047682; 0,013047682; 29,810344827586206; 0,059383176
866; 0,013047682; 0,013047682; 30,103448275862068; 0,05996705
867; 0,013047682; 0,013047682; 30,724137931034484; 0,06120348
868; 0,013047682; 0,013047682; 29,620689655172413; 0,059005365
869; 0,013047682; 0,013047682; 29,586206896551722; 0,058936678
870; 0,013047682; 0,013047682; 30,189655172413794; 0,06013877
871; 0,013047682; 0,013047682; 30,344827586206897; 0,060447883
872; 0,013047682; 0,013047682; 29,982758620689655; 0,05972663
873; 0,013047682; 0,013047682; 29,948275862068964; 0,05965793
874; 0,013047682; 0,013047682; 30,5; 0,06075699
875; 0,013047682; 0,013047682; 30,120689655172413; 0,060001384
876; 0,013047682; 0,013047682; 30,603448275862068; 0,060963064
877; 0,013047682; 0,013047682; 29,79310344827586; 0,05934882
878; 0,013047682; 0,013047682; 29,93103448275862; 0,05962359
879; 0,013047682; 0,013047682; 30,06896551724138; 0,059898347
880; 0,013047682; 0,013047682; 30,25862068965517; 0,06027615
881; 0,013047682; 0,013047682; 29,724137931034484; 0,05921144
882; 0,013047682; 0,013047682; 30,67241379310345; 0,06110044
883; 0,013047682; 0,013047682; 29,93103448275862; 0,05962359
884; 0,013047682; 0,013047682; 30,03448275862069; 0,05982966
885; 0,013047682; 0,013047682; 30,03448275862069; 0,05982967
886; 0,013047682; 0,013047682; 30,67241379310345; 0,061100442
887; 0,013047682; 0,013047682; 29,20689655172414; 0,05818108
888; 0,013047682; 0,013047682; 29,362068965517242; 0,05849019
889; 0,013047682; 0,013047682; 30,413793103448278; 0,06058526
890; 0,013047682; 0,013047682; 30,086206896551722; 0,0599327
891; 0,013047682; 0,013047682; 30,120689655172413; 0,060001384
892; 0,013047682; 0,013047682; 29,20689655172414; 0,058181085
893; 0,013047682; 0,013047682; 30,43103448275862; 0,060619615
894; 0,013047682; 0,013047682; 29,655172413793103; 0,059074067
895; 0,013047682; 0,013047682; 29,103448275862068; 0,05797501
896; 0,013047682; 0,013047682; 29,70689655172414; 0,05917709
897; 0,013047682; 0,013047682; 29,913793103448278; 0,059589244
898; 0,013047682; 0,013047682; 28,93103448275862; 0,057631556
899; 0,013047682; 0,013047682; 30,0; 0,059760973
900; 0,013047682; 0,013047682; 30,17241379310345; 0,060104426
901; 0,013047682; 0,013047682; 29,448275862068964; 0,05866191
902; 0,013047682; 0,013047682; 29,275862068965516; 0,058318462
903; 0,013047682; 0,013047682; 29,689655172413794; 0,059142753
904; 0,013047682; 0,013047682; 30,224137931034484; 0,06020746
905; 0,013047682; 0,013047682; 30,017241379310345; 0,059795313
906; 0,013047682; 0,013047682; 30,137931034482758; 0,06003573
907; 0,013047682; 0,013047682; 30,46551724137931; 0,0606883
908; 0,013047682; 0,013047682; 30,103448275862068; 0,05996704
909; 0,013047682; 0,013047682; 30,32758620689655; 0,06041353
910; 0,013047682; 0,013047682; 30,344827586206897; 0,06044788
911; 0,013047682; 0,013047682; 30,137931034482758; 0,06003573
912; 0,013047682; 0,013047682; 29,637931034482758; 0,059039716
913; 0,013047682; 0,013047682; 30,275862068965516; 0,060310494
914; 0,013047682; 0,013047682; 30,137931034482758; 0,060035728
915; 0,013047682; 0,013047682; 30,482758620689655; 0,060722638
916; 0,013047682; 0,013047682; 29,689655172413794; 0,059142753
917; 0,013047682; 0,013047682; 29,448275862068964; 0,058661927
918; 0,013047682; 0,013047682; 29,896551724137932; 0,0595549
919; 0,013047682; 0,013047682; 29,74137931034483; 0,059245788
920; 0,013047682; 0,013047682; 29,43103448275862; 0,058627576
921; 0,013047682; 0,013047682; 29,5; 0,058764957
922; 0,013047682; 0,013047682; 29,43103448275862; 0,05862758
923; 0,013047682; 0,013047682; 30,086206896551722; 0,059932698
924; 0,013047682; 0,013047682; 30,32758620689655; 0,060413536
925; 0,013047682; 0,013047682; 29,224137931034484; 0,05821542
926; 0,013047682; 0,013047682; 29,896551724137932; 0,0595549
927; 0,013047682; 0,013047682; 29,879310344827587; 0,059520554
928; 0,013047682; 0,013047682; 30,137931034482758; 0,060035735
929; 0,013047682; 0,013047682; 29,43103448275862; 0,058627576
930; 0,013047682; 0,013047682; 30,051724137931036; 0,059864007
931; 0,013047682; 0,013047682; 29,862068965517242; 0,059486207
932; 0,013047682; 0,013047682; 30,482758620689655; 0,06072264
933; 0,013047682; 0,013047682; 29,810344827586206; 0,05938317
934; 0,013047682; 0,013047682; 30,53448275862069; 0,060825672
935; 0,013047682; 0,013047682; 29,896551724137932; 0,059554897
936; 0,013047682; 0,013047682; 30,275862068965516; 0,060310498
937; 0,013047682; 0,013047682; 30,586206896551722; 0,060928714
938; 0,013047682; 0,013047682; 29,775862068965516; 0,059314486
939; 0,013047682; 0,013047682; 29,32758620689655; 0,0584215
940; 0,013047682; 0,013047682; 29,96551724137931; 0,059692286
941; 0,013047682; 0,013047682; 30,224137931034484; 0,060207464
942; 0,013047682; 0,013047682; 30,03448275862069; 0,059829667
943; 0,013047682; 0,013047682; 29,75862068965517; 0,059280135
944; 0,013047682; 0,013047682; 29,517241379310345; 0,0587993
945; 0,013047682; 0,013047682; 29,448275862068964; 0,058661915
946; 0,013047682; 0,013047682; 29,79310344827586; 0,059348825
947; 0,013047682; 0,013047682; 30,17241379310345; 0,060104433
948; 0,013047682; 0,013047682; 29,5; 0,058764957
949; 0,013047682; 0,013047682; 29,551724137931036; 0,058867987
950; 0,013047682; 0,013047682; 29,844827586206897; 0,059451863
951; 0,013047682; 0,013047682; 29,362068965517242; 0,058490198
952; 0,013047682; 0,013047682; 30,29310344827586; 0,06034485
953; 0,013047682; 0,013047682; 30,620689655172413; 0,0609974
954; 0,013047682; 0,013047682; 29,724137931034484; 0,059211444
955; 0,013047682; 0,013047682; 29,79310344827586; 0,059348825
956; 0,013047682; 0,013047682; 30,0; 0,059760973
957; 0,013047682; 0,013047682; 29,275862068965516; 0,058318462
958; 0,013047682; 0,013047682; 28,844827586206897; 0,057459824
959; 0,013047682; 0,013047682; 29,896551724137932; 0,0595549
960; 0,013047682; 0,013047682; 30,448275862068964; 0,060653955
961; 0,013047682; 0,013047682; 30,06896551724138; 0,059898354
962; 0,013047682; 0,013047682; 29,67241379310345; 0,059108406
963; 0,013047682; 0,013047682; 29,67241379310345; 0,059108414
964; 0,013047682; 0,013047682; 29,948275862068964; 0,05965794
965; 0,013047682; 0,013047682; 30,03448275862069; 0,05982967
966; 0,013047682; 0,013047682; 30,051724137931036; 0,059864007
967; 0,013047682; 0,013047682; 29,844827586206897; 0,05945186
968; 0,013047682; 0,013047682; 29,32758620689655; 0,058421504
969; 0,013047682; 0,013047682; 29,75862068965517; 0,059280142
970; 0,013047682; 0,013047682; 29,448275862068964; 0,058661915
971; 0,013047682; 0,013047682; 30,086206896551722; 0,0599327
972; 0,013047682; 0,013047682; 28,82758620689655; 0,057425477
973; 0,013047682; 0,013047682; 29,275862068965516; 0,058318462
974; 0,013047682; 0,013047682; 30,29310344827586; 0,06034485
975; 0,013047682; 0,013047682; 29,620689655172413; 0,059005372
976; 0,013047682; 0,013047682; 29,896551724137932; 0,0595549
977; 0,013047682; 0,013047682; 29,70689655172414; 0,059177104
978; 0,013047682; 0,013047682; 29,517241379310345; 0,058799304
979; 0,013047682; 0,013047682; 29,982758620689655; 0,059726626
980; 0,013047682; 0,013047682; 30,396551724137932; 0,06055092
981; 0,013047682; 0,013047682; 29,93103448275862; 0,059623588
982; 0,013047682; 0,013047682; 30,24137931034483; 0,06024181
983; 0,013047682; 0,013047682; 30,189655172413794; 0,060138773
984; 0,013047682; 0,013047682; 29,603448275862068; 0,058971025
985; 0,013047682; 0,013047682; 30,051724137931036; 0,059864003
986; 0,013047682; 0,013047682; 29,103448275862068; 0,057975017
987; 0,013047682; 0,013047682; 30,155172413793103; 0,06007008
988; 0,013047682; 0,013047682; 29,913793103448278; 0,05958924
989; 0,013047682; 0,013047682; 30,379310344827587; 0,060516566
990; 0,013047682; 0,013047682; 29,517241379310345; 0,058799297
991; 0,013047682; 0,013047682; 29,551724137931036; 0,058867987
992; 0,013047682; 0,013047682; 28,56896551724138; 0,056910306
993; 0,013047682; 0,013047682; 29,603448275862068; 0,058971018
994; 0,013047682; 0,013047682; 29,74137931034483; 0,059245784
995; 0,013047682; 0,013047682; 29,775862068965516; 0,059314482
996; 0,013047682; 0,013047682; 30,32758620689655; 0,060413536
997; 0,013047682; 0,013047682; 29,862068965517242; 0,059486203
998; 0,013047682; 0,013047682; 30,155172413793103; 0,060070083
999; 0,013047682; 0,013047682; 29,517241379310345; 0,05879931
1000; 0,013047682; 0,013047682; 30,03448275862069; 0,05982966
1001; 0,013047682; 0,013047682; 30,25862068965517; 0,06027615
1002; 0,013047682; 0,013047682; 29,0; 0,05776893
1003; 0,013047682; 0,013047682; 30,362068965517242; 0,060482226
1004; 0,013047682; 0,013047682; 29,17241379310345; 0,058112405
1005; 0,013047682; 0,013047682; 29,67241379310345; 0,05910841
1006; 0,013047682; 0,013047682; 29,982758620689655; 0,059726633
1007; 0,013047682; 0,013047682; 29,862068965517242; 0,059486207
1008; 0,013047682; 0,013047682; 29,56896551724138; 0,058902342
1009; 0,013047682; 0,013047682; 30,448275862068964; 0,060653947
1010; 0,013047682; 0,013047682; 29,5; 0,05876496
1011; 0,013047682; 0,013047682; 30,03448275862069; 0,059829667
1012; 0,013047682; 0,013047682; 30,24137931034483; 0,06024181
1013; 0,013047682; 0,013047682; 29,862068965517242; 0,059486203
1014; 0,013047682; 0,013047682; 29,310344827586206; 0,05838716
1015; 0,013047682; 0,013047682; 30,43103448275862; 0,060619604
1016; 0,013047682; 0,013047682; 29,637931034482758; 0,05903972
1017; 0,013047682; 0,013047682; 30,448275862068964; 0,06065396
1018; 0,013047682; 0,013047682; 30,189655172413794; 0,060138773
1019; 0,013047682; 0,013047682; 30,103448275862068; 0,05996704
1020; 0,013047682; 0,013047682; 30,586206896551722; 0,060928714
1021; 0,013047682; 0,013047682; 30,25862068965517; 0,060276154
1022; 0,013047682; 0,013047682; 30,103448275862068; 0,059967037
1023; 0,013047682; 0,013047682; 30,67241379310345; 0,061100446
1024; 0,013047682; 0,013047682; 30,189655172413794; 0,06013877
1025; 0,013047682; 0,013047682; 30,103448275862068; 0,059967045
1026; 0,013047682; 0,013047682; 29,82758620689655; 0,059417516
1027; 0,013047682; 0,013047682; 29,896551724137932; 0,059554894
1028; 0,013047682; 0,013047682; 30,482758620689655; 0,06072264
1029; 0,013047682; 0,013047682; 29,655172413793103; 0,05907406
1030; 0,013047682; 0,013047682; 29,655172413793103; 0,05907406
1031; 0,013047682; 0,013047682; 30,24137931034483; 0,060241807
1032; 0,013047682; 0,013047682; 29,586206896551722; 0,058936685
1033; 0,013047682; 0,013047682; 29,275862068965516; 0,05831847
1034; 0,013047682; 0,013047682; 29,017241379310345; 0,057803284
1035; 0,013047682; 0,013047682; 29,896551724137932; 0,059554894
1036; 0,013047682; 0,013047682; 29,56896551724138; 0,058902342
1037; 0,013047682; 0,013047682; 30,17241379310345; 0,060104426
1038; 0,013047682; 0,013047682; 30,310344827586206; 0,060379185
1039; 0,013047682; 0,013047682; 29,43103448275862; 0,058627576
1040; 0,013047682; 0,013047682; 29,482758620689655; 0,058730613
1041; 0,013047682; 0,013047682; 29,724137931034484; 0,059211448
1042; 0,013047682; 0,013047682; 30,53448275862069; 0,06082568
1043; 0,013047682; 0,013047682; 29,603448275862068; 0,058971025
1044; 0,013047682; 0,013047682; 28,982758620689655; 0,057734597
1045; 0,013047682; 0,013047682; 29,79310344827586; 0,059348833
1046; 0,013047682; 0,013047682; 29,56896551724138; 0,05890234
1047; 0,013047682; 0,013047682; 30,20689655172414; 0,060173124
1048; 0,013047682; 0,013047682; 30,362068965517242; 0,060482226
1049; 0,013047682; 0,013047682; 29,724137931034484; 0,059211448
1050; 0,013047682; 0,013047682; 29,06896551724138; 0,05790632
1051; 0,013047682; 0,013047682; 29,396551724137932; 0,05855887
1052; 0,013047682; 0,013047682; 30,137931034482758; 0,060035735
1053; 0,013047682; 0,013047682; 30,103448275862068; 0,059967045
1054; 0,013047682; 0,013047682; 29,948275862068964; 0,05965793
1055; 0,013047682; 0,013047682; 29,43103448275862; 0,058627572
1056; 0,013047682; 0,013047682; 29,275862068965516; 0,058318466
1057; 0,013047682; 0,013047682; 29,913793103448278; 0,059589252
1058; 0,013047682; 0,013047682; 30,137931034482758; 0,060035735
1059; 0,013047682; 0,013047682; 30,517241379310345; 0,060791336
1060; 0,013047682; 0,013047682; 30,051724137931036; 0,059864007
1061; 0,013047682; 0,013047682; 30,43103448275862; 0,060619604
1062; 0,013047682; 0,013047682; 29,43103448275862; 0,058627572
1063; 0,013047682; 0,013047682; 29,551724137931036; 0,058867995
1064; 0,013047682; 0,013047682; 29,46551724137931; 0,058696255
1065; 0,013047682; 0,013047682; 29,775862068965516; 0,059314482
1066; 0,013047682; 0,013047682; 29,551724137931036; 0,058868
1067; 0,013047682; 0,013047682; 30,017241379310345; 0,059795313
1068; 0,013047682; 0,013047682; 30,20689655172414; 0,060173113
1069; 0,013047682; 0,013047682; 29,96551724137931; 0,059692286
1070; 0,013047682; 0,013047682; 29,96551724137931; 0,05969228
1071; 0,013047682; 0,013047682; 29,586206896551722; 0,05893668
1072; 0,013047682; 0,013047682; 30,103448275862068; 0,059967045
1073; 0,013047682; 0,013047682; 30,051724137931036; 0,059864007
1074; 0,013047682; 0,013047682; 29,20689655172414; 0,058181085
1075; 0,013047682; 0,013047682; 30,086206896551722; 0,059932705
1076; 0,013047682; 0,013047682; 29,586206896551722; 0,05893668
1077; 0,013047682; 0,013047682; 29,948275862068964; 0,059657935
1078; 0,013047682; 0,013047682; 29,20689655172414; 0,05818109
1079; 0,013047682; 0,013047682; 29,275862068965516; 0,058318462
1080; 0,013047682; 0,013047682; 29,79310344827586; 0,059348825
1081; 0,013047682; 0,013047682; 30,120689655172413; 0,060001396
1082; 0,013047682; 0,013047682; 30,06896551724138; 0,059898347
1083; 0,013047682; 0,013047682; 30,086206896551722; 0,059932698
1084; 0,013047682; 0,013047682; 30,155172413793103; 0,060070075
1085; 0,013047682; 0,013047682; 30,20689655172414; 0,060173113
1086; 0,013047682; 0,013047682; 29,362068965517242; 0,058490194
1087; 0,013047682; 0,013047682; 30,586206896551722; 0,06092871
1088; 0,013047682; 0,013047682; 29,948275862068964; 0,05965793
1089; 0,013047682; 0,013047682; 29,82758620689655; 0,059417516
1090; 0,013047682; 0,013047682; 30,224137931034484; 0,06020746
1091; 0,013047682; 0,013047682; 30,103448275862068; 0,05996704
1092; 0,013047682; 0,013047682; 29,25862068965517; 0,058284122
1093; 0,013047682; 0,013047682; 30,189655172413794; 0,060138777
1094; 0,013047682; 0,013047682; 29,93103448275862; 0,059623588
1095; 0,013047682; 0,013047682; 30,310344827586206; 0,06037919
1096; 0,013047682; 0,013047682; 30,137931034482758; 0,06003573
1097; 0,013047682; 0,013047682; 29,844827586206897; 0,059451863
1098; 0,013047682; 0,013047682; 30,379310344827587; 0,060516562
1099; 0,013047682; 0,013047682; 29,79310344827586; 0,05934882
1100; 0,013047682; 0,013047682; 30,189655172413794; 0,06013877
1101; 0,013047682; 0,013047682; 29,75862068965517; 0,059280135
1102; 0,013047682; 0,013047682; 30,155172413793103; 0,060070075
1103; 0,013047682; 0,013047682; 30,620689655172413; 0,06099741
1104; 0,013047682; 0,013047682; 29,46551724137931; 0,058696266
1105; 0,013047682; 0,013047682; 29,20689655172414; 0,058181077
1106; 0,013047682; 0,013047682; 30,06896551724138; 0,059898347
1107; 0,013047682; 0,013047682; 29,775862068965516; 0,059314482
1108; 0,013047682; 0,013047682; 30,06896551724138; 0,05989835
1109; 0,013047682; 0,013047682; 30,310344827586206; 0,060379185
1110; 0,013047682; 0,013047682; 29,20689655172414; 0,05818109
1111; 0,013047682; 0,013047682; 30,137931034482758; 0,06003574
1112; 0,013047682; 0,013047682; 30,32758620689655; 0,060413532
1113; 0,013047682; 0,013047682; 29,603448275862068; 0,05897102
1114; 0,013047682; 0,013047682; 30,051724137931036; 0,059863996
1115; 0,013047682; 0,013047682; 30,344827586206897; 0,060447887
1116; 0,013047682; 0,013047682; 30,344827586206897; 0,060447868
1117; 0,013047682; 0,013047682; 29,086206896551722; 0,057940666
1118; 0,013047682; 0,013047682; 29,948275862068964; 0,05965794
1119; 0,013047682; 0,013047682; 30,224137931034484; 0,06020746
1120; 0,013047682; 0,013047682; 29,482758620689655; 0,058730606
1121; 0,013047682; 0,013047682; 30,17241379310345; 0,060104422
1122; 0,013047682; 0,013047682; 29,70689655172414; 0,059177093
1123; 0,013047682; 0,013047682; 30,03448275862069; 0,059829663
1124; 0,013047682; 0,013047682; 30,103448275862068; 0,059967045
1125; 0,013047682; 0,013047682; 29,67241379310345; 0,059108414
1126; 0,013047682; 0,013047682; 30,224137931034484; 0,06020746
1127; 0,013047682; 0,013047682; 30,103448275862068; 0,059967045
1128; 0,013047682; 0,013047682; 30,120689655172413; 0,060001396
1129; 0,013047682; 0,013047682; 29,551724137931036; 0,058867987
1130; 0,013047682; 0,013047682; 30,29310344827586; 0,060344853
1131; 0,013047682; 0,013047682; 30,17241379310345; 0,060104433
1132; 0,013047682; 0,013047682; 30,43103448275862; 0,060619604
1133; 0,013047682; 0,013047682; 30,724137931034484; 0,061203483
1134; 0,013047682; 0,013047682; 30,637931034482758; 0,06103175
1135; 0,013047682; 0,013047682; 29,82758620689655; 0,05941752
1136; 0,013047682; 0,013047682; 29,70689655172414; 0,059177104
1137; 0,013047682; 0,013047682; 30,051724137931036; 0,059864007
1138; 0,013047682; 0,013047682; 29,896551724137932; 0,0595549
1139; 0,013047682; 0,013047682; 29,96551724137931; 0,05969228
1140; 0,013047682; 0,013047682; 29,96551724137931; 0,059692275
1141; 0,013047682; 0,013047682; 28,862068965517242; 0,05749418
1142; 0,013047682; 0,013047682; 30,53448275862069; 0,06082568
1143; 0,013047682; 0,013047682; 28,517241379310345; 0,056807272
1144; 0,013047682; 0,013047682; 30,224137931034484; 0,060207464
1145; 0,013047682; 0,013047682; 30,396551724137932; 0,06055092
1146; 0,013047682; 0,013047682; 30,17241379310345; 0,060104422
1147; 0,013047682; 0,013047682; 29,982758620689655; 0,05972663
1148; 0,013047682; 0,013047682; 29,362068965517242; 0,058490194
1149; 0,013047682; 0,013047682; 28,03448275862069; 0,055845596
1150; 0,013047682; 0,013047682; 30,051724137931036; 0,05986401
1151; 0,013047682; 0,013047682; 30,20689655172414; 0,060173117
1152; 0,013047682; 0,013047682; 29,67241379310345; 0,059108414
1153; 0,013047682; 0,013047682; 30,051724137931036; 0,059864007
1154; 0,013047682; 0,013047682; 30,03448275862069; 0,05982966
1155; 0,013047682; 0,013047682; 30,120689655172413; 0,060001384
1156; 0,013047682; 0,013047682; 30,25862068965517; 0,06027615
1157; 0,013047682; 0,013047682; 30,155172413793103; 0,06007008
1158; 0,013047682; 0,013047682; 29,844827586206897; 0,059451863
1159; 0,013047682; 0,013047682; 29,913793103448278; 0,05958924
1160; 0,013047682; 0,013047682; 29,20689655172414; 0,05818109
1161; 0,013047682; 0,013047682; 30,29310344827586; 0,060344845
1162; 0,013047682; 0,013047682; 30,120689655172413; 0,060001384
1163; 0,013047682; 0,013047682; 30,224137931034484; 0,060207464
1164; 0,013047682; 0,013047682; 29,29310344827586; 0,058352806
1165; 0,013047682; 0,013047682; 30,120689655172413; 0,060001396
1166; 0,013047682; 0,013047682; 30,56896551724138; 0,06089437
1167; 0,013047682; 0,013047682; 30,275862068965516; 0,060310498
1168; 0,013047682; 0,013047682; 30,46551724137931; 0,060688302
1169; 0,013047682; 0,013047682; 29,862068965517242; 0,059486203
1170; 0,013047682; 0,013047682; 29,637931034482758; 0,059039723
1171; 0,013047682; 0,013047682; 30,689655172413794; 0,06113479
1172; 0,013047682; 0,013047682; 30,120689655172413; 0,06000139
1173; 0,013047682; 0,013047682; 29,310344827586206; 0,058387157
1174; 0,013047682; 0,013047682; 30,103448275862068; 0,059967045
1175; 0,013047682; 0,013047682; 29,82758620689655; 0,059417516
1176; 0,013047682; 0,013047682; 28,948275862068964; 0,057665907
1177; 0,013047682; 0,013047682; 30,396551724137932; 0,060550917
1178; 0,013047682; 0,013047682; 29,75862068965517; 0,059280135
1179; 0,013047682; 0,013047682; 30,06896551724138; 0,059898354
1180; 0,013047682; 0,013047682; 29,82758620689655; 0,059417523
1181; 0,013047682; 0,013047682; 29,03448275862069; 0,05783763
1182; 0,013047682; 0,013047682; 30,120689655172413; 0,06000138
1183; 0,013047682; 0,013047682; 29,620689655172413; 0,059005372
1184; 0,013047682; 0,013047682; 29,70689655172414; 0,059177104
1185; 0,013047682; 0,013047682; 29,75862068965517; 0,059280135
1186; 0,013047682; 0,013047682; 30,17241379310345; 0,060104415
1187; 0,013047682; 0,013047682; 29,413793103448278; 0,058593236
1188; 0,013047682; 0,013047682; 29,879310344827587; 0,05952055
1189; 0,013047682; 0,013047682; 29,517241379310345; 0,058799304
1190; 0,013047682; 0,013047682; 29,32758620689655; 0,0584215
1191; 0,013047682; 0,013047682; 30,689655172413794; 0,061134785
1192; 0,013047682; 0,013047682; 29,948275862068964; 0,059657943
1193; 0,013047682; 0,013047682; 30,56896551724138; 0,06089437
1194; 0,013047682; 0,013047682; 30,155172413793103; 0,06007008
1195; 0,013047682; 0,013047682; 30,155172413793103; 0,060070083
1196; 0,013047682; 0,013047682; 29,603448275862068; 0,058971025
1197; 0,013047682; 0,013047682; 30,275862068965516; 0,060310494
1198; 0,013047682; 0,013047682; 30,155172413793103; 0,06007008
1199; 0,013047682; 0,013047682; 30,20689655172414; 0,060173117
1200; 0,013047682; 0,013047682; 30,103448275862068; 0,059967056
1201; 0,013047682; 0,013047682; 30,32758620689655; 0,060413536
1202; 0,013047682; 0,013047682; 30,103448275862068; 0,059967045
1203; 0,013047682; 0,013047682; 29,189655172413794; 0,05814673
1204; 0,013047682; 0,013047682; 29,103448275862068; 0,05797501
1205; 0,013047682; 0,013047682; 29,448275862068964; 0,058661915
1206; 0,013047682; 0,013047682; 29,53448275862069; 0,058833648
1207; 0,013047682; 0,013047682; 30,120689655172413; 0,060001396
1208; 0,013047682; 0,013047682; 29,482758620689655; 0,058730602
1209; 0,013047682; 0,013047682; 29,344827586206897; 0,05845585
1210; 0,013047682; 0,013047682; 29,70689655172414; 0,059177097
1211; 0,013047682; 0,013047682; 30,017241379310345; 0,059795313
1212; 0,013047682; 0,013047682; 29,396551724137932; 0,058558874
1213; 0,013047682; 0,013047682; 30,5; 0,06075699
1214; 0,013047682; 0,013047682; 30,32758620689655; 0,060413532
1215; 0,013047682; 0,013047682; 29,448275862068964; 0,058661915
1216; 0,013047682; 0,013047682; 29,344827586206897; 0,05845585
1217; 0,013047682; 0,013047682; 29,620689655172413; 0,05900537
1218; 0,013047682; 0,013047682; 30,155172413793103; 0,060070083
1219; 0,013047682; 0,013047682; 30,155172413793103; 0,060070086
1220; 0,013047682; 0,013047682; 29,0; 0,057768937
1221; 0,013047682; 0,013047682; 30,189655172413794; 0,06013877
1222; 0,013047682; 0,013047682; 28,896551724137932; 0,057562865
1223; 0,013047682; 0,013047682; 29,689655172413794; 0,059142753
1224; 0,013047682; 0,013047682; 30,06896551724138; 0,05989835
1225; 0,013047682; 0,013047682; 30,67241379310345; 0,061100442
1226; 0,013047682; 0,013047682; 30,189655172413794; 0,06013877
1227; 0,013047682; 0,013047682; 30,586206896551722; 0,06092871
1228; 0,013047682; 0,013047682; 30,25862068965517; 0,060276147
1229; 0,013047682; 0,013047682; 30,551724137931036; 0,060860023
1230; 0,013047682; 0,013047682; 29,396551724137932; 0,05855889
1231; 0,013047682; 0,013047682; 29,844827586206897; 0,05945186
1232; 0,013047682; 0,013047682; 30,03448275862069; 0,05982966
1233; 0,013047682; 0,013047682; 29,637931034482758; 0,059039712
1234; 0,013047682; 0,013047682; 30,086206896551722; 0,059932694
1235; 0,013047682; 0,013047682; 30,43103448275862; 0,060619604
1236; 0,013047682; 0,013047682; 29,724137931034484; 0,059211448
1237; 0,013047682; 0,013047682; 29,310344827586206; 0,05838716
1238; 0,013047682; 0,013047682; 29,413793103448278; 0,058593225
1239; 0,013047682; 0,013047682; 29,53448275862069; 0,058833644
1240; 0,013047682; 0,013047682; 29,82758620689655; 0,059417512
1241; 0,013047682; 0,013047682; 30,482758620689655; 0,06072264
1242; 0,013047682; 0,013047682; 29,93103448275862; 0,05962359
1243; 0,013047682; 0,013047682; 29,637931034482758; 0,05903972
1244; 0,013047682; 0,013047682; 29,620689655172413; 0,059005376
1245; 0,013047682; 0,013047682; 29,896551724137932; 0,059554897
1246; 0,013047682; 0,013047682; 30,551724137931036; 0,060860027
1247; 0,013047682; 0,013047682; 29,74137931034483; 0,059245795
1248; 0,013047682; 0,013047682; 29,93103448275862; 0,05962359
1249; 0,013047682; 0,013047682; 28,982758620689655; 0,057734594
1250; 0,013047682; 0,013047682; 29,017241379310345; 0,057803288
1251; 0,013047682; 0,013047682; 29,413793103448278; 0,058593232
1252; 0,013047682; 0,013047682; 29,517241379310345; 0,0587993
1253; 0,013047682; 0,013047682; 29,896551724137932; 0,059554897
1254; 0,013047682; 0,013047682; 30,413793103448278; 0,060585264
1255; 0,013047682; 0,013047682; 29,74137931034483; 0,059245788
1256; 0,013047682; 0,013047682; 29,982758620689655; 0,05972663
1257; 0,013047682; 0,013047682; 30,53448275862069; 0,06082568
1258; 0,013047682; 0,013047682; 29,67241379310345; 0,05910841
1259; 0,013047682; 0,013047682; 30,0; 0,059760973
1260; 0,013047682; 0,013047682; 30,017241379310345; 0,059795316
1261; 0,013047682; 0,013047682; 29,96551724137931; 0,059692286
1262; 0,013047682; 0,013047682; 29,20689655172414; 0,058181077
1263; 0,013047682; 0,013047682; 30,137931034482758; 0,06003573
1264; 0,013047682; 0,013047682; 30,275862068965516; 0,060310505
1265; 0,013047682; 0,013047682; 30,482758620689655; 0,06072264
1266; 0,013047682; 0,013047682; 29,53448275862069; 0,058833648
1267; 0,013047682; 0,013047682; 29,0; 0,057768945
1268; 0,013047682; 0,013047682; 30,362068965517242; 0,060482226
1269; 0,013047682; 0,013047682; 30,275862068965516; 0,060310498
1270; 0,013047682; 0,013047682; 29,06896551724138; 0,057906315
1271; 0,013047682; 0,013047682; 30,189655172413794; 0,060138773
1272; 0,013047682; 0,013047682; 30,74137931034483; 0,061237823
1273; 0,013047682; 0,013047682; 29,79310344827586; 0,059348825
1274; 0,013047682; 0,013047682; 30,75862068965517; 0,061272167
1275; 0,013047682; 0,013047682; 30,32758620689655; 0,060413536
1276; 0,013047682; 0,013047682; 30,637931034482758; 0,06103175
1277; 0,013047682; 0,013047682; 29,948275862068964; 0,05965794
1278; 0,013047682; 0,013047682; 30,20689655172414; 0,06017312
1279; 0,013047682; 0,013047682; 30,20689655172414; 0,06017312
1280; 0,013047682; 0,013047682; 29,20689655172414; 0,058181085
1281; 0,013047682; 0,013047682; 30,586206896551722; 0,060928717
1282; 0,013047682; 0,013047682; 30,17241379310345; 0,060104415
1283; 0,013047682; 0,013047682; 29,74137931034483; 0,059245795
1284; 0,013047682; 0,013047682; 29,46551724137931; 0,058696266
1285; 0,013047682; 0,013047682; 29,275862068965516; 0,05831846
1286; 0,013047682; 0,013047682; 29,74137931034483; 0,059245788
1287; 0,013047682; 0,013047682; 29,879310344827587; 0,059520554
1288; 0,013047682; 0,013047682; 30,689655172413794; 0,06113479
1289; 0,013047682; 0,013047682; 29,844827586206897; 0,059451867
1290; 0,013047682; 0,013047682; 30,189655172413794; 0,060138773
1291; 0,013047682; 0,013047682; 30,25862068965517; 0,060276154
1292; 0,013047682; 0,013047682; 29,120689655172413; 0,058009356
1293; 0,013047682; 0,013047682; 29,362068965517242; 0,05849019
1294; 0,013047682; 0,013047682; 29,74137931034483; 0,059245788
1295; 0,013047682; 0,013047682; 29,482758620689655; 0,05873061
1296; 0,013047682; 0,013047682; 29,896551724137932; 0,059554894
1297; 0,013047682; 0,013047682; 29,551724137931036; 0,058867987
1298; 0,013047682; 0,013047682; 30,051724137931036; 0,059864007
1299; 0,013047682; 0,013047682; 30,189655172413794; 0,06013877
1300; 0,013047682; 0,013047682; 30,775862068965516; 0,061306518
1301; 0,013047682; 0,013047682; 29,551724137931036; 0,058867984
1302; 0,013047682; 0,013047682; 30,120689655172413; 0,060001384
1303; 0,013047682; 0,013047682; 30,137931034482758; 0,06003574
1304; 0,013047682; 0,013047682; 30,120689655172413; 0,06000139
1305; 0,013047682; 0,013047682; 30,275862068965516; 0,060310505
1306; 0,013047682; 0,013047682; 30,82758620689655; 0,06140955
1307; 0,013047682; 0,013047682; 30,224137931034484; 0,060207464
1308; 0,013047682; 0,013047682; 30,03448275862069; 0,05982966
1309; 0,013047682; 0,013047682; 30,25862068965517; 0,060276154
1310; 0,013047682; 0,013047682; 30,120689655172413; 0,060001396
1311; 0,013047682; 0,013047682; 30,637931034482758; 0,061031755
1312; 0,013047682; 0,013047682; 30,982758620689655; 0,06171866
1313; 0,013047682; 0,013047682; 30,637931034482758; 0,06103175
1314; 0,013047682; 0,013047682; 29,67241379310345; 0,059108414
1315; 0,013047682; 0,013047682; 29,96551724137931; 0,05969229
1316; 0,013047682; 0,013047682; 30,56896551724138; 0,060894374
1317; 0,013047682; 0,013047682; 29,74137931034483; 0,05924579
1318; 0,013047682; 0,013047682; 29,724137931034484; 0,059211448
1319; 0,013047682; 0,013047682; 29,775862068965516; 0,05931448
1320; 0,013047682; 0,013047682; 30,448275862068964; 0,06065395
1321; 0,013047682; 0,013047682; 29,948275862068964; 0,059657935
1322; 0,013047682; 0,013047682; 29,844827586206897; 0,059451863
1323; 0,013047682; 0,013047682; 29,93103448275862; 0,05962359
1324; 0,013047682; 0,013047682; 29,810344827586206; 0,05938317
1325; 0,013047682; 0,013047682; 29,913793103448278; 0,05958924
1326; 0,013047682; 0,013047682; 29,32758620689655; 0,058421493
1327; 0,013047682; 0,013047682; 29,379310344827587; 0,058524538
1328; 0,013047682; 0,013047682; 29,810344827586206; 0,059383176
1329; 0,013047682; 0,013047682; 29,75862068965517; 0,05928013
1330; 0,013047682; 0,013047682; 30,379310344827587; 0,06051657
1331; 0,013047682; 0,013047682; 30,03448275862069; 0,05982966
1332; 0,013047682; 0,013047682; 30,224137931034484; 0,06020746
1333; 0,013047682; 0,013047682; 29,551724137931036; 0,05886798
1334; 0,013047682; 0,013047682; 29,155172413793103; 0,058078047
1335; 0,013047682; 0,013047682; 30,5; 0,06075699
1336; 0,013047682; 0,013047682; 30,0; 0,059760973
1337; 0,013047682; 0,013047682; 29,620689655172413; 0,059005376
1338; 0,013047682; 0,013047682; 30,413793103448278; 0,060585264
1339; 0,013047682; 0,013047682; 30,03448275862069; 0,059829663
1340; 0,013047682; 0,013047682; 30,362068965517242; 0,060482223
1341; 0,013047682; 0,013047682; 29,810344827586206; 0,05938317
1342; 0,013047682; 0,013047682; 30,46551724137931; 0,060688294
1343; 0,013047682; 0,013047682; 29,93103448275862; 0,059623595
1344; 0,013047682; 0,013047682; 28,96551724137931; 0,057700247
1345; 0,013047682; 0,013047682; 30,551724137931036; 0,060860023
1346; 0,013047682; 0,013047682; 29,120689655172413; 0,058009356
1347; 0,013047682; 0,013047682; 30,103448275862068; 0,059967045
1348; 0,013047682; 0,013047682; 29,603448275862068; 0,058971033
1349; 0,013047682; 0,013047682; 29,879310344827587; 0,059520558
1350; 0,013047682; 0,013047682; 29,551724137931036; 0,058867995
1351; 0,013047682; 0,013047682; 30,086206896551722; 0,059932698
1352; 0,013047682; 0,013047682; 29,637931034482758; 0,059039716
1353; 0,013047682; 0,013047682; 29,53448275862069; 0,05883364
1354; 0,013047682; 0,013047682; 29,29310344827586; 0,058352813
1355; 0,013047682; 0,013047682; 30,120689655172413; 0,060001396
1356; 0,013047682; 0,013047682; 29,844827586206897; 0,059451863
1357; 0,013047682; 0,013047682; 29,93103448275862; 0,059623595
1358; 0,013047682; 0,013047682; 29,189655172413794; 0,058146738
1359; 0,013047682; 0,013047682; 30,017241379310345; 0,05979531
1360; 0,013047682; 0,013047682; 30,051724137931036; 0,05986401
1361; 0,013047682; 0,013047682; 30,24137931034483; 0,060241804
1362; 0,013047682; 0,013047682; 30,413793103448278; 0,06058526
1363; 0,013047682; 0,013047682; 30,379310344827587; 0,06051657
1364; 0,013047682; 0,013047682; 30,344827586206897; 0,060447875
1365; 0,013047682; 0,013047682; 29,879310344827587; 0,05952055
1366; 0,013047682; 0,013047682; 29,551724137931036; 0,058867984
1367; 0,013047682; 0,013047682; 29,120689655172413; 0,058009356
1368; 0,013047682; 0,013047682; 29,810344827586206; 0,059383176
1369; 0,013047682; 0,013047682; 30,17241379310345; 0,060104422
1370; 0,013047682; 0,013047682; 29,844827586206897; 0,059451863
1371; 0,013047682; 0,013047682; 29,74137931034483; 0,059245788
1372; 0,013047682; 0,013047682; 30,155172413793103; 0,060070086
1373; 0,013047682; 0,013047682; 30,0; 0,05976097
1374; 0,013047682; 0,013047682; 28,96551724137931; 0,05770024
1375; 0,013047682; 0,013047682; 30,310344827586206; 0,060379192
1376; 0,013047682; 0,013047682; 29,603448275862068; 0,058971036
1377; 0,013047682; 0,013047682; 30,03448275862069; 0,059829667
1378; 0,013047682; 0,013047682; 30,482758620689655; 0,060722645
1379; 0,013047682; 0,013047682; 30,655172413793103; 0,0610661
1380; 0,013047682; 0,013047682; 29,79310344827586; 0,059348825
1381; 0,013047682; 0,013047682; 29,482758620689655; 0,058730602
1382; 0,013047682; 0,013047682; 30,310344827586206; 0,060379196
1383; 0,013047682; 0,013047682; 29,70689655172414; 0,059177104
1384; 0,013047682; 0,013047682; 29,70689655172414; 0,059177108
1385; 0,013047682; 0,013047682; 30,689655172413794; 0,06113479
1386; 0,013047682; 0,013047682; 30,224137931034484; 0,060207475
1387; 0,013047682; 0,013047682; 30,379310344827587; 0,06051658
1388; 0,013047682; 0,013047682; 30,56896551724138; 0,06089437
1389; 0,013047682; 0,013047682; 30,189655172413794; 0,060138773
1390; 0,013047682; 0,013047682; 29,896551724137932; 0,0595549
1391; 0,013047682; 0,013047682; 30,189655172413794; 0,060138773
1392; 0,013047682; 0,013047682; 30,637931034482758; 0,06103175
1393; 0,013047682; 0,013047682; 29,862068965517242; 0,059486203
1394; 0,013047682; 0,013047682; 30,103448275862068; 0,059967045
1395; 0,013047682; 0,013047682; 30,03448275862069; 0,059829663
1396; 0,013047682; 0,013047682; 29,413793103448278; 0,058593232
1397; 0,013047682; 0,013047682; 29,637931034482758; 0,059039723
1398; 0,013047682; 0,013047682; 28,93103448275862; 0,057631556
1399; 0,013047682; 0,013047682; 29,32758620689655; 0,0584215
1400; 0,013047682; 0,013047682; 29,46551724137931; 0,05869626
1401; 0,013047682; 0,013047682; 30,275862068965516; 0,060310498
1402; 0,013047682; 0,013047682; 29,96551724137931; 0,05969228
1403; 0,013047682; 0,013047682; 29,96551724137931; 0,059692286
1404; 0,013047682; 0,013047682; 28,844827586206897; 0,05745983
1405; 0,013047682; 0,013047682; 30,275862068965516; 0,060310498
1406; 0,013047682; 0,013047682; 30,051724137931036; 0,059864007
1407; 0,013047682; 0,013047682; 30,689655172413794; 0,06113479
1408; 0,013047682; 0,013047682; 30,017241379310345; 0,059795316
1409; 0,013047682; 0,013047682; 30,637931034482758; 0,061031748
1410; 0,013047682; 0,013047682; 29,137931034482758; 0,058043692
1411; 0,013047682; 0,013047682; 29,844827586206897; 0,059451863
1412; 0,013047682; 0,013047682; 29,844827586206897; 0,059451867
1413; 0,013047682; 0,013047682; 30,379310344827587; 0,06051657
1414; 0,013047682; 0,013047682; 30,32758620689655; 0,06041352
1415; 0,013047682; 0,013047682; 29,948275862068964; 0,059657935
1416; 0,013047682; 0,013047682; 29,724137931034484; 0,059211444
1417; 0,013047682; 0,013047682; 30,189655172413794; 0,060138777
1418; 0,013047682; 0,013047682; 29,74137931034483; 0,059245788
1419; 0,013047682; 0,013047682; 29,948275862068964; 0,059657935
1420; 0,013047682; 0,013047682; 30,051724137931036; 0,05986401
1421; 0,013047682; 0,013047682; 29,637931034482758; 0,059039716
1422; 0,013047682; 0,013047682; 29,75862068965517; 0,059280127
1423; 0,013047682; 0,013047682; 30,103448275862068; 0,05996704
1424; 0,013047682; 0,013047682; 29,448275862068964; 0,05866191
1425; 0,013047682; 0,013047682; 29,879310344827587; 0,059520554
1426; 0,013047682; 0,013047682; 29,810344827586206; 0,05938316
1427; 0,013047682; 0,013047682; 29,379310344827587; 0,05852453
1428; 0,013047682; 0,013047682; 29,896551724137932; 0,059554897
1429; 0,013047682; 0,013047682; 30,310344827586206; 0,06037919
1430; 0,013047682; 0,013047682; 29,551724137931036; 0,058867987
1431; 0,013047682; 0,013047682; 29,344827586206897; 0,05845585
1432; 0,013047682; 0,013047682; 29,862068965517242; 0,059486214
1433; 0,013047682; 0,013047682; 29,551724137931036; 0,058867984
1434; 0,013047682; 0,013047682; 29,20689655172414; 0,058181085
1435; 0,013047682; 0,013047682; 30,43103448275862; 0,060619608
1436; 0,013047682; 0,013047682; 29,620689655172413; 0,059005376
1437; 0,013047682; 0,013047682; 30,137931034482758; 0,060035735
1438; 0,013047682; 0,013047682; 28,70689655172414; 0,05718506
1439; 0,013047682; 0,013047682; 30,586206896551722; 0,060928706
1440; 0,013047682; 0,013047682; 30,06896551724138; 0,05989836
1441; 0,013047682; 0,013047682; 30,310344827586206; 0,060379192
1442; 0,013047682; 0,013047682; 30,29310344827586; 0,06034484
1443; 0,013047682; 0,013047682; 30,53448275862069; 0,060825676
1444; 0,013047682; 0,013047682; 29,655172413793103; 0,05907406
1445; 0,013047682; 0,013047682; 30,103448275862068; 0,05996704
1446; 0,013047682; 0,013047682; 29,879310344827587; 0,059520554
1447; 0,013047682; 0,013047682; 30,120689655172413; 0,060001384
1448; 0,013047682; 0,013047682; 29,362068965517242; 0,058490183
1449; 0,013047682; 0,013047682; 29,948275862068964; 0,059657935
1450; 0,013047682; 0,013047682; 29,448275862068964; 0,058661915
1451; 0,013047682; 0,013047682; 29,224137931034484; 0,058215432
1452; 0,013047682; 0,013047682; 29,051724137931036; 0,057871975
1453; 0,013047682; 0,013047682; 29,896551724137932; 0,0595549
1454; 0,013047682; 0,013047682; 30,103448275862068; 0,059967052
1455; 0,013047682; 0,013047682; 29,982758620689655; 0,05972663
1456; 0,013047682; 0,013047682; 29,79310344827586; 0,05934883
1457; 0,013047682; 0,013047682; 29,810344827586206; 0,05938317
1458; 0,013047682; 0,013047682; 29,637931034482758; 0,05903972
1459; 0,013047682; 0,013047682; 29,982758620689655; 0,059726626
1460; 0,013047682; 0,013047682; 30,20689655172414; 0,060173117
1461; 0,013047682; 0,013047682; 29,724137931034484; 0,059211444
1462; 0,013047682; 0,013047682; 30,344827586206897; 0,06044788
1463; 0,013047682; 0,013047682; 30,137931034482758; 0,06003573
1464; 0,013047682; 0,013047682; 29,82758620689655; 0,05941752
1465; 0,013047682; 0,013047682; 30,46551724137931; 0,060688302
1466; 0,013047682; 0,013047682; 29,620689655172413; 0,059005372
1467; 0,013047682; 0,013047682; 29,96551724137931; 0,05969229
1468; 0,013047682; 0,013047682; 29,70689655172414; 0,059177097
1469; 0,013047682; 0,013047682; 30,086206896551722; 0,059932698
1470; 0,013047682; 0,013047682; 30,448275862068964; 0,06065395
1471; 0,013047682; 0,013047682; 29,879310344827587; 0,05952055
1472; 0,013047682; 0,013047682; 30,448275862068964; 0,060653955
1473; 0,013047682; 0,013047682; 30,637931034482758; 0,06103175
1474; 0,013047682; 0,013047682; 29,75862068965517; 0,059280135
1475; 0,013047682; 0,013047682; 30,551724137931036; 0,060860023
1476; 0,013047682; 0,013047682; 30,43103448275862; 0,060619608
1477; 0,013047682; 0,013047682; 29,413793103448278; 0,05859323
1478; 0,013047682; 0,013047682; 29,810344827586206; 0,059383176
1479; 0,013047682; 0,013047682; 29,32758620689655; 0,0584215
1480; 0,013047682; 0,013047682; 29,948275862068964; 0,059657935
1481; 0,013047682; 0,013047682; 29,913793103448278; 0,059589252
1482; 0,013047682; 0,013047682; 29,79310344827586; 0,059348818
1483; 0,013047682; 0,013047682; 30,448275862068964; 0,06065395
1484; 0,013047682; 0,013047682; 30,344827586206897; 0,060447883
1485; 0,013047682; 0,013047682; 29,482758620689655; 0,05873061
1486; 0,013047682; 0,013047682; 30,5; 0,06075699
1487; 0,013047682; 0,013047682; 30,603448275862068; 0,060963057
1488; 0,013047682; 0,013047682; 29,96551724137931; 0,05969228
1489; 0,013047682; 0,013047682; 30,5; 0,060756978
1490; 0,013047682; 0,013047682; 30,120689655172413; 0,060001396
1491; 0,013047682; 0,013047682; 29,75862068965517; 0,05928013
1492; 0,013047682; 0,013047682; 29,724137931034484; 0,059211444
1493; 0,013047682; 0,013047682; 30,637931034482758; 0,06103175
1494; 0,013047682; 0,013047682; 29,03448275862069; 0,057837628
1495; 0,013047682; 0,013047682; 30,275862068965516; 0,060310505
1496; 0,013047682; 0,013047682; 30,06896551724138; 0,05989835
1497; 0,013047682; 0,013047682; 30,137931034482758; 0,06003573
1498; 0,013047682; 0,013047682; 29,448275862068964; 0,058661915
1499; 0,013047682; 0,013047682; 30,0; 0,059760973
1500; 0,013047682; 0,013047682; 29,879310344827587; 0,059520554
1501; 0,013047682; 0,013047682; 29,93103448275862; 0,059623588
1502; 0,013047682; 0,013047682; 29,913793103448278; 0,059589237
1503; 0,013047682; 0,013047682; 29,913793103448278; 0,05958924
1504; 0,013047682; 0,013047682; 30,06896551724138; 0,059898354
1505; 0,013047682; 0,013047682; 30,310344827586206; 0,060379185
1506; 0,013047682; 0,013047682; 30,637931034482758; 0,06103175
1507; 0,013047682; 0,013047682; 29,79310344827586; 0,05934882
1508; 0,013047682; 0,013047682; 29,74137931034483; 0,0592458
1509; 0,013047682; 0,013047682; 29,396551724137932; 0,05855887
1510; 0,013047682; 0,013047682; 29,82758620689655; 0,05941752
1511; 0,013047682; 0,013047682; 30,224137931034484; 0,060207456
1512; 0,013047682; 0,013047682; 30,275862068965516; 0,060310494
1513; 0,013047682; 0,013047682; 30,43103448275862; 0,060619608
1514; 0,013047682; 0,013047682; 30,017241379310345; 0,059795313
1515; 0,013047682; 0,013047682; 29,689655172413794; 0,059142757
1516; 0,013047682; 0,013047682; 30,637931034482758; 0,061031755
1517; 0,013047682; 0,013047682; 30,189655172413794; 0,06013877
1518; 0,013047682; 0,013047682; 29,0; 0,057768933
1519; 0,013047682; 0,013047682; 30,379310344827587; 0,06051657
1520; 0,013047682; 0,013047682; 30,70689655172414; 0,061169133
1521; 0,013047682; 0,013047682; 28,948275862068964; 0,057665903
1522; 0,013047682; 0,013047682; 30,155172413793103; 0,06007008
1523; 0,013047682; 0,013047682; 29,637931034482758; 0,059039723
1524; 0,013047682; 0,013047682; 29,982758620689655; 0,059726622
1525; 0,013047682; 0,013047682; 30,482758620689655; 0,06072264
1526; 0,013047682; 0,013047682; 29,413793103448278; 0,05859323
1527; 0,013047682; 0,013047682; 29,586206896551722; 0,058936678
1528; 0,013047682; 0,013047682; 29,603448275862068; 0,058971025
1529; 0,013047682; 0,013047682; 28,913793103448278; 0,057597205
1530; 0,013047682; 0,013047682; 30,051724137931036; 0,059864007
1531; 0,013047682; 0,013047682; 28,982758620689655; 0,057734594
1532; 0,013047682; 0,013047682; 30,70689655172414; 0,061169133
1533; 0,013047682; 0,013047682; 30,448275862068964; 0,06065395
1534; 0,013047682; 0,013047682; 30,189655172413794; 0,06013877
1535; 0,013047682; 0,013047682; 30,051724137931036; 0,05986401
1536; 0,013047682; 0,013047682; 29,46551724137931; 0,058696266
1537; 0,013047682; 0,013047682; 29,93103448275862; 0,05962359
1538; 0,013047682; 0,013047682; 29,53448275862069; 0,058833644
1539; 0,013047682; 0,013047682; 29,53448275862069; 0,058833644
1540; 0,013047682; 0,013047682; 30,362068965517242; 0,06048223
1541; 0,013047682; 0,013047682; 29,56896551724138; 0,05890234
1542; 0,013047682; 0,013047682; 29,75862068965517; 0,05928013
1543; 0,013047682; 0,013047682; 29,79310344827586; 0,059348825
1544; 0,013047682; 0,013047682; 30,051724137931036; 0,059864007
1545; 0,013047682; 0,013047682; 28,724137931034484; 0,0572194
1546; 0,013047682; 0,013047682; 29,96551724137931; 0,05969228
1547; 0,013047682; 0,013047682; 29,637931034482758; 0,059039716
1548; 0,013047682; 0,013047682; 30,06896551724138; 0,05989835
1549; 0,013047682; 0,013047682; 29,17241379310345; 0,058112394
1550; 0,013047682; 0,013047682; 29,46551724137931; 0,05869626
1551; 0,013047682; 0,013047682; 30,689655172413794; 0,061134785
1552; 0,013047682; 0,013047682; 30,224137931034484; 0,06020746
1553; 0,013047682; 0,013047682; 29,948275862068964; 0,05965793
1554; 0,013047682; 0,013047682; 30,75862068965517; 0,061272167
1555; 0,013047682; 0,013047682; 29,879310344827587; 0,059520554
1556; 0,013047682; 0,013047682; 30,25862068965517; 0,060276154
1557; 0,013047682; 0,013047682; 29,0; 0,057768937
1558; 0,013047682; 0,013047682; 30,137931034482758; 0,060035728
1559; 0,013047682; 0,013047682; 28,862068965517242; 0,057494175
1560; 0,013047682; 0,013047682; 30,379310344827587; 0,060516573
1561; 0,013047682; 0,013047682; 29,29310344827586; 0,058352813
1562; 0,013047682; 0,013047682; 29,775862068965516; 0,059314482
1563; 0,013047682; 0,013047682; 30,5; 0,06075699
1564; 0,013047682; 0,013047682; 29,5; 0,05876495
1565; 0,013047682; 0,013047682; 30,310344827586206; 0,06037919
1566; 0,013047682; 0,013047682; 29,913793103448278; 0,059589244
1567; 0,013047682; 0,013047682; 29,70689655172414; 0,059177104
1568; 0,013047682; 0,013047682; 30,413793103448278; 0,060585264
1569; 0,013047682; 0,013047682; 30,03448275862069; 0,05982966
1570; 0,013047682; 0,013047682; 30,137931034482758; 0,060035735
1571; 0,013047682; 0,013047682; 30,120689655172413; 0,06000139
1572; 0,013047682; 0,013047682; 30,603448275862068; 0,060963064
1573; 0,013047682; 0,013047682; 29,896551724137932; 0,0595549
1574; 0,013047682; 0,013047682; 29,982758620689655; 0,05972663
1575; 0,013047682; 0,013047682; 30,155172413793103; 0,060070083
1576; 0,013047682; 0,013047682; 29,844827586206897; 0,059451867
1577; 0,013047682; 0,013047682; 30,46551724137931; 0,0606883
1578; 0,013047682; 0,013047682; 29,20689655172414; 0,05818109
1579; 0,013047682; 0,013047682; 29,948275862068964; 0,05965793
1580; 0,013047682; 0,013047682; 30,103448275862068; 0,059967045
1581; 0,013047682; 0,013047682; 29,896551724137932; 0,0595549
1582; 0,013047682; 0,013047682; 30,051724137931036; 0,059864007
1583; 0,013047682; 0,013047682; 29,689655172413794; 0,059142757
1584; 0,013047682; 0,013047682; 29,879310344827587; 0,05952055
1585; 0,013047682; 0,013047682; 29,53448275862069; 0,058833644
1586; 0,013047682; 0,013047682; 29,82758620689655; 0,059417516
1587; 0,013047682; 0,013047682; 29,913793103448278; 0,059589244
1588; 0,013047682; 0,013047682; 30,0; 0,059760973
1589; 0,013047682; 0,013047682; 29,5; 0,058764957
1590; 0,013047682; 0,013047682; 30,413793103448278; 0,06058526
1591; 0,013047682; 0,013047682; 29,603448275862068; 0,058971036
1592; 0,013047682; 0,013047682; 30,051724137931036; 0,05986401
1593; 0,013047682; 0,013047682; 30,051724137931036; 0,059864007
1594; 0,013047682; 0,013047682; 29,724137931034484; 0,059211448
1595; 0,013047682; 0,013047682; 30,137931034482758; 0,06003574
1596; 0,013047682; 0,013047682; 30,189655172413794; 0,06013877
1597; 0,013047682; 0,013047682; 29,810344827586206; 0,059383176
1598; 0,013047682; 0,013047682; 30,344827586206897; 0,060447883
1599; 0,013047682; 0,013047682; 29,620689655172413; 0,059005376
1600; 0,013047682; 0,013047682; 30,482758620689655; 0,06072264
1601; 0,013047682; 0,013047682; 29,74137931034483; 0,059245776
1602; 0,013047682; 0,013047682; 29,551724137931036; 0,058867984
1603; 0,013047682; 0,013047682; 30,448275862068964; 0,060653947
1604; 0,013047682; 0,013047682; 28,948275862068964; 0,057665903
1605; 0,013047682; 0,013047682; 29,29310344827586; 0,058352817
1606; 0,013047682; 0,013047682; 30,017241379310345; 0,059795316
1607; 0,013047682; 0,013047682; 30,43103448275862; 0,0606196
1608; 0,013047682; 0,013047682; 29,948275862068964; 0,059657935
1609; 0,013047682; 0,013047682; 29,56896551724138; 0,058902342
1610; 0,013047682; 0,013047682; 29,086206896551722; 0,057940666
1611; 0,013047682; 0,013047682; 30,810344827586206; 0,061375204
1612; 0,013047682; 0,013047682; 30,448275862068964; 0,060653955
1613; 0,013047682; 0,013047682; 29,46551724137931; 0,058696263
1614; 0,013047682; 0,013047682; 30,017241379310345; 0,059795313
1615; 0,013047682; 0,013047682; 29,948275862068964; 0,05965794
1616; 0,013047682; 0,013047682; 29,879310344827587; 0,059520554
1617; 0,013047682; 0,013047682; 29,53448275862069; 0,058833648
1618; 0,013047682; 0,013047682; 30,189655172413794; 0,06013877
1619; 0,013047682; 0,013047682; 29,75862068965517; 0,059280142
1620; 0,013047682; 0,013047682; 29,844827586206897; 0,059451863
1621; 0,013047682; 0,013047682; 30,20689655172414; 0,060173117
1622; 0,013047682; 0,013047682; 29,79310344827586; 0,059348825
1623; 0,013047682; 0,013047682; 29,20689655172414; 0,058181085
1624; 0,013047682; 0,013047682; 30,362068965517242; 0,060482223
1625; 0,013047682; 0,013047682; 30,275862068965516; 0,06031049
1626; 0,013047682; 0,013047682; 29,5; 0,058764946
1627; 0,013047682; 0,013047682; 29,448275862068964; 0,058661923
1628; 0,013047682; 0,013047682; 30,43103448275862; 0,060619596
1629; 0,013047682; 0,013047682; 30,448275862068964; 0,060653947
1630; 0,013047682; 0,013047682; 29,517241379310345; 0,0587993
1631; 0,013047682; 0,013047682; 30,43103448275862; 0,0606196
1632; 0,013047682; 0,013047682; 29,24137931034483; 0,058249775
1633; 0,013047682; 0,013047682; 29,03448275862069; 0,057837628
1634; 0,013047682; 0,013047682; 29,53448275862069; 0,058833648
1635; 0,013047682; 0,013047682; 30,24137931034483; 0,060241804
1636; 0,013047682; 0,013047682; 30,344827586206897; 0,06044788
1637; 0,013047682; 0,013047682; 30,362068965517242; 0,060482223
1638; 0,013047682; 0,013047682; 29,086206896551722; 0,05794066
1639; 0,013047682; 0,013047682; 30,344827586206897; 0,060447883
1640; 0,013047682; 0,013047682; 30,396551724137932; 0,06055092
1641; 0,013047682; 0,013047682; 30,43103448275862; 0,060619604
1642; 0,013047682; 0,013047682; 29,724137931034484; 0,059211437
1643; 0,013047682; 0,013047682; 29,20689655172414; 0,058181085
1644; 0,013047682; 0,013047682; 29,620689655172413; 0,05900537
1645; 0,013047682; 0,013047682; 30,56896551724138; 0,06089437
1646; 0,013047682; 0,013047682; 29,862068965517242; 0,059486203
1647; 0,013047682; 0,013047682; 30,29310344827586; 0,06034485
1648; 0,013047682; 0,013047682; 29,982758620689655; 0,059726626
1649; 0,013047682; 0,013047682; 30,29310344827586; 0,060344845
1650; 0,013047682; 0,013047682; 29,637931034482758; 0,05903972
1651; 0,013047682; 0,013047682; 29,75862068965517; 0,05928013
1652; 0,013047682; 0,013047682; 30,637931034482758; 0,061031748
1653; 0,013047682; 0,013047682; 29,67241379310345; 0,059108414
1654; 0,013047682; 0,013047682; 30,086206896551722; 0,0599327
1655; 0,013047682; 0,013047682; 29,948275862068964; 0,059657935
1656; 0,013047682; 0,013047682; 29,70689655172414; 0,059177097
1657; 0,013047682; 0,013047682; 30,03448275862069; 0,059829663
1658; 0,013047682; 0,013047682; 29,82758620689655; 0,059417516
1659; 0,013047682; 0,013047682; 29,586206896551722; 0,05893668
1660; 0,013047682; 0,013047682; 29,517241379310345; 0,0587993
1661; 0,013047682; 0,013047682; 29,551724137931036; 0,058867995
1662; 0,013047682; 0,013047682; 29,82758620689655; 0,05941752
1663; 0,013047682; 0,013047682; 29,913793103448278; 0,05958924
1664; 0,013047682; 0,013047682; 30,155172413793103; 0,060070083
1665; 0,013047682; 0,013047682; 30,275862068965516; 0,060310498
1666; 0,013047682; 0,013047682; 29,379310344827587; 0,058524538
1667; 0,013047682; 0,013047682; 30,620689655172413; 0,060997408
1668; 0,013047682; 0,013047682; 29,551724137931036; 0,058867987
1669; 0,013047682; 0,013047682; 30,120689655172413; 0,060001384
1670; 0,013047682; 0,013047682; 30,275862068965516; 0,06031049
1671; 0,013047682; 0,013047682; 29,689655172413794; 0,059142746
1672; 0,013047682; 0,013047682; 29,46551724137931; 0,058696266
1673; 0,013047682; 0,013047682; 29,844827586206897; 0,059451863
1674; 0,013047682; 0,013047682; 30,17241379310345; 0,060104422
1675; 0,013047682; 0,013047682; 30,620689655172413; 0,060997404
1676; 0,013047682; 0,013047682; 29,948275862068964; 0,05965793
1677; 0,013047682; 0,013047682; 29,82758620689655; 0,059417523
1678; 0,013047682; 0,013047682; 28,70689655172414; 0,05718506
1679; 0,013047682; 0,013047682; 30,32758620689655; 0,060413543
1680; 0,013047682; 0,013047682; 30,310344827586206; 0,06037919
1681; 0,013047682; 0,013047682; 29,43103448275862; 0,05862757
1682; 0,013047682; 0,013047682; 30,0; 0,059760973
1683; 0,013047682; 0,013047682; 30,103448275862068; 0,05996705
1684; 0,013047682; 0,013047682; 28,913793103448278; 0,057597212
1685; 0,013047682; 0,013047682; 28,982758620689655; 0,057734594
1686; 0,013047682; 0,013047682; 30,29310344827586; 0,060344838
1687; 0,013047682; 0,013047682; 30,379310344827587; 0,060516566
1688; 0,013047682; 0,013047682; 29,724137931034484; 0,059211448
1689; 0,013047682; 0,013047682; 30,120689655172413; 0,060001384
1690; 0,013047682; 0,013047682; 29,948275862068964; 0,05965793
1691; 0,013047682; 0,013047682; 29,775862068965516; 0,059314482
1692; 0,013047682; 0,013047682; 29,586206896551722; 0,058936678
1693; 0,013047682; 0,013047682; 30,224137931034484; 0,060207464
1694; 0,013047682; 0,013047682; 29,896551724137932; 0,059554897
1695; 0,013047682; 0,013047682; 29,396551724137932; 0,058558878
1696; 0,013047682; 0,013047682; 30,25862068965517; 0,060276154
1697; 0,013047682; 0,013047682; 29,879310344827587; 0,059520554
1698; 0,013047682; 0,013047682; 29,70689655172414; 0,059177093
1699; 0,013047682; 0,013047682; 30,189655172413794; 0,06013877
1700; 0,013047682; 0,013047682; 29,982758620689655; 0,059726626
1701; 0,013047682; 0,013047682; 30,46551724137931; 0,0606883
1702; 0,013047682; 0,013047682; 29,396551724137932; 0,058558892
1703; 0,013047682; 0,013047682; 29,603448275862068; 0,058971033
1704; 0,013047682; 0,013047682; 30,0; 0,059760973
1705; 0,013047682; 0,013047682; 29,586206896551722; 0,05893668
1706; 0,013047682; 0,013047682; 30,017241379310345; 0,059795316
1707; 0,013047682; 0,013047682; 29,96551724137931; 0,059692275
1708; 0,013047682; 0,013047682; 30,275862068965516; 0,060310494
1709; 0,013047682; 0,013047682; 30,43103448275862; 0,060619608
1710; 0,013047682; 0,013047682; 29,603448275862068; 0,058971018
1711; 0,013047682; 0,013047682; 29,70689655172414; 0,059177097
1712; 0,013047682; 0,013047682; 29,655172413793103; 0,059074067
1713; 0,013047682; 0,013047682; 29,79310344827586; 0,05934882
1714; 0,013047682; 0,013047682; 30,137931034482758; 0,06003574
1715; 0,013047682; 0,013047682; 29,948275862068964; 0,05965794
1716; 0,013047682; 0,013047682; 29,379310344827587; 0,05852453
1717; 0,013047682; 0,013047682; 29,70689655172414; 0,059177097
1718; 0,013047682; 0,013047682; 30,586206896551722; 0,060928714
1719; 0,013047682; 0,013047682; 29,413793103448278; 0,05859323
1720; 0,013047682; 0,013047682; 30,155172413793103; 0,060070086
1721; 0,013047682; 0,013047682; 28,948275862068964; 0,057665907
1722; 0,013047682; 0,013047682; 29,948275862068964; 0,05965793
1723; 0,013047682; 0,013047682; 30,32758620689655; 0,060413532
1724; 0,013047682; 0,013047682; 29,79310344827586; 0,059348825
1725; 0,013047682; 0,013047682; 29,93103448275862; 0,059623584
1726; 0,013047682; 0,013047682; 30,379310344827587; 0,06051657
1727; 0,013047682; 0,013047682; 29,982758620689655; 0,059726633
1728; 0,013047682; 0,013047682; 30,0; 0,05976097
1729; 0,013047682; 0,013047682; 29,689655172413794; 0,059142757
1730; 0,013047682; 0,013047682; 28,413793103448278; 0,056601197
1731; 0,013047682; 0,013047682; 30,275862068965516; 0,060310498
1732; 0,013047682; 0,013047682; 30,051724137931036; 0,059864007
1733; 0,013047682; 0,013047682; 30,103448275862068; 0,059967045
1734; 0,013047682; 0,013047682; 30,137931034482758; 0,06003574
1735; 0,013047682; 0,013047682; 30,103448275862068; 0,05996705
1736; 0,013047682; 0,013047682; 29,82758620689655; 0,05941752
1737; 0,013047682; 0,013047682; 29,82758620689655; 0,059417516
1738; 0,013047682; 0,013047682; 29,844827586206897; 0,059451863
1739; 0,013047682; 0,013047682; 28,637931034482758; 0,057047687
1740; 0,013047682; 0,013047682; 30,017241379310345; 0,059795313
1741; 0,013047682; 0,013047682; 30,120689655172413; 0,060001384
1742; 0,013047682; 0,013047682; 30,20689655172414; 0,060173117
1743; 0,013047682; 0,013047682; 29,810344827586206; 0,05938317
1744; 0,013047682; 0,013047682; 30,0; 0,059760973
1745; 0,013047682; 0,013047682; 30,413793103448278; 0,06058526
1746; 0,013047682; 0,013047682; 29,70689655172414; 0,059177108
1747; 0,013047682; 0,013047682; 30,189655172413794; 0,06013877
1748; 0,013047682; 0,013047682; 29,844827586206897; 0,05945186
1749; 0,013047682; 0,013047682; 29,775862068965516; 0,05931449
1750; 0,013047682; 0,013047682; 29,396551724137932; 0,058558874
1751; 0,013047682; 0,013047682; 28,948275862068964; 0,0576659
1752; 0,013047682; 0,013047682; 30,29310344827586; 0,06034484
1753; 0,013047682; 0,013047682; 30,5; 0,06075699
1754; 0,013047682; 0,013047682; 30,03448275862069; 0,059829663
1755; 0,013047682; 0,013047682; 29,275862068965516; 0,058318466
1756; 0,013047682; 0,013047682; 30,448275862068964; 0,06065395
1757; 0,013047682; 0,013047682; 29,96551724137931; 0,059692286
1758; 0,013047682; 0,013047682; 30,017241379310345; 0,059795313
1759; 0,013047682; 0,013047682; 29,53448275862069; 0,05883364
1760; 0,013047682; 0,013047682; 30,620689655172413; 0,0609974
1761; 0,013047682; 0,013047682; 30,086206896551722; 0,059932694
1762; 0,013047682; 0,013047682; 29,79310344827586; 0,059348825
1763; 0,013047682; 0,013047682; 29,79310344827586; 0,059348833
1764; 0,013047682; 0,013047682; 30,155172413793103; 0,060070075
1765; 0,013047682; 0,013047682; 29,96551724137931; 0,05969228
1766; 0,013047682; 0,013047682; 29,810344827586206; 0,059383176
1767; 0,013047682; 0,013047682; 29,67241379310345; 0,05910841
1768; 0,013047682; 0,013047682; 29,75862068965517; 0,05928013
1769; 0,013047682; 0,013047682; 29,53448275862069; 0,05883364
1770; 0,013047682; 0,013047682; 29,5; 0,058764957
1771; 0,013047682; 0,013047682; 30,24137931034483; 0,060241807
1772; 0,013047682; 0,013047682; 30,620689655172413; 0,060997408
1773; 0,013047682; 0,013047682; 29,75862068965517; 0,05928013
1774; 0,013047682; 0,013047682; 29,379310344827587; 0,05852453
1775; 0,013047682; 0,013047682; 29,413793103448278; 0,05859323
1776; 0,013047682; 0,013047682; 29,775862068965516; 0,059314482
1777; 0,013047682; 0,013047682; 30,46551724137931; 0,0606883
1778; 0,013047682; 0,013047682; 29,32758620689655; 0,058421493
1779; 0,013047682; 0,013047682; 30,224137931034484; 0,060207464
1780; 0,013047682; 0,013047682; 29,775862068965516; 0,059314482
1781; 0,013047682; 0,013047682; 30,155172413793103; 0,060070083
1782; 0,013047682; 0,013047682; 29,5; 0,05876495
1783; 0,013047682; 0,013047682; 30,724137931034484; 0,06120348
1784; 0,013047682; 0,013047682; 30,32758620689655; 0,060413536
1785; 0,013047682; 0,013047682; 29,913793103448278; 0,059589244
1786; 0,013047682; 0,013047682; 30,189655172413794; 0,060138777
1787; 0,013047682; 0,013047682; 28,74137931034483; 0,057253752
1788; 0,013047682; 0,013047682; 29,844827586206897; 0,059451863
1789; 0,013047682; 0,013047682; 30,396551724137932; 0,06055092
1790; 0,013047682; 0,013047682; 29,637931034482758; 0,05903972
1791; 0,013047682; 0,013047682; 30,655172413793103; 0,061066102
1792; 0,013047682; 0,013047682; 30,0; 0,059760973
1793; 0,013047682; 0,013047682; 29,310344827586206; 0,05838715
1794; 0,013047682; 0,013047682; 29,775862068965516; 0,05931448
1795; 0,013047682; 0,013047682; 30,275862068965516; 0,060310498
1796; 0,013047682; 0,013047682; 29,379310344827587; 0,058524538
1797; 0,013047682; 0,013047682; 30,06896551724138; 0,05989835
1798; 0,013047682; 0,013047682; 29,551724137931036; 0,058867995
1799; 0,013047682; 0,013047682; 30,310344827586206; 0,060379185
1800; 0,013047682; 0,013047682; 29,896551724137932; 0,059554897
1801; 0,013047682; 0,013047682; 29,810344827586206; 0,05938317
1802; 0,013047682; 0,013047682; 30,017241379310345; 0,059795324
1803; 0,013047682; 0,013047682; 29,982758620689655; 0,059726633
1804; 0,013047682; 0,013047682; 30,844827586206897; 0,061443895
1805; 0,013047682; 0,013047682; 29,20689655172414; 0,058181074
1806; 0,013047682; 0,013047682; 29,637931034482758; 0,059039712
1807; 0,013047682; 0,013047682; 30,413793103448278; 0,06058526
1808; 0,013047682; 0,013047682; 30,362068965517242; 0,060482226
1809; 0,013047682; 0,013047682; 29,724137931034484; 0,059211437
1810; 0,013047682; 0,013047682; 29,620689655172413; 0,059005372
1811; 0,013047682; 0,013047682; 29,586206896551722; 0,058936678
1812; 0,013047682; 0,013047682; 29,96551724137931; 0,059692286
1813; 0,013047682; 0,013047682; 29,620689655172413; 0,05900537
1814; 0,013047682; 0,013047682; 29,862068965517242; 0,059486203
1815; 0,013047682; 0,013047682; 30,32758620689655; 0,060413532
1816; 0,013047682; 0,013047682; 30,03448275862069; 0,059829667
1817; 0,013047682; 0,013047682; 30,086206896551722; 0,05993271
1818; 0,013047682; 0,013047682; 29,93103448275862; 0,05962359
1819; 0,013047682; 0,013047682; 30,551724137931036; 0,060860027
1820; 0,013047682; 0,013047682; 29,362068965517242; 0,05849019
1821; 0,013047682; 0,013047682; 29,879310344827587; 0,059520554
1822; 0,013047682; 0,013047682; 30,03448275862069; 0,059829663
1823; 0,013047682; 0,013047682; 30,689655172413794; 0,06113479
1824; 0,013047682; 0,013047682; 29,862068965517242; 0,059486214
1825; 0,013047682; 0,013047682; 30,189655172413794; 0,060138766
1826; 0,013047682; 0,013047682; 30,67241379310345; 0,061100446
1827; 0,013047682; 0,013047682; 30,20689655172414; 0,060173117
1828; 0,013047682; 0,013047682; 29,982758620689655; 0,059726622
1829; 0,013047682; 0,013047682; 29,051724137931036; 0,057871968
1830; 0,013047682; 0,013047682; 30,086206896551722; 0,059932698
1831; 0,013047682; 0,013047682; 30,103448275862068; 0,05996704
1832; 0,013047682; 0,013047682; 29,586206896551722; 0,058936685
1833; 0,013047682; 0,013047682; 30,06896551724138; 0,059898354
1834; 0,013047682; 0,013047682; 30,379310344827587; 0,060516573
1835; 0,013047682; 0,013047682; 30,29310344827586; 0,06034483
1836; 0,013047682; 0,013047682; 29,810344827586206; 0,059383176
1837; 0,013047682; 0,013047682; 30,413793103448278; 0,060585257
1838; 0,013047682; 0,013047682; 29,53448275862069; 0,058833648
1839; 0,013047682; 0,013047682; 30,603448275862068; 0,06096307
1840; 0,013047682; 0,013047682; 30,120689655172413; 0,06000139
1841; 0,013047682; 0,013047682; 29,137931034482758; 0,058043703
1842; 0,013047682; 0,013047682; 30,362068965517242; 0,060482226
1843; 0,013047682; 0,013047682; 29,896551724137932; 0,059554897
1844; 0,013047682; 0,013047682; 29,82758620689655; 0,059417512
1845; 0,013047682; 0,013047682; 29,74137931034483; 0,059245795
1846; 0,013047682; 0,013047682; 30,06896551724138; 0,059898354
1847; 0,013047682; 0,013047682; 29,982758620689655; 0,059726626
1848; 0,013047682; 0,013047682; 30,413793103448278; 0,06058526
1849; 0,013047682; 0,013047682; 29,06896551724138; 0,057906307
1850; 0,013047682; 0,013047682; 30,517241379310345; 0,060791336
1851; 0,013047682; 0,013047682; 29,275862068965516; 0,058318466
1852; 0,013047682; 0,013047682; 30,155172413793103; 0,06007007
1853; 0,013047682; 0,013047682; 29,620689655172413; 0,059005376
1854; 0,013047682; 0,013047682; 30,224137931034484; 0,06020746
1855; 0,013047682; 0,013047682; 29,620689655172413; 0,059005357
1856; 0,013047682; 0,013047682; 29,93103448275862; 0,059623584
1857; 0,013047682; 0,013047682; 29,775862068965516; 0,059314486
1858; 0,013047682; 0,013047682; 28,724137931034484; 0,057219416
1859; 0,013047682; 0,013047682; 30,03448275862069; 0,05982967
1860; 0,013047682; 0,013047682; 30,103448275862068; 0,05996705
1861; 0,013047682; 0,013047682; 30,448275862068964; 0,060653955
1862; 0,013047682; 0,013047682; 29,551724137931036; 0,058867987
1863; 0,013047682; 0,013047682; 30,379310344827587; 0,06051657
1864; 0,013047682; 0,013047682; 30,051724137931036; 0,059864003
1865; 0,013047682; 0,013047682; 29,17241379310345; 0,058112383
1866; 0,013047682; 0,013047682; 29,93103448275862; 0,05962359
1867; 0,013047682; 0,013047682; 29,517241379310345; 0,058799304
1868; 0,013047682; 0,013047682; 30,137931034482758; 0,06003572
1869; 0,013047682; 0,013047682; 30,03448275862069; 0,059829656
1870; 0,013047682; 0,013047682; 29,810344827586206; 0,05938318
1871; 0,013047682; 0,013047682; 30,655172413793103; 0,061066102
1872; 0,013047682; 0,013047682; 30,051724137931036; 0,059864
1873; 0,013047682; 0,013047682; 28,96551724137931; 0,057700243
1874; 0,013047682; 0,013047682; 29,74137931034483; 0,0592458
1875; 0,013047682; 0,013047682; 29,43103448275862; 0,058627576
1876; 0,013047682; 0,013047682; 29,120689655172413; 0,05800935
1877; 0,013047682; 0,013047682; 29,948275862068964; 0,05965794
1878; 0,013047682; 0,013047682; 30,20689655172414; 0,060173117
1879; 0,013047682; 0,013047682; 29,948275862068964; 0,059657935
1880; 0,013047682; 0,013047682; 29,982758620689655; 0,059726626
1881; 0,013047682; 0,013047682; 30,224137931034484; 0,06020746
1882; 0,013047682; 0,013047682; 30,310344827586206; 0,06037918
1883; 0,013047682; 0,013047682; 30,75862068965517; 0,06127217
1884; 0,013047682; 0,013047682; 29,82758620689655; 0,05941752
1885; 0,013047682; 0,013047682; 29,93103448275862; 0,059623588
1886; 0,013047682; 0,013047682; 29,79310344827586; 0,059348818
1887; 0,013047682; 0,013047682; 28,379310344827587; 0,056532506
1888; 0,013047682; 0,013047682; 29,982758620689655; 0,059726622
1889; 0,013047682; 0,013047682; 30,29310344827586; 0,06034484
1890; 0,013047682; 0,013047682; 30,603448275862068; 0,060963064
1891; 0,013047682; 0,013047682; 29,896551724137932; 0,0595549
1892; 0,013047682; 0,013047682; 30,517241379310345; 0,060791332
1893; 0,013047682; 0,013047682; 30,155172413793103; 0,06007008
1894; 0,013047682; 0,013047682; 30,0; 0,05976097
1895; 0,013047682; 0,013047682; 30,137931034482758; 0,060035735
1896; 0,013047682; 0,013047682; 30,551724137931036; 0,060860027
1897; 0,013047682; 0,013047682; 30,224137931034484; 0,06020746
1898; 0,013047682; 0,013047682; 29,051724137931036; 0,05787197
1899; 0,013047682; 0,013047682; 30,17241379310345; 0,06010442
1900; 0,013047682; 0,013047682; 30,482758620689655; 0,06072264
1901; 0,013047682; 0,013047682; 30,17241379310345; 0,060104422
1902; 0,013047682; 0,013047682; 29,862068965517242; 0,059486207
1903; 0,013047682; 0,013047682; 29,43103448275862; 0,05862758
1904; 0,013047682; 0,013047682; 30,0; 0,059760973
1905; 0,013047682; 0,013047682; 29,844827586206897; 0,059451867
1906; 0,013047682; 0,013047682; 30,310344827586206; 0,06037919
1907; 0,013047682; 0,013047682; 29,93103448275862; 0,05962359
1908; 0,013047682; 0,013047682; 29,67241379310345; 0,05910841
1909; 0,013047682; 0,013047682; 30,224137931034484; 0,06020746
1910; 0,013047682; 0,013047682; 30,5; 0,06075699
1911; 0,013047682; 0,013047682; 29,655172413793103; 0,05907405
1912; 0,013047682; 0,013047682; 29,96551724137931; 0,05969228
1913; 0,013047682; 0,013047682; 29,810344827586206; 0,05938318
1914; 0,013047682; 0,013047682; 29,448275862068964; 0,058661923
1915; 0,013047682; 0,013047682; 29,482758620689655; 0,058730602
1916; 0,013047682; 0,013047682; 29,586206896551722; 0,058936685
1917; 0,013047682; 0,013047682; 30,344827586206897; 0,06044788
1918; 0,013047682; 0,013047682; 29,017241379310345; 0,057803284
1919; 0,013047682; 0,013047682; 29,5; 0,058764957
1920; 0,013047682; 0,013047682; 30,051724137931036; 0,05986401
1921; 0,013047682; 0,013047682; 29,189655172413794; 0,058146745
1922; 0,013047682; 0,013047682; 30,0; 0,05976098
1923; 0,013047682; 0,013047682; 30,25862068965517; 0,06027615
1924; 0,013047682; 0,013047682; 29,93103448275862; 0,059623588
1925; 0,013047682; 0,013047682; 30,051724137931036; 0,05986401
1926; 0,013047682; 0,013047682; 30,24137931034483; 0,060241796
1927; 0,013047682; 0,013047682; 30,086206896551722; 0,0599327
1928; 0,013047682; 0,013047682; 29,32758620689655; 0,058421496
1929; 0,013047682; 0,013047682; 29,724137931034484; 0,059211444
1930; 0,013047682; 0,013047682; 29,620689655172413; 0,059005372
1931; 0,013047682; 0,013047682; 30,051724137931036; 0,059864007
1932; 0,013047682; 0,013047682; 29,75862068965517; 0,05928013
1933; 0,013047682; 0,013047682; 29,603448275862068; 0,05897102
1934; 0,013047682; 0,013047682; 30,396551724137932; 0,060550913
1935; 0,013047682; 0,013047682; 30,551724137931036; 0,060860023
1936; 0,013047682; 0,013047682; 29,603448275862068; 0,058971033
1937; 0,013047682; 0,013047682; 29,396551724137932; 0,058558874
1938; 0,013047682; 0,013047682; 29,896551724137932; 0,0595549
1939; 0,013047682; 0,013047682; 29,5; 0,058764957
1940; 0,013047682; 0,013047682; 29,620689655172413; 0,059005376
1941; 0,013047682; 0,013047682; 30,017241379310345; 0,059795316
1942; 0,013047682; 0,013047682; 29,93103448275862; 0,059623588
1943; 0,013047682; 0,013047682; 29,879310344827587; 0,05952055
1944; 0,013047682; 0,013047682; 29,948275862068964; 0,05965794
1945; 0,013047682; 0,013047682; 28,96551724137931; 0,057700247
1946; 0,013047682; 0,013047682; 30,155172413793103; 0,060070083
1947; 0,013047682; 0,013047682; 29,913793103448278; 0,05958924
1948; 0,013047682; 0,013047682; 29,53448275862069; 0,05883365
1949; 0,013047682; 0,013047682; 29,189655172413794; 0,058146738
1950; 0,013047682; 0,013047682; 29,948275862068964; 0,059657935
1951; 0,013047682; 0,013047682; 30,0; 0,05976097
1952; 0,013047682; 0,013047682; 30,482758620689655; 0,06072264
1953; 0,013047682; 0,013047682; 29,844827586206897; 0,059451867
1954; 0,013047682; 0,013047682; 30,53448275862069; 0,060825676
1955; 0,013047682; 0,013047682; 30,43103448275862; 0,060619608
1956; 0,013047682; 0,013047682; 29,79310344827586; 0,05934883
1957; 0,013047682; 0,013047682; 29,93103448275862; 0,05962359
1958; 0,013047682; 0,013047682; 29,913793103448278; 0,05958924
1959; 0,013047682; 0,013047682; 29,603448275862068; 0,058971025
1960; 0,013047682; 0,013047682; 28,74137931034483; 0,057253756
1961; 0,013047682; 0,013047682; 29,5; 0,058764957
1962; 0,013047682; 0,013047682; 30,67241379310345; 0,061100446
1963; 0,013047682; 0,013047682; 29,724137931034484; 0,05921145
1964; 0,013047682; 0,013047682; 29,603448275862068; 0,05897102
1965; 0,013047682; 0,013047682; 29,79310344827586; 0,059348825
1966; 0,013047682; 0,013047682; 29,82758620689655; 0,059417523
1967; 0,013047682; 0,013047682; 29,051724137931036; 0,057871975
1968; 0,013047682; 0,013047682; 30,620689655172413; 0,060997408
1969; 0,013047682; 0,013047682; 29,82758620689655; 0,059417516
1970; 0,013047682; 0,013047682; 30,379310344827587; 0,060516573
1971; 0,013047682; 0,013047682; 29,24137931034483; 0,05824978
1972; 0,013047682; 0,013047682; 30,25862068965517; 0,06027615
1973; 0,013047682; 0,013047682; 29,982758620689655; 0,05972663
1974; 0,013047682; 0,013047682; 29,75862068965517; 0,05928013
1975; 0,013047682; 0,013047682; 29,810344827586206; 0,05938317
1976; 0,013047682; 0,013047682; 30,137931034482758; 0,060035735
1977; 0,013047682; 0,013047682; 29,82758620689655; 0,059417527
1978; 0,013047682; 0,013047682; 29,586206896551722; 0,05893668
1979; 0,013047682; 0,013047682; 30,655172413793103; 0,0610661
1980; 0,013047682; 0,013047682; 28,551724137931036; 0,05687596
1981; 0,013047682; 0,013047682; 29,155172413793103; 0,058078047
1982; 0,013047682; 0,013047682; 30,310344827586206; 0,06037919
1983; 0,013047682; 0,013047682; 29,655172413793103; 0,05907406
1984; 0,013047682; 0,013047682; 29,051724137931036; 0,057871975
1985; 0,013047682; 0,013047682; 29,56896551724138; 0,05890233
1986; 0,013047682; 0,013047682; 30,53448275862069; 0,06082568
1987; 0,013047682; 0,013047682; 30,53448275862069; 0,060825676
1988; 0,013047682; 0,013047682; 30,32758620689655; 0,060413532
1989; 0,013047682; 0,013047682; 29,844827586206897; 0,059451863
1990; 0,013047682; 0,013047682; 30,482758620689655; 0,06072264
1991; 0,013047682; 0,013047682; 30,482758620689655; 0,060722645
1992; 0,013047682; 0,013047682; 29,75862068965517; 0,059280135
1993; 0,013047682; 0,013047682; 30,275862068965516; 0,060310498
1994; 0,013047682; 0,013047682; 29,362068965517242; 0,058490198
1995; 0,013047682; 0,013047682; 30,086206896551722; 0,0599327
1996; 0,013047682; 0,013047682; 30,120689655172413; 0,060001396
1997; 0,013047682; 0,013047682; 30,120689655172413; 0,06000139
1998; 0,013047682; 0,013047682; 29,655172413793103; 0,05907406
1999; 0,013047682; 0,013047682; 30,06896551724138; 0,059898343
2000; 0,013047682; 0,013047682; 29,70689655172414; 0,059177104
2001; 0,013047682; 0,013047682; 30,344827586206897; 0,06044788
2002; 0,013047682; 0,013047682; 30,67241379310345; 0,06110044
2003; 0,013047682; 0,013047682; 29,82758620689655; 0,05941752
2004; 0,013047682; 0,013047682; 30,24137931034483; 0,060241804
2005; 0,013047682; 0,013047682; 28,913793103448278; 0,05759721
2006; 0,013047682; 0,013047682; 29,620689655172413; 0,05900537
2007; 0,013047682; 0,013047682; 30,06896551724138; 0,059898343
2008; 0,013047682; 0,013047682; 29,67241379310345; 0,059108406
2009; 0,013047682; 0,013047682; 30,67241379310345; 0,061100446
2010; 0,013047682; 0,013047682; 29,844827586206897; 0,05945186
2011; 0,013047682; 0,013047682; 29,655172413793103; 0,059074067
2012; 0,013047682; 0,013047682; 30,189655172413794; 0,060138773
2013; 0,013047682; 0,013047682; 29,948275862068964; 0,05965794
2014; 0,013047682; 0,013047682; 30,53448275862069; 0,060825676
2015; 0,013047682; 0,013047682; 30,155172413793103; 0,060070075
2016; 0,013047682; 0,013047682; 30,155172413793103; 0,060070083
2017; 0,013047682; 0,013047682; 29,67241379310345; 0,05910841
2018; 0,013047682; 0,013047682; 29,517241379310345; 0,058799297
2019; 0,013047682; 0,013047682; 29,224137931034484; 0,05821543
2020; 0,013047682; 0,013047682; 30,103448275862068; 0,059967045
2021; 0,013047682; 0,013047682; 30,362068965517242; 0,060482223
2022; 0,013047682; 0,013047682; 29,5; 0,058764957
2023; 0,013047682; 0,013047682; 29,637931034482758; 0,05903972
2024; 0,013047682; 0,013047682; 29,32758620689655; 0,058421504
2025; 0,013047682; 0,013047682; 30,20689655172414; 0,06017311
2026; 0,013047682; 0,013047682; 30,275862068965516; 0,06031051
2027; 0,013047682; 0,013047682; 29,82758620689655; 0,05941751
2028; 0,013047682; 0,013047682; 29,655172413793103; 0,059074067
2029; 0,013047682; 0,013047682; 28,56896551724138; 0,056910306
2030; 0,013047682; 0,013047682; 30,017241379310345; 0,059795316
2031; 0,013047682; 0,013047682; 29,120689655172413; 0,058009353
2032; 0,013047682; 0,013047682; 29,775862068965516; 0,059314474
2033; 0,013047682; 0,013047682; 29,448275862068964; 0,058661915
2034; 0,013047682; 0,013047682; 29,96551724137931; 0,05969228
2035; 0,013047682; 0,013047682; 30,17241379310345; 0,060104433
2036; 0,013047682; 0,013047682; 29,896551724137932; 0,059554897
2037; 0,013047682; 0,013047682; 30,103448275862068; 0,05996704
2038; 0,013047682; 0,013047682; 29,79310344827586; 0,05934883
2039; 0,013047682; 0,013047682; 29,862068965517242; 0,059486203
2040; 0,013047682; 0,013047682; 29,913793103448278; 0,059589244
2041; 0,013047682; 0,013047682; 29,344827586206897; 0,058455836
2042; 0,013047682; 0,013047682; 30,29310344827586; 0,06034484
2043; 0,013047682; 0,013047682; 30,586206896551722; 0,060928714
2044; 0,013047682; 0,013047682; 29,53448275862069; 0,05883364
2045; 0,013047682; 0,013047682; 29,620689655172413; 0,05900537
2046; 0,013047682; 0,013047682; 30,689655172413794; 0,061134793
2047; 0,013047682; 0,013047682; 29,879310344827587; 0,059520558
2048; 0,013047682; 0,013047682; 29,82758620689655; 0,059417516
2049; 0,013047682; 0,013047682; 29,93103448275862; 0,059623595
2050; 0,013047682; 0,013047682; 29,79310344827586; 0,059348825
2051; 0,013047682; 0,013047682; 30,20689655172414; 0,06017312
2052; 0,013047682; 0,013047682; 30,551724137931036; 0,060860023
2053; 0,013047682; 0,013047682; 29,775862068965516; 0,059314486
2054; 0,013047682; 0,013047682; 30,06896551724138; 0,059898347
2055; 0,013047682; 0,013047682; 29,79310344827586; 0,05934882
2056; 0,013047682; 0,013047682; 30,137931034482758; 0,060035728
2057; 0,013047682; 0,013047682; 29,655172413793103; 0,059074067
2058; 0,013047682; 0,013047682; 29,879310344827587; 0,059520554
2059; 0,013047682; 0,013047682; 29,482758620689655; 0,05873061
2060; 0,013047682; 0,013047682; 29,79310344827586; 0,05934883
2061; 0,013047682; 0,013047682; 30,103448275862068; 0,05996705
2062; 0,013047682; 0,013047682; 30,17241379310345; 0,060104422
2063; 0,013047682; 0,013047682; 29,79310344827586; 0,05934883
2064; 0,013047682; 0,013047682; 30,5; 0,06075699
2065; 0,013047682; 0,013047682; 30,344827586206897; 0,06044788
2066; 0,013047682; 0,013047682; 29,862068965517242; 0,059486214
2067; 0,013047682; 0,013047682; 30,29310344827586; 0,06034485
2068; 0,013047682; 0,013047682; 29,43103448275862; 0,05862758
2069; 0,013047682; 0,013047682; 29,620689655172413; 0,05900538
2070; 0,013047682; 0,013047682; 30,224137931034484; 0,060207464
2071; 0,013047682; 0,013047682; 30,396551724137932; 0,06055092
2072; 0,013047682; 0,013047682; 29,75862068965517; 0,059280135
2073; 0,013047682; 0,013047682; 29,017241379310345; 0,05780328
2074; 0,013047682; 0,013047682; 30,17241379310345; 0,060104426
2075; 0,013047682; 0,013047682; 29,724137931034484; 0,059211444
2076; 0,013047682; 0,013047682; 29,896551724137932; 0,059554897
2077; 0,013047682; 0,013047682; 30,637931034482758; 0,061031748
2078; 0,013047682; 0,013047682; 30,53448275862069; 0,060825672
2079; 0,013047682; 0,013047682; 29,70689655172414; 0,059177093
2080; 0,013047682; 0,013047682; 29,03448275862069; 0,05783763
2081; 0,013047682; 0,013047682; 29,46551724137931; 0,05869626
2082; 0,013047682; 0,013047682; 30,482758620689655; 0,060722638
2083; 0,013047682; 0,013047682; 29,82758620689655; 0,059417516
2084; 0,013047682; 0,013047682; 29,96551724137931; 0,05969228
2085; 0,013047682; 0,013047682; 29,120689655172413; 0,05800935
2086; 0,013047682; 0,013047682; 30,70689655172414; 0,061169133
2087; 0,013047682; 0,013047682; 29,82758620689655; 0,059417516
2088; 0,013047682; 0,013047682; 30,103448275862068; 0,059967045
2089; 0,013047682; 0,013047682; 30,189655172413794; 0,06013877
2090; 0,013047682; 0,013047682; 29,93103448275862; 0,05962359
2091; 0,013047682; 0,013047682; 30,20689655172414; 0,060173124
2092; 0,013047682; 0,013047682; 29,70689655172414; 0,059177093
2093; 0,013047682; 0,013047682; 30,0; 0,059760965
2094; 0,013047682; 0,013047682; 30,413793103448278; 0,06058526
2095; 0,013047682; 0,013047682; 30,224137931034484; 0,06020746
2096; 0,013047682; 0,013047682; 30,24137931034483; 0,06024181
2097; 0,013047682; 0,013047682; 29,655172413793103; 0,05907405
2098; 0,013047682; 0,013047682; 29,896551724137932; 0,059554897
2099; 0,013047682; 0,013047682; 30,03448275862069; 0,059829663
2100; 0,013047682; 0,013047682; 30,017241379310345; 0,059795316
2101; 0,013047682; 0,013047682; 29,362068965517242; 0,05849019
2102; 0,013047682; 0,013047682; 28,862068965517242; 0,05749417
2103; 0,013047682; 0,013047682; 30,17241379310345; 0,060104422
2104; 0,013047682; 0,013047682; 30,413793103448278; 0,060585264
2105; 0,013047682; 0,013047682; 30,0; 0,059760973
2106; 0,013047682; 0,013047682; 30,637931034482758; 0,061031748
2107; 0,013047682; 0,013047682; 29,75862068965517; 0,05928013
2108; 0,013047682; 0,013047682; 29,93103448275862; 0,059623595
2109; 0,013047682; 0,013047682; 30,17241379310345; 0,060104422
2110; 0,013047682; 0,013047682; 28,586206896551722; 0,05694465
2111; 0,013047682; 0,013047682; 30,344827586206897; 0,060447883
2112; 0,013047682; 0,013047682; 29,75862068965517; 0,05928013
2113; 0,013047682; 0,013047682; 29,46551724137931; 0,05869626
2114; 0,013047682; 0,013047682; 29,775862068965516; 0,059314482
2115; 0,013047682; 0,013047682; 30,413793103448278; 0,06058526
2116; 0,013047682; 0,013047682; 29,53448275862069; 0,058833644
2117; 0,013047682; 0,013047682; 30,75862068965517; 0,061272178
2118; 0,013047682; 0,013047682; 30,53448275862069; 0,060825676
2119; 0,013047682; 0,013047682; 29,655172413793103; 0,05907406
2120; 0,013047682; 0,013047682; 30,224137931034484; 0,060207464
2121; 0,013047682; 0,013047682; 29,96551724137931; 0,05969228
2122; 0,013047682; 0,013047682; 30,310344827586206; 0,060379185
2123; 0,013047682; 0,013047682; 30,155172413793103; 0,06007008
2124; 0,013047682; 0,013047682; 29,17241379310345; 0,05811239
2125; 0,013047682; 0,013047682; 30,24137931034483; 0,06024181
2126; 0,013047682; 0,013047682; 30,25862068965517; 0,06027615
2127; 0,013047682; 0,013047682; 30,051724137931036; 0,05986401
2128; 0,013047682; 0,013047682; 29,275862068965516; 0,05831846
2129; 0,013047682; 0,013047682; 30,24137931034483; 0,06024181
2130; 0,013047682; 0,013047682; 29,79310344827586; 0,059348825
2131; 0,013047682; 0,013047682; 29,413793103448278; 0,058593225
2132; 0,013047682; 0,013047682; 28,724137931034484; 0,057219416
2133; 0,013047682; 0,013047682; 30,051724137931036; 0,059864007
2134; 0,013047682; 0,013047682; 29,24137931034483; 0,058249775
2135; 0,013047682; 0,013047682; 30,67241379310345; 0,061100446
2136; 0,013047682; 0,013047682; 30,448275862068964; 0,06065395
2137; 0,013047682; 0,013047682; 30,275862068965516; 0,060310494
2138; 0,013047682; 0,013047682; 30,03448275862069; 0,05982966
2139; 0,013047682; 0,013047682; 29,724137931034484; 0,05921144
2140; 0,013047682; 0,013047682; 29,982758620689655; 0,059726626
2141; 0,013047682; 0,013047682; 29,913793103448278; 0,05958924
2142; 0,013047682; 0,013047682; 29,29310344827586; 0,058352806
2143; 0,013047682; 0,013047682; 30,24137931034483; 0,06024181
2144; 0,013047682; 0,013047682; 29,913793103448278; 0,059589244
2145; 0,013047682; 0,013047682; 30,137931034482758; 0,06003574
2146; 0,013047682; 0,013047682; 29,5; 0,05876495
2147; 0,013047682; 0,013047682; 30,20689655172414; 0,06017311
2148; 0,013047682; 0,013047682; 30,137931034482758; 0,060035735
2149; 0,013047682; 0,013047682; 29,896551724137932; 0,0595549
2150; 0,013047682; 0,013047682; 30,120689655172413; 0,06000139
2151; 0,013047682; 0,013047682; 30,051724137931036; 0,05986401
2152; 0,013047682; 0,013047682; 29,74137931034483; 0,05924578
2153; 0,013047682; 0,013047682; 30,32758620689655; 0,060413536
2154; 0,013047682; 0,013047682; 29,482758620689655; 0,05873061
2155; 0,013047682; 0,013047682; 30,29310344827586; 0,06034484
2156; 0,013047682; 0,013047682; 30,344827586206897; 0,060447887
2157; 0,013047682; 0,013047682; 29,362068965517242; 0,058490198
2158; 0,013047682; 0,013047682; 30,224137931034484; 0,06020746
2159; 0,013047682; 0,013047682; 29,896551724137932; 0,059554894
2160; 0,013047682; 0,013047682; 30,017241379310345; 0,059795313
2161; 0,013047682; 0,013047682; 29,586206896551722; 0,058936685
2162; 0,013047682; 0,013047682; 29,155172413793103; 0,05807804
2163; 0,013047682; 0,013047682; 28,46551724137931; 0,056704227
2164; 0,013047682; 0,013047682; 30,275862068965516; 0,060310498
2165; 0,013047682; 0,013047682; 30,0; 0,05976097
2166; 0,013047682; 0,013047682; 29,879310344827587; 0,059520554
2167; 0,013047682; 0,013047682; 30,051724137931036; 0,05986401
2168; 0,013047682; 0,013047682; 29,724137931034484; 0,059211444
2169; 0,013047682; 0,013047682; 29,413793103448278; 0,05859323
2170; 0,013047682; 0,013047682; 30,086206896551722; 0,0599327
2171; 0,013047682; 0,013047682; 30,689655172413794; 0,06113479
2172; 0,013047682; 0,013047682; 30,103448275862068; 0,059967045
2173; 0,013047682; 0,013047682; 30,25862068965517; 0,060276147
2174; 0,013047682; 0,013047682; 29,086206896551722; 0,057940666
2175; 0,013047682; 0,013047682; 29,913793103448278; 0,059589237
2176; 0,013047682; 0,013047682; 29,70689655172414; 0,059177097
2177; 0,013047682; 0,013047682; 30,482758620689655; 0,060722653
2178; 0,013047682; 0,013047682; 29,79310344827586; 0,059348825
2179; 0,013047682; 0,013047682; 28,913793103448278; 0,05759721
2180; 0,013047682; 0,013047682; 29,413793103448278; 0,058593232
2181; 0,013047682; 0,013047682; 29,46551724137931; 0,058696274
2182; 0,013047682; 0,013047682; 29,79310344827586; 0,059348825
2183; 0,013047682; 0,013047682; 29,75862068965517; 0,059280142
2184; 0,013047682; 0,013047682; 30,0; 0,059760965
2185; 0,013047682; 0,013047682; 30,56896551724138; 0,060894366
2186; 0,013047682; 0,013047682; 29,448275862068964; 0,058661923
2187; 0,013047682; 0,013047682; 29,775862068965516; 0,05931448
2188; 0,013047682; 0,013047682; 29,96551724137931; 0,059692275
2189; 0,013047682; 0,013047682; 30,344827586206897; 0,06044788
2190; 0,013047682; 0,013047682; 30,120689655172413; 0,06000139
2191; 0,013047682; 0,013047682; 29,93103448275862; 0,059623595
2192; 0,013047682; 0,013047682; 30,155172413793103; 0,06007008
2193; 0,013047682; 0,013047682; 29,689655172413794; 0,059142753
2194; 0,013047682; 0,013047682; 29,93103448275862; 0,059623584
2195; 0,013047682; 0,013047682; 30,189655172413794; 0,060138777
2196; 0,013047682; 0,013047682; 30,103448275862068; 0,05996704
2197; 0,013047682; 0,013047682; 29,810344827586206; 0,05938318
2198; 0,013047682; 0,013047682; 28,879310344827587; 0,057528522
2199; 0,013047682; 0,013047682; 29,810344827586206; 0,05938317
2200; 0,013047682; 0,013047682; 30,0; 0,05976097
2201; 0,013047682; 0,013047682; 29,879310344827587; 0,05952055
2202; 0,013047682; 0,013047682; 30,06896551724138; 0,059898354
2203; 0,013047682; 0,013047682; 30,310344827586206; 0,060379192
2204; 0,013047682; 0,013047682; 30,43103448275862; 0,060619604
2205; 0,013047682; 0,013047682; 29,93103448275862; 0,059623588
2206; 0,013047682; 0,013047682; 29,844827586206897; 0,059451867
2207; 0,013047682; 0,013047682; 29,120689655172413; 0,05800935
2208; 0,013047682; 0,013047682; 30,051724137931036; 0,059864007
2209; 0,013047682; 0,013047682; 30,24137931034483; 0,060241807
2210; 0,013047682; 0,013047682; 30,43103448275862; 0,060619608
2211; 0,013047682; 0,013047682; 29,46551724137931; 0,05869627
2212; 0,013047682; 0,013047682; 29,96551724137931; 0,059692275
2213; 0,013047682; 0,013047682; 30,5; 0,06075699
2214; 0,013047682; 0,013047682; 29,879310344827587; 0,059520558
2215; 0,013047682; 0,013047682; 29,93103448275862; 0,05962359
2216; 0,013047682; 0,013047682; 30,586206896551722; 0,060928725
2217; 0,013047682; 0,013047682; 30,344827586206897; 0,060447883
2218; 0,013047682; 0,013047682; 30,06896551724138; 0,05989835
2219; 0,013047682; 0,013047682; 29,775862068965516; 0,059314482
2220; 0,013047682; 0,013047682; 29,775862068965516; 0,059314482
2221; 0,013047682; 0,013047682; 29,689655172413794; 0,059142757
2222; 0,013047682; 0,013047682; 29,517241379310345; 0,058799297
2223; 0,013047682; 0,013047682; 30,5; 0,060756985
2224; 0,013047682; 0,013047682; 30,24137931034483; 0,060241807
2225; 0,013047682; 0,013047682; 29,75862068965517; 0,059280135
2226; 0,013047682; 0,013047682; 30,448275862068964; 0,060653955
2227; 0,013047682; 0,013047682; 29,396551724137932; 0,058558885
2228; 0,013047682; 0,013047682; 29,586206896551722; 0,05893669
2229; 0,013047682; 0,013047682; 29,724137931034484; 0,059211444
2230; 0,013047682; 0,013047682; 29,982758620689655; 0,05972663
2231; 0,013047682; 0,013047682; 30,43103448275862; 0,060619608
2232; 0,013047682; 0,013047682; 29,982758620689655; 0,059726626
2233; 0,013047682; 0,013047682; 30,25862068965517; 0,060276154
2234; 0,013047682; 0,013047682; 30,620689655172413; 0,060997408
2235; 0,013047682; 0,013047682; 30,25862068965517; 0,060276154
2236; 0,013047682; 0,013047682; 30,103448275862068; 0,059967034
2237; 0,013047682; 0,013047682; 29,53448275862069; 0,058833648
2238; 0,013047682; 0,013047682; 30,46551724137931; 0,0606883
2239; 0,013047682; 0,013047682; 30,120689655172413; 0,06000139
2240; 0,013047682; 0,013047682; 30,603448275862068; 0,060963064
2241; 0,013047682; 0,013047682; 29,79310344827586; 0,05934883
2242; 0,013047682; 0,013047682; 30,275862068965516; 0,060310498
2243; 0,013047682; 0,013047682; 30,20689655172414; 0,06017312
2244; 0,013047682; 0,013047682; 29,74137931034483; 0,05924579
2245; 0,013047682; 0,013047682; 29,82758620689655; 0,059417512
2246; 0,013047682; 0,013047682; 29,810344827586206; 0,059383176
2247; 0,013047682; 0,013047682; 30,482758620689655; 0,06072264
2248; 0,013047682; 0,013047682; 29,586206896551722; 0,05893668
2249; 0,013047682; 0,013047682; 30,67241379310345; 0,061100446
2250; 0,013047682; 0,013047682; 29,93103448275862; 0,059623584
2251; 0,013047682; 0,013047682; 30,0; 0,059760973
2252; 0,013047682; 0,013047682; 30,379310344827587; 0,06051657
2253; 0,013047682; 0,013047682; 29,655172413793103; 0,059074067
2254; 0,013047682; 0,013047682; 29,655172413793103; 0,059074067
2255; 0,013047682; 0,013047682; 30,448275862068964; 0,060653947
2256; 0,013047682; 0,013047682; 30,24137931034483; 0,060241804
2257; 0,013047682; 0,013047682; 29,775862068965516; 0,059314474
2258; 0,013047682; 0,013047682; 30,06896551724138; 0,059898347
2259; 0,013047682; 0,013047682; 30,06896551724138; 0,05989835
2260; 0,013047682; 0,013047682; 30,03448275862069; 0,05982967
2261; 0,013047682; 0,013047682; 30,06896551724138; 0,05989835
2262; 0,013047682; 0,013047682; 29,25862068965517; 0,05828412
2263; 0,013047682; 0,013047682; 29,844827586206897; 0,059451867
2264; 0,013047682; 0,013047682; 29,655172413793103; 0,059074048
2265; 0,013047682; 0,013047682; 30,362068965517242; 0,060482226
2266; 0,013047682; 0,013047682; 30,344827586206897; 0,060447883
2267; 0,013047682; 0,013047682; 29,655172413793103; 0,059074074
2268; 0,013047682; 0,013047682; 29,67241379310345; 0,059108406
2269; 0,013047682; 0,013047682; 29,275862068965516; 0,058318466
2270; 0,013047682; 0,013047682; 30,086206896551722; 0,0599327
2271; 0,013047682; 0,013047682; 28,74137931034483; 0,057253756
2272; 0,013047682; 0,013047682; 30,0; 0,059760954
2273; 0,013047682; 0,013047682; 30,103448275862068; 0,05996704
2274; 0,013047682; 0,013047682; 29,32758620689655; 0,058421496
2275; 0,013047682; 0,013047682; 30,275862068965516; 0,06031049
2276; 0,013047682; 0,013047682; 29,844827586206897; 0,059451863
2277; 0,013047682; 0,013047682; 29,362068965517242; 0,058490198
2278; 0,013047682; 0,013047682; 29,75862068965517; 0,059280142
2279; 0,013047682; 0,013047682; 28,96551724137931; 0,057700235
2280; 0,013047682; 0,013047682; 30,17241379310345; 0,060104422
2281; 0,013047682; 0,013047682; 29,775862068965516; 0,059314482
2282; 0,013047682; 0,013047682; 29,93103448275862; 0,05962359
2283; 0,013047682; 0,013047682; 29,948275862068964; 0,05965793
2284; 0,013047682; 0,013047682; 30,310344827586206; 0,060379185
2285; 0,013047682; 0,013047682; 29,913793103448278; 0,05958924
2286; 0,013047682; 0,013047682; 30,137931034482758; 0,060035735
2287; 0,013047682; 0,013047682; 29,775862068965516; 0,059314482
2288; 0,013047682; 0,013047682; 29,982758620689655; 0,059726626
2289; 0,013047682; 0,013047682; 30,189655172413794; 0,060138773
2290; 0,013047682; 0,013047682; 30,086206896551722; 0,059932698
2291; 0,013047682; 0,013047682; 30,0; 0,059760973
2292; 0,013047682; 0,013047682; 29,96551724137931; 0,05969228
2293; 0,013047682; 0,013047682; 29,637931034482758; 0,059039716
2294; 0,013047682; 0,013047682; 30,70689655172414; 0,061169136
2295; 0,013047682; 0,013047682; 30,43103448275862; 0,060619604
2296; 0,013047682; 0,013047682; 29,96551724137931; 0,059692286
2297; 0,013047682; 0,013047682; 30,46551724137931; 0,0606883
2298; 0,013047682; 0,013047682; 30,0; 0,059760965
2299; 0,013047682; 0,013047682; 30,224137931034484; 0,060207456
2300; 0,013047682; 0,013047682; 30,29310344827586; 0,060344845
2301; 0,013047682; 0,013047682; 29,775862068965516; 0,059314482
2302; 0,013047682; 0,013047682; 29,275862068965516; 0,05831846
2303; 0,013047682; 0,013047682; 29,70689655172414; 0,059177093
2304; 0,013047682; 0,013047682; 29,482758620689655; 0,05873061
2305; 0,013047682; 0,013047682; 30,655172413793103; 0,061066095
2306; 0,013047682; 0,013047682; 30,120689655172413; 0,06000139
2307; 0,013047682; 0,013047682; 30,189655172413794; 0,06013878
2308; 0,013047682; 0,013047682; 30,25862068965517; 0,060276154
2309; 0,013047682; 0,013047682; 29,82758620689655; 0,059417512
2310; 0,013047682; 0,013047682; 29,5; 0,058764946
2311; 0,013047682; 0,013047682; 30,17241379310345; 0,060104422
2312; 0,013047682; 0,013047682; 30,051724137931036; 0,059864007
2313; 0,013047682; 0,013047682; 30,17241379310345; 0,06010442
2314; 0,013047682; 0,013047682; 30,310344827586206; 0,06037919
2315; 0,013047682; 0,013047682; 30,379310344827587; 0,060516562
2316; 0,013047682; 0,013047682; 30,120689655172413; 0,06000139
2317; 0,013047682; 0,013047682; 30,551724137931036; 0,060860027
2318; 0,013047682; 0,013047682; 29,67241379310345; 0,059108406
2319; 0,013047682; 0,013047682; 30,03448275862069; 0,059829663
2320; 0,013047682; 0,013047682; 30,24137931034483; 0,060241807
2321; 0,013047682; 0,013047682; 30,051724137931036; 0,059864003
2322; 0,013047682; 0,013047682; 30,603448275862068; 0,060963064
2323; 0,013047682; 0,013047682; 30,689655172413794; 0,061134785
2324; 0,013047682; 0,013047682; 30,29310344827586; 0,060344845
2325; 0,013047682; 0,013047682; 30,086206896551722; 0,05993271
2326; 0,013047682; 0,013047682; 29,32758620689655; 0,0584215
2327; 0,013047682; 0,013047682; 29,24137931034483; 0,05824978
2328; 0,013047682; 0,013047682; 29,775862068965516; 0,059314486
2329; 0,013047682; 0,013047682; 29,43103448275862; 0,058627576
2330; 0,013047682; 0,013047682; 30,17241379310345; 0,060104433
2331; 0,013047682; 0,013047682; 29,93103448275862; 0,059623588
2332; 0,013047682; 0,013047682; 29,96551724137931; 0,05969228
2333; 0,013047682; 0,013047682; 29,96551724137931; 0,059692275
2334; 0,013047682; 0,013047682; 30,724137931034484; 0,061203476
2335; 0,013047682; 0,013047682; 29,620689655172413; 0,05900538
2336; 0,013047682; 0,013047682; 30,724137931034484; 0,061203476
2337; 0,013047682; 0,013047682; 29,29310344827586; 0,058352817
2338; 0,013047682; 0,013047682; 29,775862068965516; 0,05931448
2339; 0,013047682; 0,013047682; 29,224137931034484; 0,05821543
2340; 0,013047682; 0,013047682; 30,086206896551722; 0,0599327
2341; 0,013047682; 0,013047682; 30,017241379310345; 0,059795324
2342; 0,013047682; 0,013047682; 30,06896551724138; 0,05989835
2343; 0,013047682; 0,013047682; 29,620689655172413; 0,059005372
2344; 0,013047682; 0,013047682; 30,120689655172413; 0,06000139
2345; 0,013047682; 0,013047682; 29,93103448275862; 0,05962359
2346; 0,013047682; 0,013047682; 29,93103448275862; 0,059623584
2347; 0,013047682; 0,013047682; 30,43103448275862; 0,060619608
2348; 0,013047682; 0,013047682; 30,482758620689655; 0,060722638
2349; 0,013047682; 0,013047682; 30,051724137931036; 0,059864007
2350; 0,013047682; 0,013047682; 30,103448275862068; 0,05996705
2351; 0,013047682; 0,013047682; 30,586206896551722; 0,060928717
2352; 0,013047682; 0,013047682; 29,43103448275862; 0,058627572
2353; 0,013047682; 0,013047682; 30,344827586206897; 0,06044788
2354; 0,013047682; 0,013047682; 29,948275862068964; 0,05965794
2355; 0,013047682; 0,013047682; 30,275862068965516; 0,060310494
2356; 0,013047682; 0,013047682; 30,620689655172413; 0,06099741
2357; 0,013047682; 0,013047682; 30,086206896551722; 0,059932705
2358; 0,013047682; 0,013047682; 29,810344827586206; 0,05938318
2359; 0,013047682; 0,013047682; 30,137931034482758; 0,060035735
2360; 0,013047682; 0,013047682; 29,775862068965516; 0,05931448
2361; 0,013047682; 0,013047682; 30,20689655172414; 0,06017312
2362; 0,013047682; 0,013047682; 29,79310344827586; 0,05934883
2363; 0,013047682; 0,013047682; 29,913793103448278; 0,05958924
2364; 0,013047682; 0,013047682; 29,70689655172414; 0,059177093
2365; 0,013047682; 0,013047682; 29,810344827586206; 0,059383176
2366; 0,013047682; 0,013047682; 30,06896551724138; 0,05989836
2367; 0,013047682; 0,013047682; 30,051724137931036; 0,059864007
2368; 0,013047682; 0,013047682; 30,06896551724138; 0,059898347
2369; 0,013047682; 0,013047682; 29,551724137931036; 0,058867987
2370; 0,013047682; 0,013047682; 29,775862068965516; 0,059314482
2371; 0,013047682; 0,013047682; 30,224137931034484; 0,06020746
2372; 0,013047682; 0,013047682; 30,086206896551722; 0,059932698
2373; 0,013047682; 0,013047682; 29,086206896551722; 0,057940666
2374; 0,013047682; 0,013047682; 29,96551724137931; 0,059692286
2375; 0,013047682; 0,013047682; 29,43103448275862; 0,05862758
2376; 0,013047682; 0,013047682; 29,0; 0,05776894
2377; 0,013047682; 0,013047682; 30,137931034482758; 0,060035735
2378; 0,013047682; 0,013047682; 30,43103448275862; 0,060619604
2379; 0,013047682; 0,013047682; 29,810344827586206; 0,059383158
2380; 0,013047682; 0,013047682; 29,82758620689655; 0,059417516
2381; 0,013047682; 0,013047682; 30,482758620689655; 0,06072264
2382; 0,013047682; 0,013047682; 30,06896551724138; 0,05989835
2383; 0,013047682; 0,013047682; 30,620689655172413; 0,060997408
2384; 0,013047682; 0,013047682; 30,06896551724138; 0,05989836
2385; 0,013047682; 0,013047682; 29,93103448275862; 0,059623595
2386; 0,013047682; 0,013047682; 29,517241379310345; 0,058799304
2387; 0,013047682; 0,013047682; 30,413793103448278; 0,060585264
2388; 0,013047682; 0,013047682; 30,0; 0,05976097
2389; 0,013047682; 0,013047682; 29,982758620689655; 0,05972663
2390; 0,013047682; 0,013047682; 29,75862068965517; 0,05928013
2391; 0,013047682; 0,013047682; 30,689655172413794; 0,06113479
2392; 0,013047682; 0,013047682; 30,17241379310345; 0,060104426
2393; 0,013047682; 0,013047682; 29,93103448275862; 0,059623577
2394; 0,013047682; 0,013047682; 30,32758620689655; 0,06041353
2395; 0,013047682; 0,013047682; 30,32758620689655; 0,060413536
2396; 0,013047682; 0,013047682; 30,24137931034483; 0,06024181
2397; 0,013047682; 0,013047682; 30,43103448275862; 0,060619596
2398; 0,013047682; 0,013047682; 30,25862068965517; 0,060276154
2399; 0,013047682; 0,013047682; 29,724137931034484; 0,059211448
2400; 0,013047682; 0,013047682; 29,310344827586206; 0,058387157
2401; 0,013047682; 0,013047682; 29,844827586206897; 0,05945186
2402; 0,013047682; 0,013047682; 30,137931034482758; 0,06003574
2403; 0,013047682; 0,013047682; 30,275862068965516; 0,060310505
2404; 0,013047682; 0,013047682; 29,724137931034484; 0,059211444
2405; 0,013047682; 0,013047682; 30,620689655172413; 0,060997408
2406; 0,013047682; 0,013047682; 30,17241379310345; 0,060104422
2407; 0,013047682; 0,013047682; 29,448275862068964; 0,058661915
2408; 0,013047682; 0,013047682; 29,53448275862069; 0,058833644
2409; 0,013047682; 0,013047682; 30,275862068965516; 0,060310505
2410; 0,013047682; 0,013047682; 30,29310344827586; 0,06034484
2411; 0,013047682; 0,013047682; 30,24137931034483; 0,06024181
2412; 0,013047682; 0,013047682; 29,517241379310345; 0,058799297
2413; 0,013047682; 0,013047682; 28,896551724137932; 0,057562865
2414; 0,013047682; 0,013047682; 29,844827586206897; 0,05945186
2415; 0,013047682; 0,013047682; 30,413793103448278; 0,06058526
2416; 0,013047682; 0,013047682; 30,379310344827587; 0,06051657
2417; 0,013047682; 0,013047682; 30,310344827586206; 0,06037918
2418; 0,013047682; 0,013047682; 30,5; 0,060756993
2419; 0,013047682; 0,013047682; 30,20689655172414; 0,06017311
2420; 0,013047682; 0,013047682; 29,93103448275862; 0,059623595
2421; 0,013047682; 0,013047682; 30,310344827586206; 0,060379192
2422; 0,013047682; 0,013047682; 29,46551724137931; 0,058696266
2423; 0,013047682; 0,013047682; 30,620689655172413; 0,060997408
2424; 0,013047682; 0,013047682; 30,155172413793103; 0,060070083
2425; 0,013047682; 0,013047682; 29,29310344827586; 0,058352813
2426; 0,013047682; 0,013047682; 29,982758620689655; 0,05972663
2427; 0,013047682; 0,013047682; 30,06896551724138; 0,059898354
2428; 0,013047682; 0,013047682; 29,53448275862069; 0,058833644
2429; 0,013047682; 0,013047682; 30,29310344827586; 0,060344845
2430; 0,013047682; 0,013047682; 29,862068965517242; 0,059486207
2431; 0,013047682; 0,013047682; 29,637931034482758; 0,059039723
2432; 0,013047682; 0,013047682; 29,620689655172413; 0,059005372
2433; 0,013047682; 0,013047682; 30,0; 0,059760973
2434; 0,013047682; 0,013047682; 29,982758620689655; 0,05972663
2435; 0,013047682; 0,013047682; 30,56896551724138; 0,06089437
2436; 0,013047682; 0,013047682; 29,56896551724138; 0,058902342
2437; 0,013047682; 0,013047682; 30,482758620689655; 0,060722645
2438; 0,013047682; 0,013047682; 30,517241379310345; 0,06079133
2439; 0,013047682; 0,013047682; 30,086206896551722; 0,059932686
2440; 0,013047682; 0,013047682; 30,189655172413794; 0,060138773
2441; 0,013047682; 0,013047682; 29,810344827586206; 0,05938317
2442; 0,013047682; 0,013047682; 28,93103448275862; 0,057631556
2443; 0,013047682; 0,013047682; 30,25862068965517; 0,060276154
2444; 0,013047682; 0,013047682; 30,189655172413794; 0,06013875
2445; 0,013047682; 0,013047682; 30,70689655172414; 0,061169136
2446; 0,013047682; 0,013047682; 29,844827586206897; 0,059451867
2447; 0,013047682; 0,013047682; 28,379310344827587; 0,056532506
2448; 0,013047682; 0,013047682; 29,551724137931036; 0,058867995
2449; 0,013047682; 0,013047682; 29,67241379310345; 0,05910841
2450; 0,013047682; 0,013047682; 30,396551724137932; 0,060550917
2451; 0,013047682; 0,013047682; 29,913793103448278; 0,059589244
2452; 0,013047682; 0,013047682; 29,982758620689655; 0,05972663
2453; 0,013047682; 0,013047682; 29,655172413793103; 0,05907407
2454; 0,013047682; 0,013047682; 30,43103448275862; 0,060619604
2455; 0,013047682; 0,013047682; 29,79310344827586; 0,05934883
2456; 0,013047682; 0,013047682; 29,93103448275862; 0,05962359
2457; 0,013047682; 0,013047682; 30,17241379310345; 0,060104422
2458; 0,013047682; 0,013047682; 30,5; 0,060756996
2459; 0,013047682; 0,013047682; 29,620689655172413; 0,059005376
2460; 0,013047682; 0,013047682; 29,948275862068964; 0,059657935
2461; 0,013047682; 0,013047682; 29,32758620689655; 0,058421504
2462; 0,013047682; 0,013047682; 30,620689655172413; 0,060997404
2463; 0,013047682; 0,013047682; 29,75862068965517; 0,059280142
2464; 0,013047682; 0,013047682; 30,379310344827587; 0,060516573
2465; 0,013047682; 0,013047682; 29,82758620689655; 0,059417516
2466; 0,013047682; 0,013047682; 30,103448275862068; 0,05996705
2467; 0,013047682; 0,013047682; 29,913793103448278; 0,059589237
2468; 0,013047682; 0,013047682; 30,189655172413794; 0,060138773
2469; 0,013047682; 0,013047682; 29,32758620689655; 0,058421496
2470; 0,013047682; 0,013047682; 30,25862068965517; 0,060276154
2471; 0,013047682; 0,013047682; 29,413793103448278; 0,05859323
2472; 0,013047682; 0,013047682; 28,43103448275862; 0,056635536
2473; 0,013047682; 0,013047682; 29,32758620689655; 0,0584215
2474; 0,013047682; 0,013047682; 29,862068965517242; 0,059486207
2475; 0,013047682; 0,013047682; 29,344827586206897; 0,058455836
2476; 0,013047682; 0,013047682; 30,43103448275862; 0,060619608
2477; 0,013047682; 0,013047682; 29,844827586206897; 0,05945186
2478; 0,013047682; 0,013047682; 30,017241379310345; 0,059795313
2479; 0,013047682; 0,013047682; 29,67241379310345; 0,059108403
2480; 0,013047682; 0,013047682; 29,724137931034484; 0,059211444
2481; 0,013047682; 0,013047682; 30,24137931034483; 0,06024181
2482; 0,013047682; 0,013047682; 29,310344827586206; 0,058387153
2483; 0,013047682; 0,013047682; 29,689655172413794; 0,05914275
2484; 0,013047682; 0,013047682; 30,344827586206897; 0,060447887
2485; 0,013047682; 0,013047682; 29,603448275862068; 0,05897102
2486; 0,013047682; 0,013047682; 30,0; 0,059760973
2487; 0,013047682; 0,013047682; 30,396551724137932; 0,060550917
2488; 0,013047682; 0,013047682; 30,086206896551722; 0,059932694
2489; 0,013047682; 0,013047682; 30,051724137931036; 0,059864007
2490; 0,013047682; 0,013047682; 29,517241379310345; 0,058799308
2491; 0,013047682; 0,013047682; 29,56896551724138; 0,058902334
2492; 0,013047682; 0,013047682; 29,517241379310345; 0,058799297
2493; 0,013047682; 0,013047682; 29,879310344827587; 0,059520554
2494; 0,013047682; 0,013047682; 29,586206896551722; 0,058936685
2495; 0,013047682; 0,013047682; 30,155172413793103; 0,060070083
2496; 0,013047682; 0,013047682; 29,74137931034483; 0,059245795
2497; 0,013047682; 0,013047682; 30,29310344827586; 0,06034484
2498; 0,013047682; 0,013047682; 30,137931034482758; 0,06003573
2499; 0,013047682; 0,013047682; 29,982758620689655; 0,059726633
2500; 0,013047682; 0,013047682; 30,29310344827586; 0,060344845
2501; 0,013047682; 0,013047682; 29,896551724137932; 0,0595549
2502; 0,013047682; 0,013047682; 30,17241379310345; 0,060104426
2503; 0,013047682; 0,013047682; 29,620689655172413; 0,059005376
2504; 0,013047682; 0,013047682; 30,396551724137932; 0,060550917
2505; 0,013047682; 0,013047682; 28,982758620689655; 0,057734586
2506; 0,013047682; 0,013047682; 28,689655172413794; 0,05715072
2507; 0,013047682; 0,013047682; 30,086206896551722; 0,059932698
2508; 0,013047682; 0,013047682; 29,810344827586206; 0,05938317
2509; 0,013047682; 0,013047682; 30,137931034482758; 0,06003573
2510; 0,013047682; 0,013047682; 30,67241379310345; 0,061100446
2511; 0,013047682; 0,013047682; 30,620689655172413; 0,060997408
2512; 0,013047682; 0,013047682; 30,517241379310345; 0,060791336
2513; 0,013047682; 0,013047682; 29,103448275862068; 0,057975017
2514; 0,013047682; 0,013047682; 29,17241379310345; 0,058112387
2515; 0,013047682; 0,013047682; 29,74137931034483; 0,05924579
2516; 0,013047682; 0,013047682; 29,137931034482758; 0,058043707
2517; 0,013047682; 0,013047682; 29,120689655172413; 0,05800935
2518; 0,013047682; 0,013047682; 30,0; 0,059760965
2519; 0,013047682; 0,013047682; 30,310344827586206; 0,060379185
2520; 0,013047682; 0,013047682; 29,93103448275862; 0,059623595
2521; 0,013047682; 0,013047682; 29,96551724137931; 0,05969228
2522; 0,013047682; 0,013047682; 29,75862068965517; 0,059280135
2523; 0,013047682; 0,013047682; 29,775862068965516; 0,059314482
2524; 0,013047682; 0,013047682; 30,20689655172414; 0,060173113
2525; 0,013047682; 0,013047682; 30,20689655172414; 0,06017312
2526; 0,013047682; 0,013047682; 28,0; 0,055776905
2527; 0,013047682; 0,013047682; 29,17241379310345; 0,058112387
2528; 0,013047682; 0,013047682; 30,586206896551722; 0,060928717
2529; 0,013047682; 0,013047682; 30,017241379310345; 0,059795313
2530; 0,013047682; 0,013047682; 29,879310344827587; 0,059520554
2531; 0,013047682; 0,013047682; 30,362068965517242; 0,060482223
2532; 0,013047682; 0,013047682; 30,79310344827586; 0,06134086
2533; 0,013047682; 0,013047682; 30,43103448275862; 0,060619615
2534; 0,013047682; 0,013047682; 30,344827586206897; 0,060447883
2535; 0,013047682; 0,013047682; 29,310344827586206; 0,058387157
2536; 0,013047682; 0,013047682; 30,67241379310345; 0,061100442
2537; 0,013047682; 0,013047682; 30,275862068965516; 0,060310498
2538; 0,013047682; 0,013047682; 30,103448275862068; 0,05996704
2539; 0,013047682; 0,013047682; 29,96551724137931; 0,059692286
2540; 0,013047682; 0,013047682; 29,448275862068964; 0,058661923
2541; 0,013047682; 0,013047682; 29,844827586206897; 0,059451863
2542; 0,013047682; 0,013047682; 30,189655172413794; 0,060138777
2543; 0,013047682; 0,013047682; 30,189655172413794; 0,06013876
2544; 0,013047682; 0,013047682; 29,913793103448278; 0,059589244
2545; 0,013047682; 0,013047682; 29,948275862068964; 0,05965794
2546; 0,013047682; 0,013047682; 29,913793103448278; 0,059589244
2547; 0,013047682; 0,013047682; 29,379310344827587; 0,058524523
2548; 0,013047682; 0,013047682; 29,82758620689655; 0,05941752
2549; 0,013047682; 0,013047682; 29,79310344827586; 0,05934882
2550; 0,013047682; 0,013047682; 29,879310344827587; 0,059520558
2551; 0,013047682; 0,013047682; 30,362068965517242; 0,060482223
2552; 0,013047682; 0,013047682; 30,120689655172413; 0,060001384
2553; 0,013047682; 0,013047682; 30,689655172413794; 0,06113479
2554; 0,013047682; 0,013047682; 30,17241379310345; 0,060104426
2555; 0,013047682; 0,013047682; 29,844827586206897; 0,059451863
2556; 0,013047682; 0,013047682; 28,103448275862068; 0,055982985
2557; 0,013047682; 0,013047682; 29,689655172413794; 0,05914275
2558; 0,013047682; 0,013047682; 30,413793103448278; 0,06058526
2559; 0,013047682; 0,013047682; 29,862068965517242; 0,059486207
2560; 0,013047682; 0,013047682; 29,82758620689655; 0,059417512
2561; 0,013047682; 0,013047682; 29,637931034482758; 0,059039716
2562; 0,013047682; 0,013047682; 30,06896551724138; 0,059898354
2563; 0,013047682; 0,013047682; 30,689655172413794; 0,061134785
2564; 0,013047682; 0,013047682; 29,5; 0,058764957
2565; 0,013047682; 0,013047682; 29,913793103448278; 0,05958924
2566; 0,013047682; 0,013047682; 29,93103448275862; 0,059623588
2567; 0,013047682; 0,013047682; 29,82758620689655; 0,059417523
2568; 0,013047682; 0,013047682; 30,017241379310345; 0,059795324
2569; 0,013047682; 0,013047682; 30,086206896551722; 0,0599327
2570; 0,013047682; 0,013047682; 30,448275862068964; 0,060653955
2571; 0,013047682; 0,013047682; 29,948275862068964; 0,059657935
2572; 0,013047682; 0,013047682; 30,086206896551722; 0,0599327
2573; 0,013047682; 0,013047682; 29,775862068965516; 0,05931448
2574; 0,013047682; 0,013047682; 29,67241379310345; 0,059108414
2575; 0,013047682; 0,013047682; 29,913793103448278; 0,05958924
2576; 0,013047682; 0,013047682; 29,43103448275862; 0,05862757
2577; 0,013047682; 0,013047682; 29,5; 0,058764957
2578; 0,013047682; 0,013047682; 30,517241379310345; 0,06079133
2579; 0,013047682; 0,013047682; 29,82758620689655; 0,059417516
2580; 0,013047682; 0,013047682; 30,413793103448278; 0,060585268
2581; 0,013047682; 0,013047682; 29,982758620689655; 0,059726626
2582; 0,013047682; 0,013047682; 29,75862068965517; 0,05928013
2583; 0,013047682; 0,013047682; 29,53448275862069; 0,058833644
2584; 0,013047682; 0,013047682; 30,103448275862068; 0,059967045
2585; 0,013047682; 0,013047682; 29,655172413793103; 0,059074067
2586; 0,013047682; 0,013047682; 29,56896551724138; 0,05890234
2587; 0,013047682; 0,013047682; 29,379310344827587; 0,058524534
2588; 0,013047682; 0,013047682; 29,551724137931036; 0,058867984
2589; 0,013047682; 0,013047682; 29,586206896551722; 0,058936685
2590; 0,013047682; 0,013047682; 29,93103448275862; 0,05962359
2591; 0,013047682; 0,013047682; 29,844827586206897; 0,059451867
2592; 0,013047682; 0,013047682; 29,724137931034484; 0,059211448
2593; 0,013047682; 0,013047682; 29,810344827586206; 0,05938317
2594; 0,013047682; 0,013047682; 29,396551724137932; 0,058558878
2595; 0,013047682; 0,013047682; 29,67241379310345; 0,059108406
2596; 0,013047682; 0,013047682; 29,982758620689655; 0,059726622
2597; 0,013047682; 0,013047682; 30,086206896551722; 0,0599327
2598; 0,013047682; 0,013047682; 29,724137931034484; 0,05921144
2599; 0,013047682; 0,013047682; 29,29310344827586; 0,05835282
2600; 0,013047682; 0,013047682; 30,620689655172413; 0,060997408
2601; 0,013047682; 0,013047682; 30,155172413793103; 0,06007008
2602; 0,013047682; 0,013047682; 29,96551724137931; 0,05969228
2603; 0,013047682; 0,013047682; 30,06896551724138; 0,059898347
2604; 0,013047682; 0,013047682; 29,810344827586206; 0,05938317
2605; 0,013047682; 0,013047682; 29,379310344827587; 0,058524538
2606; 0,013047682; 0,013047682; 30,5; 0,06075699
2607; 0,013047682; 0,013047682; 30,482758620689655; 0,060722634
2608; 0,013047682; 0,013047682; 30,637931034482758; 0,061031744
2609; 0,013047682; 0,013047682; 30,396551724137932; 0,06055092
2610; 0,013047682; 0,013047682; 30,29310344827586; 0,06034484
2611; 0,013047682; 0,013047682; 29,724137931034484; 0,05921144
2612; 0,013047682; 0,013047682; 30,120689655172413; 0,06000139
2613; 0,013047682; 0,013047682; 30,310344827586206; 0,06037918
2614; 0,013047682; 0,013047682; 29,75862068965517; 0,05928013
2615; 0,013047682; 0,013047682; 29,482758620689655; 0,058730613
2616; 0,013047682; 0,013047682; 29,051724137931036; 0,05787197
2617; 0,013047682; 0,013047682; 29,70689655172414; 0,059177097
2618; 0,013047682; 0,013047682; 30,25862068965517; 0,060276154
2619; 0,013047682; 0,013047682; 30,43103448275862; 0,060619608
2620; 0,013047682; 0,013047682; 29,67241379310345; 0,059108414
2621; 0,013047682; 0,013047682; 29,70689655172414; 0,059177097
2622; 0,013047682; 0,013047682; 30,396551724137932; 0,06055092
2623; 0,013047682; 0,013047682; 29,74137931034483; 0,059245784
2624; 0,013047682; 0,013047682; 30,103448275862068; 0,059967045
2625; 0,013047682; 0,013047682; 30,379310344827587; 0,06051657
2626; 0,013047682; 0,013047682; 30,051724137931036; 0,059864007
2627; 0,013047682; 0,013047682; 29,224137931034484; 0,05821543
2628; 0,013047682; 0,013047682; 29,70689655172414; 0,059177097
2629; 0,013047682; 0,013047682; 29,344827586206897; 0,05845585
2630; 0,013047682; 0,013047682; 30,448275862068964; 0,06065396
2631; 0,013047682; 0,013047682; 29,689655172413794; 0,059142753
2632; 0,013047682; 0,013047682; 30,25862068965517; 0,06027615
2633; 0,013047682; 0,013047682; 29,913793103448278; 0,059589244
2634; 0,013047682; 0,013047682; 29,82758620689655; 0,059417516
2635; 0,013047682; 0,013047682; 29,46551724137931; 0,05869627
2636; 0,013047682; 0,013047682; 30,051724137931036; 0,059864003
2637; 0,013047682; 0,013047682; 30,603448275862068; 0,06096306
2638; 0,013047682; 0,013047682; 29,620689655172413; 0,059005376
2639; 0,013047682; 0,013047682; 30,482758620689655; 0,06072264
2640; 0,013047682; 0,013047682; 30,137931034482758; 0,06003574
2641; 0,013047682; 0,013047682; 30,43103448275862; 0,0606196
2642; 0,013047682; 0,013047682; 29,017241379310345; 0,05780328
2643; 0,013047682; 0,013047682; 30,396551724137932; 0,06055092
2644; 0,013047682; 0,013047682; 30,29310344827586; 0,060344845
2645; 0,013047682; 0,013047682; 30,17241379310345; 0,060104426
2646; 0,013047682; 0,013047682; 30,896551724137932; 0,061546933
2647; 0,013047682; 0,013047682; 29,655172413793103; 0,05907406
2648; 0,013047682; 0,013047682; 30,103448275862068; 0,05996705
2649; 0,013047682; 0,013047682; 30,25862068965517; 0,06027615
2650; 0,013047682; 0,013047682; 29,75862068965517; 0,059280142
2651; 0,013047682; 0,013047682; 30,655172413793103; 0,0610661
2652; 0,013047682; 0,013047682; 29,948275862068964; 0,05965794
2653; 0,013047682; 0,013047682; 29,32758620689655; 0,058421496
2654; 0,013047682; 0,013047682; 29,155172413793103; 0,058078047
2655; 0,013047682; 0,013047682; 30,06896551724138; 0,059898354
2656; 0,013047682; 0,013047682; 29,517241379310345; 0,0587993
2657; 0,013047682; 0,013047682; 30,189655172413794; 0,060138766
2658; 0,013047682; 0,013047682; 30,189655172413794; 0,06013876
2659; 0,013047682; 0,013047682; 29,224137931034484; 0,05821543
2660; 0,013047682; 0,013047682; 30,379310344827587; 0,06051657
2661; 0,013047682; 0,013047682; 29,551724137931036; 0,058867984
2662; 0,013047682; 0,013047682; 30,413793103448278; 0,060585257
2663; 0,013047682; 0,013047682; 30,74137931034483; 0,061237823
2664; 0,013047682; 0,013047682; 29,655172413793103; 0,059074067
2665; 0,013047682; 0,013047682; 30,603448275862068; 0,060963064
2666; 0,013047682; 0,013047682; 30,24137931034483; 0,060241807
2667; 0,013047682; 0,013047682; 30,275862068965516; 0,060310494
2668; 0,013047682; 0,013047682; 29,75862068965517; 0,05928013
2669; 0,013047682; 0,013047682; 30,155172413793103; 0,060070083
2670; 0,013047682; 0,013047682; 29,655172413793103; 0,059074067
2671; 0,013047682; 0,013047682; 29,517241379310345; 0,0587993
2672; 0,013047682; 0,013047682; 29,655172413793103; 0,05907406
2673; 0,013047682; 0,013047682; 29,775862068965516; 0,05931448
2674; 0,013047682; 0,013047682; 29,53448275862069; 0,058833648
2675; 0,013047682; 0,013047682; 30,32758620689655; 0,060413536
2676; 0,013047682; 0,013047682; 30,25862068965517; 0,06027615
2677; 0,013047682; 0,013047682; 29,29310344827586; 0,058352802
2678; 0,013047682; 0,013047682; 30,017241379310345; 0,059795313
2679; 0,013047682; 0,013047682; 30,413793103448278; 0,06058526
2680; 0,013047682; 0,013047682; 29,396551724137932; 0,058558885
2681; 0,013047682; 0,013047682; 30,137931034482758; 0,060035735
2682; 0,013047682; 0,013047682; 29,93103448275862; 0,059623595
2683; 0,013047682; 0,013047682; 29,82758620689655; 0,059417516
2684; 0,013047682; 0,013047682; 28,70689655172414; 0,057185065
2685; 0,013047682; 0,013047682; 29,5; 0,058764946
2686; 0,013047682; 0,013047682; 29,53448275862069; 0,058833648
2687; 0,013047682; 0,013047682; 29,724137931034484; 0,05921144
2688; 0,013047682; 0,013047682; 30,310344827586206; 0,060379196
2689; 0,013047682; 0,013047682; 29,551724137931036; 0,058867995
2690; 0,013047682; 0,013047682; 29,637931034482758; 0,059039712
2691; 0,013047682; 0,013047682; 30,06896551724138; 0,05989835
2692; 0,013047682; 0,013047682; 30,413793103448278; 0,060585264
2693; 0,013047682; 0,013047682; 29,137931034482758; 0,058043696
2694; 0,013047682; 0,013047682; 29,275862068965516; 0,058318462
2695; 0,013047682; 0,013047682; 30,82758620689655; 0,061409555
2696; 0,013047682; 0,013047682; 29,862068965517242; 0,059486214
2697; 0,013047682; 0,013047682; 30,24137931034483; 0,060241815
2698; 0,013047682; 0,013047682; 30,551724137931036; 0,060860027
2699; 0,013047682; 0,013047682; 29,82758620689655; 0,059417516
2700; 0,013047682; 0,013047682; 30,155172413793103; 0,06007008
2701; 0,013047682; 0,013047682; 30,379310344827587; 0,06051657
2702; 0,013047682; 0,013047682; 28,913793103448278; 0,05759721
2703; 0,013047682; 0,013047682; 29,5; 0,05876495
2704; 0,013047682; 0,013047682; 30,448275862068964; 0,060653955
2705; 0,013047682; 0,013047682; 30,29310344827586; 0,06034484
2706; 0,013047682; 0,013047682; 29,25862068965517; 0,05828412
2707; 0,013047682; 0,013047682; 29,189655172413794; 0,058146738
2708; 0,013047682; 0,013047682; 30,517241379310345; 0,060791336
2709; 0,013047682; 0,013047682; 29,25862068965517; 0,05828412
2710; 0,013047682; 0,013047682; 30,137931034482758; 0,06003574
2711; 0,013047682; 0,013047682; 30,03448275862069; 0,059829667
2712; 0,013047682; 0,013047682; 30,103448275862068; 0,05996705
2713; 0,013047682; 0,013047682; 30,24137931034483; 0,060241804
2714; 0,013047682; 0,013047682; 30,0; 0,05976097
2715; 0,013047682; 0,013047682; 30,06896551724138; 0,05989836
2716; 0,013047682; 0,013047682; 29,344827586206897; 0,058455847
2717; 0,013047682; 0,013047682; 29,56896551724138; 0,05890234
2718; 0,013047682; 0,013047682; 30,396551724137932; 0,060550917
2719; 0,013047682; 0,013047682; 30,5; 0,060756993
2720; 0,013047682; 0,013047682; 29,896551724137932; 0,0595549
2721; 0,013047682; 0,013047682; 29,75862068965517; 0,05928013
2722; 0,013047682; 0,013047682; 30,551724137931036; 0,060860023
2723; 0,013047682; 0,013047682; 30,344827586206897; 0,060447883
2724; 0,013047682; 0,013047682; 29,982758620689655; 0,059726622
2725; 0,013047682; 0,013047682; 29,67241379310345; 0,059108414
2726; 0,013047682; 0,013047682; 29,75862068965517; 0,059280142
2727; 0,013047682; 0,013047682; 30,03448275862069; 0,059829663
2728; 0,013047682; 0,013047682; 28,82758620689655; 0,057425488
2729; 0,013047682; 0,013047682; 29,810344827586206; 0,059383165
2730; 0,013047682; 0,013047682; 29,74137931034483; 0,05924579
2731; 0,013047682; 0,013047682; 30,120689655172413; 0,060001396
2732; 0,013047682; 0,013047682; 30,551724137931036; 0,060860027
2733; 0,013047682; 0,013047682; 29,448275862068964; 0,058661923
2734; 0,013047682; 0,013047682; 30,20689655172414; 0,060173117
2735; 0,013047682; 0,013047682; 29,551724137931036; 0,058867995
2736; 0,013047682; 0,013047682; 28,79310344827586; 0,057356793
2737; 0,013047682; 0,013047682; 29,879310344827587; 0,059520546
2738; 0,013047682; 0,013047682; 29,603448275862068; 0,05897102
2739; 0,013047682; 0,013047682; 29,379310344827587; 0,058524534
2740; 0,013047682; 0,013047682; 29,379310344827587; 0,058524538
2741; 0,013047682; 0,013047682; 29,724137931034484; 0,059211448
2742; 0,013047682; 0,013047682; 30,724137931034484; 0,06120348
2743; 0,013047682; 0,013047682; 28,96551724137931; 0,057700243
2744; 0,013047682; 0,013047682; 29,74137931034483; 0,05924579
2745; 0,013047682; 0,013047682; 29,93103448275862; 0,05962359
2746; 0,013047682; 0,013047682; 30,448275862068964; 0,060653955
2747; 0,013047682; 0,013047682; 30,448275862068964; 0,06065395
2748; 0,013047682; 0,013047682; 29,689655172413794; 0,05914275
2749; 0,013047682; 0,013047682; 29,56896551724138; 0,05890234
2750; 0,013047682; 0,013047682; 29,879310344827587; 0,059520554
2751; 0,013047682; 0,013047682; 30,32758620689655; 0,060413532
2752; 0,013047682; 0,013047682; 29,689655172413794; 0,05914275
2753; 0,013047682; 0,013047682; 29,586206896551722; 0,058936674
2754; 0,013047682; 0,013047682; 29,551724137931036; 0,058867995
2755; 0,013047682; 0,013047682; 30,517241379310345; 0,060791332
2756; 0,013047682; 0,013047682; 30,482758620689655; 0,060722638
2757; 0,013047682; 0,013047682; 29,96551724137931; 0,059692275
2758; 0,013047682; 0,013047682; 30,224137931034484; 0,06020746
2759; 0,013047682; 0,013047682; 30,275862068965516; 0,060310494
2760; 0,013047682; 0,013047682; 29,74137931034483; 0,05924579
2761; 0,013047682; 0,013047682; 30,79310344827586; 0,061340857
2762; 0,013047682; 0,013047682; 29,79310344827586; 0,059348825
2763; 0,013047682; 0,013047682; 30,482758620689655; 0,060722645
2764; 0,013047682; 0,013047682; 29,362068965517242; 0,058490198
2765; 0,013047682; 0,013047682; 30,051724137931036; 0,05986401
2766; 0,013047682; 0,013047682; 30,32758620689655; 0,060413532
2767; 0,013047682; 0,013047682; 29,189655172413794; 0,05814675
2768; 0,013047682; 0,013047682; 29,74137931034483; 0,05924579
2769; 0,013047682; 0,013047682; 29,810344827586206; 0,059383165
2770; 0,013047682; 0,013047682; 30,189655172413794; 0,06013877
2771; 0,013047682; 0,013047682; 29,137931034482758; 0,058043703
2772; 0,013047682; 0,013047682; 30,56896551724138; 0,060894374
2773; 0,013047682; 0,013047682; 29,862068965517242; 0,059486207
2774; 0,013047682; 0,013047682; 30,32758620689655; 0,060413532
2775; 0,013047682; 0,013047682; 30,25862068965517; 0,060276143
2776; 0,013047682; 0,013047682; 30,379310344827587; 0,06051657
2777; 0,013047682; 0,013047682; 29,56896551724138; 0,05890233
2778; 0,013047682; 0,013047682; 29,775862068965516; 0,05931448
2779; 0,013047682; 0,013047682; 30,224137931034484; 0,060207464
2780; 0,013047682; 0,013047682; 30,5; 0,06075699
2781; 0,013047682; 0,013047682; 29,655172413793103; 0,05907407
2782; 0,013047682; 0,013047682; 30,29310344827586; 0,060344845
2783; 0,013047682; 0,013047682; 29,448275862068964; 0,058661923
2784; 0,013047682; 0,013047682; 30,724137931034484; 0,06120347
2785; 0,013047682; 0,013047682; 29,896551724137932; 0,059554897
2786; 0,013047682; 0,013047682; 30,086206896551722; 0,059932698
2787; 0,013047682; 0,013047682; 29,655172413793103; 0,05907406
2788; 0,013047682; 0,013047682; 30,017241379310345; 0,059795316
2789; 0,013047682; 0,013047682; 29,948275862068964; 0,05965793
2790; 0,013047682; 0,013047682; 29,379310344827587; 0,05852453
2791; 0,013047682; 0,013047682; 29,551724137931036; 0,058868
2792; 0,013047682; 0,013047682; 30,24137931034483; 0,060241807
2793; 0,013047682; 0,013047682; 29,5; 0,058764942
2794; 0,013047682; 0,013047682; 29,844827586206897; 0,059451867
2795; 0,013047682; 0,013047682; 30,74137931034483; 0,061237823
2796; 0,013047682; 0,013047682; 30,189655172413794; 0,060138777
2797; 0,013047682; 0,013047682; 30,603448275862068; 0,060963064
2798; 0,013047682; 0,013047682; 29,46551724137931; 0,058696263
2799; 0,013047682; 0,013047682; 29,70689655172414; 0,059177104
2800; 0,013047682; 0,013047682; 29,310344827586206; 0,058387157
2801; 0,013047682; 0,013047682; 29,224137931034484; 0,058215424
2802; 0,013047682; 0,013047682; 29,655172413793103; 0,05907406
2803; 0,013047682; 0,013047682; 30,53448275862069; 0,060825676
2804; 0,013047682; 0,013047682; 30,224137931034484; 0,06020746
2805; 0,013047682; 0,013047682; 29,620689655172413; 0,05900537
2806; 0,013047682; 0,013047682; 29,879310344827587; 0,059520558
2807; 0,013047682; 0,013047682; 29,53448275862069; 0,058833648
2808; 0,013047682; 0,013047682; 30,17241379310345; 0,060104422
2809; 0,013047682; 0,013047682; 29,517241379310345; 0,0587993
2810; 0,013047682; 0,013047682; 30,017241379310345; 0,05979531
2811; 0,013047682; 0,013047682; 29,93103448275862; 0,05962359
2812; 0,013047682; 0,013047682; 30,29310344827586; 0,06034484
2813; 0,013047682; 0,013047682; 29,603448275862068; 0,05897102
2814; 0,013047682; 0,013047682; 29,844827586206897; 0,059451863
2815; 0,013047682; 0,013047682; 30,879310344827587; 0,06151259
2816; 0,013047682; 0,013047682; 30,155172413793103; 0,060070075
2817; 0,013047682; 0,013047682; 29,896551724137932; 0,059554905
2818; 0,013047682; 0,013047682; 29,20689655172414; 0,058181077
2819; 0,013047682; 0,013047682; 29,93103448275862; 0,059623595
2820; 0,013047682; 0,013047682; 29,637931034482758; 0,05903972
2821; 0,013047682; 0,013047682; 30,0; 0,059760965
2822; 0,013047682; 0,013047682; 29,224137931034484; 0,058215424
2823; 0,013047682; 0,013047682; 29,67241379310345; 0,059108406
2824; 0,013047682; 0,013047682; 29,655172413793103; 0,059074067
2825; 0,013047682; 0,013047682; 29,689655172413794; 0,05914275
2826; 0,013047682; 0,013047682; 30,655172413793103; 0,061066102
2827; 0,013047682; 0,013047682; 29,189655172413794; 0,058146738
2828; 0,013047682; 0,013047682; 29,913793103448278; 0,059589244
2829; 0,013047682; 0,013047682; 29,448275862068964; 0,05866191
2830; 0,013047682; 0,013047682; 30,137931034482758; 0,060035735
2831; 0,013047682; 0,013047682; 29,70689655172414; 0,059177093
2832; 0,013047682; 0,013047682; 29,982758620689655; 0,059726626
2833; 0,013047682; 0,013047682; 30,46551724137931; 0,0606883
2834; 0,013047682; 0,013047682; 29,93103448275862; 0,05962359
2835; 0,013047682; 0,013047682; 29,810344827586206; 0,05938317
2836; 0,013047682; 0,013047682; 29,79310344827586; 0,05934882
2837; 0,013047682; 0,013047682; 29,844827586206897; 0,059451863
2838; 0,013047682; 0,013047682; 30,32758620689655; 0,060413536
2839; 0,013047682; 0,013047682; 29,362068965517242; 0,058490194
2840; 0,013047682; 0,013047682; 30,29310344827586; 0,06034484
2841; 0,013047682; 0,013047682; 29,379310344827587; 0,058524534
2842; 0,013047682; 0,013047682; 30,29310344827586; 0,060344845
2843; 0,013047682; 0,013047682; 28,948275862068964; 0,0576659
2844; 0,013047682; 0,013047682; 29,56896551724138; 0,05890234
2845; 0,013047682; 0,013047682; 29,413793103448278; 0,058593232
2846; 0,013047682; 0,013047682; 29,896551724137932; 0,0595549
2847; 0,013047682; 0,013047682; 30,155172413793103; 0,060070083
2848; 0,013047682; 0,013047682; 29,96551724137931; 0,059692275
2849; 0,013047682; 0,013047682; 29,46551724137931; 0,058696266
2850; 0,013047682; 0,013047682; 30,448275862068964; 0,06065395
2851; 0,013047682; 0,013047682; 30,448275862068964; 0,06065395
2852; 0,013047682; 0,013047682; 30,06896551724138; 0,059898354
2853; 0,013047682; 0,013047682; 30,344827586206897; 0,060447883
2854; 0,013047682; 0,013047682; 30,20689655172414; 0,060173117
2855; 0,013047682; 0,013047682; 30,137931034482758; 0,06003574
2856; 0,013047682; 0,013047682; 30,120689655172413; 0,060001384
2857; 0,013047682; 0,013047682; 29,879310344827587; 0,05952055
2858; 0,013047682; 0,013047682; 29,0; 0,05776894
2859; 0,013047682; 0,013047682; 29,517241379310345; 0,0587993
2860; 0,013047682; 0,013047682; 30,603448275862068; 0,060963064
2861; 0,013047682; 0,013047682; 30,24137931034483; 0,060241807
2862; 0,013047682; 0,013047682; 29,896551724137932; 0,059554897
2863; 0,013047682; 0,013047682; 30,46551724137931; 0,060688294
2864; 0,013047682; 0,013047682; 30,120689655172413; 0,06000139
2865; 0,013047682; 0,013047682; 30,120689655172413; 0,06000139
2866; 0,013047682; 0,013047682; 30,517241379310345; 0,060791336
2867; 0,013047682; 0,013047682; 29,517241379310345; 0,0587993
2868; 0,013047682; 0,013047682; 29,517241379310345; 0,058799304
2869; 0,013047682; 0,013047682; 30,29310344827586; 0,06034484
2870; 0,013047682; 0,013047682; 28,46551724137931; 0,056704234
2871; 0,013047682; 0,013047682; 30,29310344827586; 0,060344845
2872; 0,013047682; 0,013047682; 30,017241379310345; 0,059795316
2873; 0,013047682; 0,013047682; 30,24137931034483; 0,06024181
2874; 0,013047682; 0,013047682; 30,655172413793103; 0,061066102
2875; 0,013047682; 0,013047682; 30,275862068965516; 0,060310498
2876; 0,013047682; 0,013047682; 30,06896551724138; 0,05989835
2877; 0,013047682; 0,013047682; 29,879310344827587; 0,059520558
2878; 0,013047682; 0,013047682; 29,82758620689655; 0,059417512
2879; 0,013047682; 0,013047682; 30,24137931034483; 0,06024181
2880; 0,013047682; 0,013047682; 29,620689655172413; 0,059005372
2881; 0,013047682; 0,013047682; 29,551724137931036; 0,05886798
2882; 0,013047682; 0,013047682; 29,862068965517242; 0,059486207
2883; 0,013047682; 0,013047682; 29,913793103448278; 0,05958924
2884; 0,013047682; 0,013047682; 30,24137931034483; 0,060241807
2885; 0,013047682; 0,013047682; 30,0; 0,059760977
2886; 0,013047682; 0,013047682; 30,051724137931036; 0,05986401
2887; 0,013047682; 0,013047682; 30,224137931034484; 0,060207456
2888; 0,013047682; 0,013047682; 29,29310344827586; 0,058352813
2889; 0,013047682; 0,013047682; 29,56896551724138; 0,05890234
2890; 0,013047682; 0,013047682; 29,913793103448278; 0,059589244
2891; 0,013047682; 0,013047682; 30,24137931034483; 0,060241804
2892; 0,013047682; 0,013047682; 29,155172413793103; 0,058078047
2893; 0,013047682; 0,013047682; 29,396551724137932; 0,058558874
2894; 0,013047682; 0,013047682; 30,24137931034483; 0,06024181
2895; 0,013047682; 0,013047682; 29,603448275862068; 0,058971033
2896; 0,013047682; 0,013047682; 30,224137931034484; 0,06020746
2897; 0,013047682; 0,013047682; 29,896551724137932; 0,0595549
2898; 0,013047682; 0,013047682; 30,103448275862068; 0,059967045
2899; 0,013047682; 0,013047682; 29,396551724137932; 0,058558885
2900; 0,013047682; 0,013047682; 29,82758620689655; 0,05941752
2901; 0,013047682; 0,013047682; 29,844827586206897; 0,05945186
2902; 0,013047682; 0,013047682; 29,896551724137932; 0,059554905
2903; 0,013047682; 0,013047682; 30,396551724137932; 0,060550913
2904; 0,013047682; 0,013047682; 29,982758620689655; 0,059726626
2905; 0,013047682; 0,013047682; 29,982758620689655; 0,05972663
2906; 0,013047682; 0,013047682; 30,20689655172414; 0,060173117
2907; 0,013047682; 0,013047682; 30,67241379310345; 0,06110044
2908; 0,013047682; 0,013047682; 30,03448275862069; 0,059829663
2909; 0,013047682; 0,013047682; 30,379310344827587; 0,060516573
2910; 0,013047682; 0,013047682; 29,775862068965516; 0,05931448
2911; 0,013047682; 0,013047682; 29,70689655172414; 0,059177097
2912; 0,013047682; 0,013047682; 30,310344827586206; 0,060379185
2913; 0,013047682; 0,013047682; 30,137931034482758; 0,060035735
2914; 0,013047682; 0,013047682; 28,896551724137932; 0,057562865
2915; 0,013047682; 0,013047682; 30,637931034482758; 0,06103174
2916; 0,013047682; 0,013047682; 30,482758620689655; 0,06072264
2917; 0,013047682; 0,013047682; 30,224137931034484; 0,06020746
2918; 0,013047682; 0,013047682; 29,517241379310345; 0,058799297
2919; 0,013047682; 0,013047682; 30,396551724137932; 0,06055092
2920; 0,013047682; 0,013047682; 29,620689655172413; 0,059005376
2921; 0,013047682; 0,013047682; 29,96551724137931; 0,059692286
2922; 0,013047682; 0,013047682; 29,224137931034484; 0,058215424
2923; 0,013047682; 0,013047682; 29,879310344827587; 0,05952056
2924; 0,013047682; 0,013047682; 30,32758620689655; 0,060413532
2925; 0,013047682; 0,013047682; 29,96551724137931; 0,05969229
2926; 0,013047682; 0,013047682; 29,982758620689655; 0,05972663
2927; 0,013047682; 0,013047682; 29,67241379310345; 0,05910841
2928; 0,013047682; 0,013047682; 30,20689655172414; 0,06017312
2929; 0,013047682; 0,013047682; 30,379310344827587; 0,060516566
2930; 0,013047682; 0,013047682; 30,03448275862069; 0,059829667
2931; 0,013047682; 0,013047682; 29,948275862068964; 0,059657935
2932; 0,013047682; 0,013047682; 29,70689655172414; 0,059177097
2933; 0,013047682; 0,013047682; 29,689655172413794; 0,05914275
2934; 0,013047682; 0,013047682; 30,120689655172413; 0,06000138
2935; 0,013047682; 0,013047682; 30,120689655172413; 0,060001384
2936; 0,013047682; 0,013047682; 29,96551724137931; 0,059692286
2937; 0,013047682; 0,013047682; 30,56896551724138; 0,060894366
2938; 0,013047682; 0,013047682; 29,896551724137932; 0,059554894
2939; 0,013047682; 0,013047682; 30,24137931034483; 0,06024181
2940; 0,013047682; 0,013047682; 30,56896551724138; 0,06089437
2941; 0,013047682; 0,013047682; 30,017241379310345; 0,059795313
2942; 0,013047682; 0,013047682; 30,362068965517242; 0,06048223
2943; 0,013047682; 0,013047682; 30,0; 0,059760977
2944; 0,013047682; 0,013047682; 30,53448275862069; 0,06082568
2945; 0,013047682; 0,013047682; 30,689655172413794; 0,06113478
2946; 0,013047682; 0,013047682; 29,810344827586206; 0,05938317
2947; 0,013047682; 0,013047682; 29,03448275862069; 0,05783763
2948; 0,013047682; 0,013047682; 30,120689655172413; 0,060001384
2949; 0,013047682; 0,013047682; 29,03448275862069; 0,057837628
2950; 0,013047682; 0,013047682; 30,344827586206897; 0,060447883
2951; 0,013047682; 0,013047682; 29,724137931034484; 0,059211448
2952; 0,013047682; 0,013047682; 29,29310344827586; 0,058352806
2953; 0,013047682; 0,013047682; 29,82758620689655; 0,05941752
2954; 0,013047682; 0,0122053195; 29,086206896551722; 0,057940654
2955; 0,0122053195; 0,0122053195; 29,517241379310345; 0,0587993
2956; 0,0122053195; 0,0122053195; 27,93103448275862; 0,05563953
2957; 0,0122053195; 0,0122053195; 22,655172413793103; 0,04512983
2958; 0,0122053195; 0,0122053195; 17,689655172413794; 0,035238355
2959; 0,0122053195; 0,006017959; 15,982758620689655; 0,031838167
