Iteration; Fitness nach Rekombination; Fitness nach Mutation; Anzahl aktiver Knoten; Anteil aktiver Knoten
1; 0,421875; 0,421875; 211,38095238095238; 0,032420393
2; 0,421875; 0,40625; 282,7142857142857; 0,043361083
3; 0,40625; 0,40625; 252,04761904761904; 0,03865761
4; 0,40625; 0,390625; 213,85714285714286; 0,03280017
5; 0,390625; 0,390625; 212,57142857142858; 0,03260298
6; 0,390625; 0,390625; 213,5952380952381; 0,032759998
7; 0,390625; 0,390625; 214,1904761904762; 0,0328513
8; 0,390625; 0,390625; 213,76190476190476; 0,03278557
9; 0,390625; 0,390625; 212,85714285714286; 0,032646798
10; 0,390625; 0,375; 212,76190476190476; 0,032632187
11; 0,375; 0,359375; 215,26190476190476; 0,033015627
12; 0,359375; 0,34375; 217,0; 0,033282205
13; 0,328125; 0,328125; 219,33333333333334; 0,033640083
14; 0,328125; 0,328125; 217,07142857142858; 0,03329317
15; 0,328125; 0,3125; 218,3095238095238; 0,033483062
16; 0,3125; 0,3125; 218,85714285714286; 0,033567052
17; 0,3125; 0,3125; 219,23809523809524; 0,03362548
18; 0,3125; 0,3125; 219,61904761904762; 0,03368391
19; 0,3125; 0,3125; 219,23809523809524; 0,03362548
20; 0,3125; 0,3125; 220,23809523809524; 0,033778854
21; 0,3125; 0,3125; 218,45238095238096; 0,033504974
22; 0,3125; 0,3125; 219,16666666666666; 0,033614527
23; 0,3125; 0,3125; 219,26190476190476; 0,033629134
24; 0,3125; 0,3125; 219,47619047619048; 0,033662003
25; 0,3125; 0,3125; 219,45238095238096; 0,033658344
26; 0,3125; 0,3125; 220,38095238095238; 0,033800766
27; 0,3125; 0,3125; 220,02380952380952; 0,033745993
28; 0,3125; 0,296875; 218,5952380952381; 0,033526883
29; 0,296875; 0,296875; 217,28571428571428; 0,033326034
30; 0,296875; 0,296875; 213,92857142857142; 0,032811124
31; 0,296875; 0,296875; 212,8095238095238; 0,03263949
32; 0,296875; 0,296875; 212,04761904761904; 0,03252263
33; 0,296875; 0,296875; 213,38095238095238; 0,032727133
34; 0,296875; 0,28125; 214,14285714285714; 0,032843992
35; 0,28125; 0,28125; 212,28571428571428; 0,03255915
36; 0,28125; 0,28125; 212,9047619047619; 0,0326541
37; 0,28125; 0,28125; 213,42857142857142; 0,03273444
38; 0,28125; 0,265625; 211,73809523809524; 0,03247516
39; 0,265625; 0,265625; 210,97619047619048; 0,03235831
40; 0,265625; 0,265625; 208,88095238095238; 0,032036956
41; 0,265625; 0,265625; 212,23809523809524; 0,03255185
42; 0,265625; 0,265625; 210,1904761904762; 0,032237798
43; 0,265625; 0,265625; 208,71428571428572; 0,032011393
44; 0,265625; 0,265625; 211,95238095238096; 0,032508034
45; 0,265625; 0,265625; 210,45238095238096; 0,032277968
46; 0,265625; 0,265625; 209,92857142857142; 0,03219763
47; 0,265625; 0,265625; 209,26190476190476; 0,03209538
48; 0,265625; 0,265625; 210,28571428571428; 0,03225241
49; 0,265625; 0,265625; 210,5952380952381; 0,032299884
50; 0,265625; 0,265625; 211,0; 0,03236196
51; 0,265625; 0,265625; 210,02380952380952; 0,03221224
52; 0,265625; 0,265625; 211,0952380952381; 0,03237656
53; 0,265625; 0,265625; 211,57142857142858; 0,032449603
54; 0,265625; 0,25; 209,71428571428572; 0,032164767
55; 0,25; 0,25; 211,85714285714286; 0,03249342
56; 0,25; 0,234375; 212,04761904761904; 0,03252265
57; 0,234375; 0,234375; 215,42857142857142; 0,033041187
58; 0,234375; 0,21875; 215,97619047619048; 0,03312518
59; 0,21875; 0,21875; 217,9047619047619; 0,033420973
60; 0,21875; 0,203125; 217,5; 0,033358894
61; 0,203125; 0,203125; 223,92857142857142; 0,03434487
62; 0,203125; 0,203125; 228,26190476190476; 0,035009492
63; 0,203125; 0,1875; 228,14285714285714; 0,03499123
64; 0,1875; 0,1875; 227,23809523809524; 0,034852464
65; 0,1875; 0,1875; 226,5; 0,03473926
66; 0,1875; 0,1875; 226,14285714285714; 0,03468449
67; 0,1875; 0,1875; 231,95238095238096; 0,035575524
68; 0,1875; 0,1875; 229,8095238095238; 0,03524686
69; 0,1875; 0,1875; 230,0; 0,035276074
70; 0,1875; 0,1875; 230,92857142857142; 0,035418496
71; 0,1875; 0,1875; 230,38095238095238; 0,0353345
72; 0,1875; 0,1875; 231,66666666666666; 0,035531703
73; 0,1875; 0,1875; 230,42857142857142; 0,03534181
74; 0,1875; 0,1875; 228,88095238095238; 0,035104446
75; 0,1875; 0,1875; 229,92857142857142; 0,035265125
76; 0,1875; 0,1875; 232,21428571428572; 0,035615698
77; 0,1875; 0,1875; 228,76190476190476; 0,035086185
78; 0,1875; 0,1875; 230,28571428571428; 0,0353199
79; 0,1875; 0,1875; 229,33333333333334; 0,03517383
80; 0,1875; 0,1875; 229,6904761904762; 0,035228603
81; 0,1875; 0,1875; 231,66666666666666; 0,0355317
82; 0,1875; 0,1875; 230,26190476190476; 0,035316247
83; 0,1875; 0,1875; 231,61904761904762; 0,0355244
84; 0,1875; 0,1875; 232,07142857142858; 0,03559378
85; 0,1875; 0,1875; 230,45238095238096; 0,03534546
86; 0,1875; 0,1875; 231,02380952380952; 0,035433102
87; 0,1875; 0,1875; 231,28571428571428; 0,03547327
88; 0,1875; 0,1875; 230,3095238095238; 0,035323553
89; 0,1875; 0,1875; 229,8095238095238; 0,035246864
90; 0,1875; 0,1875; 231,45238095238096; 0,035498835
91; 0,1875; 0,1875; 230,42857142857142; 0,035341807
92; 0,1875; 0,1875; 233,5952380952381; 0,0358275
93; 0,1875; 0,1875; 230,52380952380952; 0,035356417
94; 0,1875; 0,1875; 231,38095238095238; 0,035487883
95; 0,1875; 0,1875; 230,33333333333334; 0,035327204
96; 0,1875; 0,1875; 230,42857142857142; 0,03534181
97; 0,1875; 0,1875; 230,35714285714286; 0,035330854
98; 0,1875; 0,1875; 229,54761904761904; 0,035206694
99; 0,1875; 0,1875; 229,4047619047619; 0,035184786
100; 0,1875; 0,1875; 230,66666666666666; 0,035378326
101; 0,1875; 0,1875; 231,54761904761904; 0,035513442
102; 0,1875; 0,1875; 229,66666666666666; 0,035224956
103; 0,1875; 0,1875; 230,76190476190476; 0,035392933
104; 0,1875; 0,1875; 230,35714285714286; 0,03533085
105; 0,1875; 0,1875; 231,88095238095238; 0,035564568
106; 0,1875; 0,1875; 228,26190476190476; 0,035009496
107; 0,1875; 0,1875; 231,42857142857142; 0,035495184
108; 0,1875; 0,1875; 229,78571428571428; 0,035243213
109; 0,1875; 0,1875; 230,23809523809524; 0,035312597
110; 0,1875; 0,1875; 230,88095238095238; 0,035411194
111; 0,1875; 0,1875; 229,6904761904762; 0,035228603
112; 0,1875; 0,1875; 231,6904761904762; 0,035535354
113; 0,1875; 0,1875; 229,76190476190476; 0,035239562
114; 0,1875; 0,1875; 231,78571428571428; 0,03554996
115; 0,1875; 0,171875; 231,5952380952381; 0,03552074
116; 0,171875; 0,171875; 230,66666666666666; 0,035378326
117; 0,171875; 0,171875; 234,3095238095238; 0,03593705
118; 0,171875; 0,171875; 235,54761904761904; 0,036126934
119; 0,171875; 0,171875; 236,0; 0,03619632
120; 0,171875; 0,171875; 235,97619047619048; 0,03619267
121; 0,171875; 0,171875; 235,73809523809524; 0,036156155
122; 0,171875; 0,171875; 236,0952380952381; 0,036210928
123; 0,171875; 0,171875; 235,57142857142858; 0,03613059
124; 0,171875; 0,171875; 234,52380952380952; 0,035969913
125; 0,171875; 0,15625; 235,21428571428572; 0,036075816
126; 0,15625; 0,15625; 234,92857142857142; 0,03603199
127; 0,15625; 0,15625; 234,16666666666666; 0,03591514
128; 0,15625; 0,15625; 233,57142857142858; 0,035823848
129; 0,15625; 0,15625; 233,5; 0,035812892
130; 0,15625; 0,15625; 234,21428571428572; 0,03592244
131; 0,15625; 0,15625; 233,0; 0,035736207
132; 0,15625; 0,15625; 234,07142857142858; 0,035900533
133; 0,15625; 0,15625; 236,47619047619048; 0,03626936
134; 0,15625; 0,15625; 234,07142857142858; 0,03590053
135; 0,15625; 0,15625; 233,8095238095238; 0,035860367
136; 0,15625; 0,15625; 233,3095238095238; 0,03578367
137; 0,15625; 0,15625; 232,26190476190476; 0,035622995
138; 0,15625; 0,15625; 233,5; 0,035812892
139; 0,15625; 0,15625; 234,21428571428572; 0,035922445
140; 0,15625; 0,15625; 234,0; 0,035889573
141; 0,15625; 0,15625; 234,52380952380952; 0,035969917
142; 0,15625; 0,15625; 234,52380952380952; 0,035969917
143; 0,15625; 0,15625; 234,14285714285714; 0,035911486
144; 0,15625; 0,15625; 232,85714285714286; 0,03571429
145; 0,15625; 0,15625; 234,11904761904762; 0,03590784
146; 0,15625; 0,15625; 234,83333333333334; 0,036017388
147; 0,15625; 0,15625; 233,54761904761904; 0,035820194
148; 0,15625; 0,15625; 235,07142857142858; 0,03605391
149; 0,15625; 0,15625; 234,1904761904762; 0,03591879
150; 0,15625; 0,15625; 232,95238095238096; 0,0357289
151; 0,15625; 0,15625; 234,14285714285714; 0,03591149
152; 0,15625; 0,15625; 237,1904761904762; 0,036378913
153; 0,15625; 0,15625; 234,16666666666666; 0,035915144
154; 0,15625; 0,15625; 233,5; 0,035812896
155; 0,15625; 0,15625; 233,1904761904762; 0,035765417
156; 0,15625; 0,15625; 235,07142857142858; 0,036053907
157; 0,15625; 0,15625; 233,6904761904762; 0,035842102
158; 0,15625; 0,15625; 232,95238095238096; 0,0357289
159; 0,15625; 0,15625; 234,47619047619048; 0,03596261
160; 0,15625; 0,15625; 235,61904761904762; 0,036137898
161; 0,15625; 0,15625; 235,47619047619048; 0,03611598
162; 0,15625; 0,15625; 233,57142857142858; 0,03582384
163; 0,15625; 0,15625; 233,26190476190476; 0,035776373
164; 0,15625; 0,15625; 233,83333333333334; 0,035864014
165; 0,15625; 0,15625; 234,38095238095238; 0,03594801
166; 0,15625; 0,15625; 234,76190476190476; 0,036006436
167; 0,15625; 0,15625; 233,47619047619048; 0,03580924
168; 0,15625; 0,15625; 236,3095238095238; 0,0362438
169; 0,15625; 0,15625; 237,4047619047619; 0,036411777
170; 0,15625; 0,15625; 234,26190476190476; 0,035929747
171; 0,15625; 0,15625; 234,83333333333334; 0,036017388
172; 0,15625; 0,15625; 233,83333333333334; 0,035864014
173; 0,15625; 0,15625; 233,47619047619048; 0,035809238
174; 0,15625; 0,15625; 233,66666666666666; 0,03583845
175; 0,15625; 0,15625; 233,52380952380952; 0,035816543
176; 0,15625; 0,15625; 234,1904761904762; 0,03591879
177; 0,15625; 0,15625; 233,9047619047619; 0,03587497
178; 0,15625; 0,15625; 234,11904761904762; 0,035907835
179; 0,15625; 0,15625; 232,8095238095238; 0,03570699
180; 0,15625; 0,15625; 232,83333333333334; 0,03571064
181; 0,15625; 0,15625; 232,07142857142858; 0,035593785
182; 0,15625; 0,15625; 234,11904761904762; 0,035907835
183; 0,15625; 0,15625; 233,88095238095238; 0,03587132
184; 0,15625; 0,15625; 233,73809523809524; 0,03584941
185; 0,15625; 0,15625; 233,88095238095238; 0,03587132
186; 0,15625; 0,15625; 233,9047619047619; 0,03587497
187; 0,15625; 0,140625; 232,85714285714286; 0,03571429
188; 0,140625; 0,140625; 232,33333333333334; 0,03563395
189; 0,140625; 0,140625; 234,95238095238096; 0,036035646
190; 0,140625; 0,140625; 234,5; 0,035966262
191; 0,140625; 0,140625; 234,3095238095238; 0,03593705
192; 0,140625; 0,140625; 235,28571428571428; 0,036086768
193; 0,140625; 0,140625; 235,21428571428572; 0,03607582
194; 0,140625; 0,140625; 235,07142857142858; 0,036053907
195; 0,140625; 0,140625; 234,9047619047619; 0,036028344
196; 0,140625; 0,140625; 234,88095238095238; 0,036024693
197; 0,140625; 0,140625; 233,57142857142858; 0,035823844
198; 0,140625; 0,140625; 234,52380952380952; 0,035969917
199; 0,140625; 0,125; 234,95238095238096; 0,036035642
200; 0,125; 0,109375; 222,5952380952381; 0,034140382
201; 0,109375; 0,109375; 215,33333333333334; 0,033026583
202; 0,109375; 0,109375; 214,3095238095238; 0,03286956
203; 0,109375; 0,109375; 215,0; 0,03297546
204; 0,109375; 0,109375; 214,9047619047619; 0,03296085
205; 0,109375; 0,109375; 215,83333333333334; 0,03310327
206; 0,109375; 0,109375; 215,52380952380952; 0,033055797
207; 0,109375; 0,109375; 215,0; 0,032975454
208; 0,109375; 0,109375; 216,42857142857142; 0,033194564
209; 0,109375; 0,109375; 217,57142857142858; 0,033369847
210; 0,109375; 0,109375; 213,85714285714286; 0,032800175
211; 0,109375; 0,109375; 215,21428571428572; 0,033008326
212; 0,109375; 0,109375; 214,3095238095238; 0,03286956
213; 0,109375; 0,109375; 216,11904761904762; 0,033147093
214; 0,109375; 0,109375; 214,66666666666666; 0,032924335
215; 0,109375; 0,109375; 218,8095238095238; 0,03355974
216; 0,109375; 0,109375; 216,52380952380952; 0,03320917
217; 0,109375; 0,109375; 214,83333333333334; 0,032949902
218; 0,109375; 0,109375; 215,1904761904762; 0,03300467
219; 0,109375; 0,109375; 215,11904761904762; 0,032993715
220; 0,109375; 0,109375; 214,47619047619048; 0,032895118
221; 0,109375; 0,109375; 215,5952380952381; 0,033066753
222; 0,109375; 0,109375; 215,47619047619048; 0,033048492
223; 0,109375; 0,109375; 214,97619047619048; 0,032971807
224; 0,109375; 0,109375; 214,8095238095238; 0,032946248
225; 0,109375; 0,109375; 215,0952380952381; 0,032990064
226; 0,109375; 0,109375; 219,5; 0,033665642
227; 0,109375; 0,109375; 213,73809523809524; 0,032781914
228; 0,109375; 0,109375; 214,57142857142858; 0,032909725
229; 0,109375; 0,109375; 213,6904761904762; 0,032774612
230; 0,109375; 0,109375; 214,78571428571428; 0,032942593
231; 0,109375; 0,109375; 214,97619047619048; 0,03297181
232; 0,109375; 0,109375; 215,61904761904762; 0,033070404
233; 0,109375; 0,109375; 214,8095238095238; 0,032946244
234; 0,109375; 0,109375; 214,66666666666666; 0,032924335
235; 0,109375; 0,109375; 215,02380952380952; 0,03297911
236; 0,109375; 0,09375; 215,28571428571428; 0,033019282
237; 0,09375; 0,09375; 214,28571428571428; 0,032865908
238; 0,09375; 0,09375; 217,5; 0,033358898
239; 0,09375; 0,09375; 214,64285714285714; 0,032920685
240; 0,09375; 0,09375; 214,38095238095238; 0,032880515
241; 0,09375; 0,09375; 215,76190476190476; 0,033092316
242; 0,09375; 0,09375; 217,66666666666666; 0,033384465
243; 0,09375; 0,09375; 214,26190476190476; 0,03286226
244; 0,09375; 0,09375; 215,64285714285714; 0,03307406
245; 0,09375; 0,09375; 215,21428571428572; 0,03300833
246; 0,09375; 0,09375; 218,38095238095238; 0,033494014
247; 0,09375; 0,09375; 215,07142857142858; 0,032986414
248; 0,09375; 0,078125; 213,38095238095238; 0,03272714
249; 0,078125; 0,078125; 216,21428571428572; 0,033161703
250; 0,078125; 0,078125; 216,0952380952381; 0,033143442
251; 0,078125; 0,078125; 213,88095238095238; 0,032803826
252; 0,078125; 0,078125; 214,45238095238096; 0,03289147
253; 0,078125; 0,078125; 215,88095238095238; 0,033110578
254; 0,078125; 0,078125; 215,33333333333334; 0,033026583
255; 0,078125; 0,078125; 216,26190476190476; 0,033169
256; 0,078125; 0,078125; 213,66666666666666; 0,03277096
257; 0,078125; 0,078125; 215,02380952380952; 0,03297911
258; 0,078125; 0,078125; 214,8095238095238; 0,032946248
259; 0,078125; 0,078125; 215,26190476190476; 0,033015627
260; 0,078125; 0,078125; 215,97619047619048; 0,03312518
261; 0,078125; 0,078125; 216,16666666666666; 0,0331544
262; 0,078125; 0,078125; 214,33333333333334; 0,03287321
263; 0,078125; 0,078125; 213,88095238095238; 0,032803826
264; 0,078125; 0,078125; 215,14285714285714; 0,03299737
265; 0,078125; 0,078125; 215,85714285714286; 0,03310692
266; 0,078125; 0,078125; 216,66666666666666; 0,033231083
267; 0,078125; 0,078125; 215,66666666666666; 0,03307771
268; 0,078125; 0,078125; 217,0952380952381; 0,033296812
269; 0,078125; 0,078125; 214,97619047619048; 0,032971803
270; 0,078125; 0,078125; 215,3095238095238; 0,03302293
271; 0,078125; 0,078125; 215,38095238095238; 0,033033885
272; 0,078125; 0,078125; 213,8095238095238; 0,03279287
273; 0,078125; 0,078125; 213,21428571428572; 0,032701574
274; 0,078125; 0,078125; 216,14285714285714; 0,03315074
275; 0,078125; 0,078125; 214,4047619047619; 0,032884166
276; 0,078125; 0,078125; 214,6904761904762; 0,032927983
277; 0,078125; 0,078125; 216,02380952380952; 0,033132486
278; 0,078125; 0,078125; 215,5; 0,03305215
279; 0,078125; 0,078125; 220,1904761904762; 0,033771545
280; 0,078125; 0,078125; 216,64285714285714; 0,033227433
281; 0,078125; 0,078125; 217,47619047619048; 0,033355244
282; 0,078125; 0,078125; 214,5; 0,032898765
283; 0,078125; 0,078125; 215,64285714285714; 0,033074055
284; 0,078125; 0,078125; 217,73809523809524; 0,03339541
285; 0,078125; 0,078125; 212,61904761904762; 0,03261028
286; 0,078125; 0,078125; 214,21428571428572; 0,03285495
287; 0,078125; 0,078125; 213,73809523809524; 0,032781918
288; 0,078125; 0,078125; 215,04761904761904; 0,032982763
289; 0,078125; 0,078125; 214,71428571428572; 0,032931633
290; 0,078125; 0,078125; 214,71428571428572; 0,032931637
291; 0,078125; 0,078125; 215,97619047619048; 0,03312518
292; 0,078125; 0,078125; 215,26190476190476; 0,033015627
293; 0,078125; 0,078125; 215,45238095238096; 0,03304484
294; 0,078125; 0,078125; 218,6904761904762; 0,033541482
295; 0,078125; 0,078125; 214,21428571428572; 0,032854952
296; 0,078125; 0,078125; 215,23809523809524; 0,03301198
297; 0,078125; 0,078125; 214,71428571428572; 0,032931633
298; 0,078125; 0,078125; 213,9047619047619; 0,032807477
299; 0,078125; 0,078125; 214,45238095238096; 0,03289147
300; 0,078125; 0,078125; 216,1904761904762; 0,033158045
301; 0,078125; 0,078125; 215,0; 0,032975458
302; 0,078125; 0,078125; 217,78571428571428; 0,033402715
303; 0,078125; 0,078125; 214,97619047619048; 0,032971807
304; 0,078125; 0,078125; 215,16666666666666; 0,033001024
305; 0,078125; 0,078125; 217,33333333333334; 0,03333333
306; 0,078125; 0,078125; 212,54761904761904; 0,03259933
307; 0,078125; 0,078125; 216,78571428571428; 0,033249337
308; 0,078125; 0,078125; 216,35714285714286; 0,033183612
309; 0,078125; 0,078125; 215,61904761904762; 0,033070404
310; 0,078125; 0,078125; 215,23809523809524; 0,033011973
311; 0,078125; 0,078125; 214,21428571428572; 0,032854952
312; 0,078125; 0,078125; 215,38095238095238; 0,033033885
313; 0,078125; 0,078125; 215,0; 0,032975458
314; 0,078125; 0,078125; 215,61904761904762; 0,0330704
315; 0,078125; 0,078125; 215,52380952380952; 0,0330558
316; 0,078125; 0,078125; 218,61904761904762; 0,033530526
317; 0,078125; 0,078125; 215,16666666666666; 0,033001024
318; 0,078125; 0,078125; 217,02380952380952; 0,033285856
319; 0,078125; 0,078125; 214,35714285714286; 0,032876857
320; 0,078125; 0,078125; 213,71428571428572; 0,032778263
321; 0,078125; 0,078125; 218,16666666666666; 0,033461142
322; 0,078125; 0,078125; 215,14285714285714; 0,03299737
323; 0,078125; 0,078125; 214,97619047619048; 0,032971807
324; 0,078125; 0,078125; 215,45238095238096; 0,033044845
325; 0,078125; 0,078125; 215,23809523809524; 0,033011977
326; 0,078125; 0,078125; 215,83333333333334; 0,03310327
327; 0,078125; 0,078125; 214,54761904761904; 0,032906074
328; 0,078125; 0,078125; 214,33333333333334; 0,032873206
329; 0,078125; 0,078125; 214,71428571428572; 0,03293164
330; 0,078125; 0,078125; 215,57142857142858; 0,033063103
331; 0,078125; 0,078125; 217,57142857142858; 0,033369847
332; 0,078125; 0,078125; 215,28571428571428; 0,03301928
333; 0,078125; 0,078125; 215,83333333333334; 0,03310327
334; 0,078125; 0,078125; 210,83333333333334; 0,032336403
335; 0,078125; 0,078125; 214,33333333333334; 0,032873213
336; 0,078125; 0,078125; 215,07142857142858; 0,032986414
337; 0,078125; 0,078125; 215,45238095238096; 0,033044845
338; 0,078125; 0,078125; 215,71428571428572; 0,03308501
339; 0,078125; 0,078125; 214,92857142857142; 0,032964505
340; 0,078125; 0,078125; 218,23809523809524; 0,033472102
341; 0,078125; 0,078125; 216,61904761904762; 0,033223778
342; 0,078125; 0,078125; 217,23809523809524; 0,033318724
343; 0,078125; 0,078125; 216,78571428571428; 0,03324934
344; 0,078125; 0,078125; 214,83333333333334; 0,032949895
345; 0,078125; 0,078125; 215,88095238095238; 0,033110574
346; 0,078125; 0,078125; 213,88095238095238; 0,032803826
347; 0,078125; 0,078125; 215,14285714285714; 0,032997366
348; 0,078125; 0,078125; 214,71428571428572; 0,032931637
349; 0,078125; 0,078125; 215,88095238095238; 0,033110578
350; 0,078125; 0,078125; 217,0; 0,03328221
351; 0,078125; 0,078125; 215,14285714285714; 0,03299737
352; 0,078125; 0,078125; 215,14285714285714; 0,032997366
353; 0,078125; 0,078125; 214,92857142857142; 0,0329645
354; 0,078125; 0,078125; 218,4047619047619; 0,03349766
355; 0,078125; 0,078125; 214,38095238095238; 0,032880515
356; 0,078125; 0,078125; 214,66666666666666; 0,032924335
357; 0,078125; 0,078125; 212,16666666666666; 0,0325409
358; 0,078125; 0,078125; 216,95238095238096; 0,033274908
359; 0,078125; 0,078125; 215,14285714285714; 0,03299737
360; 0,078125; 0,078125; 214,6904761904762; 0,032927983
361; 0,078125; 0,078125; 213,85714285714286; 0,032800175
362; 0,078125; 0,078125; 219,92857142857142; 0,03373137
363; 0,078125; 0,078125; 215,16666666666666; 0,03300102
364; 0,078125; 0,078125; 218,21428571428572; 0,033468444
365; 0,078125; 0,078125; 212,88095238095238; 0,032650452
366; 0,078125; 0,078125; 216,26190476190476; 0,033169
367; 0,078125; 0,078125; 215,61904761904762; 0,033070404
368; 0,078125; 0,078125; 214,28571428571428; 0,032865904
369; 0,078125; 0,078125; 215,83333333333334; 0,03310327
370; 0,078125; 0,078125; 216,9047619047619; 0,0332676
371; 0,078125; 0,078125; 215,5; 0,033052146
372; 0,078125; 0,078125; 214,54761904761904; 0,032906078
373; 0,078125; 0,078125; 214,47619047619048; 0,032895118
374; 0,078125; 0,078125; 215,33333333333334; 0,033026583
375; 0,078125; 0,078125; 217,71428571428572; 0,033391763
376; 0,078125; 0,078125; 215,97619047619048; 0,03312518
377; 0,078125; 0,078125; 213,0; 0,03266871
378; 0,078125; 0,078125; 215,02380952380952; 0,032979112
379; 0,078125; 0,078125; 214,5952380952381; 0,03291338
380; 0,078125; 0,078125; 213,9047619047619; 0,032807477
381; 0,078125; 0,078125; 214,57142857142858; 0,03290973
382; 0,078125; 0,078125; 213,61904761904762; 0,032763656
383; 0,078125; 0,078125; 217,3095238095238; 0,033329684
384; 0,078125; 0,078125; 216,4047619047619; 0,033190917
385; 0,078125; 0,078125; 217,64285714285714; 0,033380806
386; 0,078125; 0,078125; 214,76190476190476; 0,032938942
387; 0,078125; 0,078125; 214,35714285714286; 0,032876864
388; 0,078125; 0,078125; 215,33333333333334; 0,033026583
389; 0,078125; 0,078125; 215,88095238095238; 0,033110574
390; 0,078125; 0,078125; 215,28571428571428; 0,03301928
391; 0,078125; 0,078125; 214,9047619047619; 0,03296085
392; 0,078125; 0,078125; 214,5; 0,03289877
393; 0,078125; 0,078125; 215,21428571428572; 0,033008322
394; 0,078125; 0,078125; 216,52380952380952; 0,03320917
395; 0,078125; 0,078125; 216,02380952380952; 0,033132486
396; 0,078125; 0,078125; 215,28571428571428; 0,033019282
397; 0,078125; 0,078125; 215,11904761904762; 0,032993715
398; 0,078125; 0,078125; 214,83333333333334; 0,032949895
399; 0,078125; 0,078125; 213,8095238095238; 0,03279287
400; 0,078125; 0,078125; 214,92857142857142; 0,03296451
401; 0,078125; 0,078125; 215,38095238095238; 0,03303389
402; 0,078125; 0,078125; 215,95238095238096; 0,033121526
403; 0,078125; 0,078125; 214,78571428571428; 0,032942593
404; 0,078125; 0,078125; 215,3095238095238; 0,033022933
405; 0,078125; 0,078125; 218,3095238095238; 0,033483054
406; 0,078125; 0,078125; 213,57142857142858; 0,03275635
407; 0,078125; 0,078125; 216,52380952380952; 0,033209175
408; 0,078125; 0,078125; 214,07142857142858; 0,03283304
409; 0,078125; 0,078125; 216,47619047619048; 0,033201866
410; 0,078125; 0,078125; 214,95238095238096; 0,032968152
411; 0,078125; 0,078125; 217,45238095238096; 0,033351593
412; 0,078125; 0,078125; 216,85714285714286; 0,033260297
413; 0,078125; 0,078125; 215,97619047619048; 0,03312518
414; 0,078125; 0,078125; 216,14285714285714; 0,033150747
415; 0,078125; 0,078125; 214,95238095238096; 0,032968156
416; 0,078125; 0,078125; 215,97619047619048; 0,03312518
417; 0,078125; 0,078125; 214,5; 0,03289877
418; 0,078125; 0,078125; 218,07142857142858; 0,033446535
419; 0,078125; 0,078125; 214,97619047619048; 0,032971807
420; 0,078125; 0,078125; 216,14285714285714; 0,033150747
421; 0,078125; 0,078125; 215,42857142857142; 0,033041194
422; 0,078125; 0,078125; 215,21428571428572; 0,033008322
423; 0,078125; 0,078125; 214,92857142857142; 0,032964505
424; 0,078125; 0,078125; 215,0952380952381; 0,032990064
425; 0,078125; 0,078125; 213,35714285714286; 0,032723486
426; 0,078125; 0,078125; 215,78571428571428; 0,033095967
427; 0,078125; 0,078125; 216,35714285714286; 0,033183616
428; 0,078125; 0,078125; 214,9047619047619; 0,03296085
429; 0,078125; 0,078125; 216,76190476190476; 0,03324569
430; 0,078125; 0,078125; 214,95238095238096; 0,032968156
431; 0,078125; 0,078125; 214,33333333333334; 0,03287321
432; 0,078125; 0,078125; 215,07142857142858; 0,032986417
433; 0,078125; 0,078125; 216,35714285714286; 0,03318361
434; 0,078125; 0,078125; 212,61904761904762; 0,03261028
435; 0,078125; 0,078125; 214,45238095238096; 0,03289147
436; 0,078125; 0,078125; 215,54761904761904; 0,033059448
437; 0,078125; 0,078125; 216,6904761904762; 0,033234734
438; 0,078125; 0,078125; 215,76190476190476; 0,033092313
439; 0,078125; 0,078125; 216,42857142857142; 0,033194564
440; 0,078125; 0,078125; 215,07142857142858; 0,032986414
441; 0,078125; 0,078125; 215,66666666666666; 0,03307771
442; 0,078125; 0,078125; 214,26190476190476; 0,03286226
443; 0,078125; 0,078125; 215,52380952380952; 0,0330558
444; 0,078125; 0,078125; 216,07142857142858; 0,033139788
445; 0,078125; 0,078125; 215,95238095238096; 0,03312153
446; 0,078125; 0,078125; 216,8095238095238; 0,033252995
447; 0,078125; 0,078125; 216,5; 0,033205517
448; 0,078125; 0,078125; 215,11904761904762; 0,032993715
449; 0,078125; 0,078125; 214,95238095238096; 0,032968156
450; 0,078125; 0,078125; 214,71428571428572; 0,03293164
451; 0,078125; 0,078125; 213,47619047619048; 0,032741744
452; 0,078125; 0,078125; 213,73809523809524; 0,032781918
453; 0,078125; 0,078125; 216,28571428571428; 0,033172652
454; 0,078125; 0,078125; 215,5; 0,033052143
455; 0,078125; 0,078125; 217,1904761904762; 0,033311423
456; 0,078125; 0,078125; 215,42857142857142; 0,033041187
457; 0,078125; 0,078125; 216,54761904761904; 0,033212826
458; 0,078125; 0,078125; 217,61904761904762; 0,033377156
459; 0,078125; 0,078125; 216,5; 0,033205524
460; 0,078125; 0,078125; 215,21428571428572; 0,03300832
461; 0,078125; 0,078125; 215,64285714285714; 0,033074055
462; 0,078125; 0,078125; 214,78571428571428; 0,032942593
463; 0,078125; 0,078125; 214,97619047619048; 0,032971807
464; 0,078125; 0,078125; 215,64285714285714; 0,03307406
465; 0,078125; 0,078125; 214,9047619047619; 0,03296085
466; 0,078125; 0,078125; 217,16666666666666; 0,033307772
467; 0,078125; 0,078125; 214,97619047619048; 0,032971807
468; 0,078125; 0,078125; 214,85714285714286; 0,03295354
469; 0,078125; 0,078125; 215,57142857142858; 0,0330631
470; 0,078125; 0,078125; 213,23809523809524; 0,03270523
471; 0,078125; 0,078125; 214,5952380952381; 0,032913376
472; 0,078125; 0,078125; 216,5952380952381; 0,033220127
473; 0,078125; 0,078125; 215,83333333333334; 0,03310327
474; 0,078125; 0,078125; 214,95238095238096; 0,032968152
475; 0,078125; 0,078125; 214,83333333333334; 0,032949895
476; 0,078125; 0,078125; 217,54761904761904; 0,033366196
477; 0,078125; 0,078125; 214,97619047619048; 0,032971807
478; 0,078125; 0,078125; 214,47619047619048; 0,032895118
479; 0,078125; 0,078125; 214,16666666666666; 0,032847647
480; 0,078125; 0,078125; 216,23809523809524; 0,033165347
481; 0,078125; 0,078125; 215,4047619047619; 0,033037536
482; 0,078125; 0,078125; 213,85714285714286; 0,032800168
483; 0,078125; 0,078125; 215,38095238095238; 0,03303389
484; 0,078125; 0,078125; 215,38095238095238; 0,03303389
485; 0,078125; 0,078125; 215,21428571428572; 0,03300833
486; 0,078125; 0,078125; 216,0; 0,033128835
487; 0,078125; 0,078125; 214,1904761904762; 0,032851297
488; 0,078125; 0,078125; 214,35714285714286; 0,03287686
489; 0,078125; 0,078125; 213,5; 0,0327454
490; 0,078125; 0,078125; 216,38095238095238; 0,03318726
491; 0,078125; 0,078125; 217,28571428571428; 0,03332603
492; 0,078125; 0,078125; 216,0; 0,033128835
493; 0,078125; 0,078125; 216,0; 0,03312883
494; 0,078125; 0,078125; 215,21428571428572; 0,033008326
495; 0,078125; 0,078125; 215,21428571428572; 0,033008326
496; 0,078125; 0,078125; 216,66666666666666; 0,033231087
497; 0,078125; 0,078125; 216,76190476190476; 0,033245686
498; 0,078125; 0,078125; 216,04761904761904; 0,033136137
499; 0,078125; 0,078125; 215,64285714285714; 0,033074055
500; 0,078125; 0,078125; 213,97619047619048; 0,032818433
501; 0,078125; 0,078125; 215,3095238095238; 0,033022933
502; 0,078125; 0,078125; 214,47619047619048; 0,032895118
503; 0,078125; 0,078125; 215,4047619047619; 0,03303754
504; 0,078125; 0,078125; 216,47619047619048; 0,033201866
505; 0,078125; 0,078125; 216,04761904761904; 0,033136137
506; 0,078125; 0,078125; 215,76190476190476; 0,033092316
507; 0,078125; 0,078125; 214,04761904761904; 0,032829396
508; 0,078125; 0,078125; 215,45238095238096; 0,033044845
509; 0,078125; 0,078125; 215,4047619047619; 0,033037536
510; 0,078125; 0,078125; 215,1904761904762; 0,03300467
511; 0,078125; 0,078125; 215,21428571428572; 0,033008326
512; 0,078125; 0,078125; 215,14285714285714; 0,03299737
513; 0,078125; 0,078125; 217,33333333333334; 0,03333333
514; 0,078125; 0,078125; 213,16666666666666; 0,032694273
515; 0,078125; 0,078125; 215,16666666666666; 0,033001017
516; 0,078125; 0,078125; 215,5; 0,033052146
517; 0,078125; 0,078125; 215,38095238095238; 0,03303389
518; 0,078125; 0,078125; 212,3095238095238; 0,03256281
519; 0,078125; 0,078125; 215,71428571428572; 0,03308501
520; 0,078125; 0,078125; 215,54761904761904; 0,033059448
521; 0,078125; 0,078125; 215,52380952380952; 0,0330558
522; 0,078125; 0,078125; 214,5952380952381; 0,03291338
523; 0,078125; 0,078125; 215,04761904761904; 0,03298276
524; 0,078125; 0,078125; 216,11904761904762; 0,03314709
525; 0,078125; 0,078125; 215,0; 0,032975458
526; 0,078125; 0,078125; 215,64285714285714; 0,033074055
527; 0,078125; 0,078125; 215,64285714285714; 0,03307406
528; 0,078125; 0,078125; 215,5; 0,033052154
529; 0,078125; 0,078125; 216,07142857142858; 0,03313979
530; 0,078125; 0,078125; 215,83333333333334; 0,03310327
531; 0,078125; 0,078125; 216,57142857142858; 0,033216473
532; 0,078125; 0,078125; 215,42857142857142; 0,033041187
533; 0,078125; 0,078125; 218,1904761904762; 0,033464793
534; 0,078125; 0,078125; 216,95238095238096; 0,033274904
535; 0,078125; 0,078125; 212,0952380952381; 0,032529943
536; 0,078125; 0,078125; 215,9047619047619; 0,033114225
537; 0,078125; 0,078125; 216,6904761904762; 0,033234734
538; 0,078125; 0,078125; 216,73809523809524; 0,03324204
539; 0,078125; 0,078125; 216,0; 0,033128835
540; 0,078125; 0,078125; 214,11904761904762; 0,03284034
541; 0,078125; 0,078125; 214,78571428571428; 0,032942593
542; 0,078125; 0,078125; 215,02380952380952; 0,032979105
543; 0,078125; 0,078125; 216,28571428571428; 0,033172652
544; 0,078125; 0,078125; 217,0952380952381; 0,033296816
545; 0,078125; 0,078125; 213,21428571428572; 0,032701578
546; 0,078125; 0,078125; 215,04761904761904; 0,032982763
547; 0,078125; 0,078125; 216,23809523809524; 0,033165347
548; 0,078125; 0,078125; 217,76190476190476; 0,033399064
549; 0,078125; 0,078125; 215,71428571428572; 0,033085015
550; 0,078125; 0,078125; 214,35714285714286; 0,03287686
551; 0,078125; 0,078125; 216,54761904761904; 0,033212822
552; 0,078125; 0,078125; 215,14285714285714; 0,032997366
553; 0,078125; 0,078125; 214,73809523809524; 0,03293529
554; 0,078125; 0,078125; 214,07142857142858; 0,03283304
555; 0,078125; 0,078125; 215,16666666666666; 0,03300102
556; 0,078125; 0,078125; 213,5952380952381; 0,032760005
557; 0,078125; 0,078125; 215,33333333333334; 0,033026583
558; 0,078125; 0,078125; 215,07142857142858; 0,032986414
559; 0,078125; 0,078125; 213,9047619047619; 0,032807477
560; 0,078125; 0,078125; 215,47619047619048; 0,033048492
561; 0,078125; 0,078125; 219,07142857142858; 0,033599913
562; 0,078125; 0,078125; 217,1904761904762; 0,03331142
563; 0,078125; 0,078125; 214,71428571428572; 0,032931637
564; 0,078125; 0,078125; 218,35714285714286; 0,03349036
565; 0,078125; 0,078125; 216,21428571428572; 0,033161696
566; 0,078125; 0,078125; 215,02380952380952; 0,032979112
567; 0,078125; 0,078125; 215,23809523809524; 0,033011973
568; 0,078125; 0,078125; 216,21428571428572; 0,0331617
569; 0,078125; 0,078125; 215,3095238095238; 0,03302293
570; 0,078125; 0,078125; 215,83333333333334; 0,03310327
571; 0,078125; 0,078125; 215,47619047619048; 0,033048496
572; 0,078125; 0,078125; 215,71428571428572; 0,03308501
573; 0,078125; 0,078125; 215,76190476190476; 0,033092313
574; 0,078125; 0,078125; 215,97619047619048; 0,03312518
575; 0,078125; 0,078125; 216,02380952380952; 0,033132486
576; 0,078125; 0,078125; 215,54761904761904; 0,033059448
577; 0,078125; 0,078125; 214,85714285714286; 0,032953545
578; 0,078125; 0,078125; 216,26190476190476; 0,033168998
579; 0,078125; 0,078125; 215,45238095238096; 0,033044845
580; 0,078125; 0,078125; 214,73809523809524; 0,032935288
581; 0,078125; 0,078125; 215,85714285714286; 0,03310692
582; 0,078125; 0,078125; 215,14285714285714; 0,03299737
583; 0,078125; 0,078125; 214,83333333333334; 0,032949895
584; 0,078125; 0,078125; 216,04761904761904; 0,033136137
585; 0,078125; 0,078125; 214,64285714285714; 0,03292068
586; 0,078125; 0,078125; 215,1904761904762; 0,03300467
587; 0,078125; 0,078125; 214,88095238095238; 0,032957204
588; 0,078125; 0,078125; 217,71428571428572; 0,033391763
589; 0,078125; 0,078125; 215,52380952380952; 0,0330558
590; 0,078125; 0,078125; 215,26190476190476; 0,033015627
591; 0,078125; 0,078125; 215,14285714285714; 0,03299737
592; 0,078125; 0,078125; 214,78571428571428; 0,03294259
593; 0,078125; 0,078125; 215,3095238095238; 0,033022933
594; 0,078125; 0,078125; 214,35714285714286; 0,03287686
595; 0,078125; 0,078125; 215,02380952380952; 0,03297911
596; 0,078125; 0,078125; 214,02380952380952; 0,03282574
597; 0,078125; 0,078125; 214,8095238095238; 0,032946248
598; 0,078125; 0,078125; 214,35714285714286; 0,03287686
599; 0,078125; 0,078125; 215,92857142857142; 0,03311788
600; 0,078125; 0,078125; 217,26190476190476; 0,033322375
601; 0,078125; 0,078125; 215,02380952380952; 0,032979112
602; 0,078125; 0,078125; 216,76190476190476; 0,03324569
603; 0,078125; 0,078125; 215,47619047619048; 0,033048492
604; 0,078125; 0,078125; 217,0; 0,033282205
605; 0,078125; 0,078125; 212,97619047619048; 0,032665055
606; 0,078125; 0,078125; 216,35714285714286; 0,033183604
607; 0,078125; 0,078125; 216,02380952380952; 0,033132486
608; 0,078125; 0,078125; 214,0; 0,032822087
609; 0,078125; 0,078125; 215,83333333333334; 0,03310327
610; 0,078125; 0,078125; 218,47619047619048; 0,033508617
611; 0,078125; 0,078125; 215,73809523809524; 0,033088665
612; 0,078125; 0,078125; 213,9047619047619; 0,032807477
613; 0,078125; 0,078125; 217,85714285714286; 0,03341367
614; 0,078125; 0,078125; 216,0; 0,03312883
615; 0,078125; 0,078125; 217,45238095238096; 0,033351593
616; 0,078125; 0,078125; 214,26190476190476; 0,032862257
617; 0,078125; 0,078125; 214,42857142857142; 0,032887813
618; 0,078125; 0,078125; 215,95238095238096; 0,033121534
619; 0,078125; 0,078125; 217,78571428571428; 0,03340272
620; 0,078125; 0,078125; 214,35714285714286; 0,03287686
621; 0,078125; 0,078125; 213,4047619047619; 0,03273079
622; 0,078125; 0,078125; 216,97619047619048; 0,033278555
623; 0,078125; 0,078125; 215,5952380952381; 0,033066757
624; 0,078125; 0,078125; 215,95238095238096; 0,033121526
625; 0,078125; 0,078125; 215,85714285714286; 0,03310692
626; 0,078125; 0,078125; 216,0; 0,03312883
627; 0,078125; 0,078125; 215,28571428571428; 0,033019274
628; 0,078125; 0,078125; 217,21428571428572; 0,03331507
629; 0,078125; 0,078125; 215,8095238095238; 0,03309962
630; 0,078125; 0,078125; 215,04761904761904; 0,03298277
631; 0,078125; 0,078125; 214,5; 0,03289877
632; 0,078125; 0,078125; 215,38095238095238; 0,03303389
633; 0,078125; 0,078125; 216,83333333333334; 0,033256643
634; 0,078125; 0,078125; 214,73809523809524; 0,03293529
635; 0,078125; 0,078125; 216,54761904761904; 0,03321283
636; 0,078125; 0,078125; 213,38095238095238; 0,032727137
637; 0,078125; 0,078125; 212,83333333333334; 0,032643147
638; 0,078125; 0,078125; 217,54761904761904; 0,033366196
639; 0,078125; 0,078125; 215,04761904761904; 0,03298276
640; 0,078125; 0,078125; 213,4047619047619; 0,032730788
641; 0,078125; 0,078125; 214,11904761904762; 0,03284034
642; 0,078125; 0,078125; 213,54761904761904; 0,032752704
643; 0,078125; 0,078125; 213,21428571428572; 0,032701574
644; 0,078125; 0,078125; 214,61904761904762; 0,03291703
645; 0,078125; 0,078125; 214,97619047619048; 0,032971807
646; 0,078125; 0,078125; 217,85714285714286; 0,033413675
647; 0,078125; 0,078125; 214,71428571428572; 0,032931637
648; 0,078125; 0,078125; 216,78571428571428; 0,03324934
649; 0,078125; 0,078125; 215,5; 0,033052146
650; 0,078125; 0,078125; 213,35714285714286; 0,03272349
651; 0,078125; 0,078125; 215,07142857142858; 0,032986414
652; 0,078125; 0,078125; 218,5952380952381; 0,03352687
653; 0,078125; 0,078125; 215,23809523809524; 0,033011977
654; 0,078125; 0,078125; 214,76190476190476; 0,03293894
655; 0,078125; 0,078125; 212,8095238095238; 0,032639496
656; 0,078125; 0,078125; 216,04761904761904; 0,033136137
657; 0,078125; 0,078125; 215,1904761904762; 0,03300467
658; 0,078125; 0,078125; 215,16666666666666; 0,03300102
659; 0,078125; 0,078125; 214,61904761904762; 0,03291703
660; 0,078125; 0,078125; 215,23809523809524; 0,03301198
661; 0,078125; 0,078125; 217,16666666666666; 0,033307772
662; 0,078125; 0,078125; 213,8095238095238; 0,032792866
663; 0,078125; 0,078125; 218,35714285714286; 0,033490356
664; 0,078125; 0,078125; 215,5952380952381; 0,033066757
665; 0,078125; 0,078125; 214,9047619047619; 0,03296085
666; 0,078125; 0,078125; 216,4047619047619; 0,033190913
667; 0,078125; 0,078125; 215,54761904761904; 0,033059448
668; 0,078125; 0,078125; 214,92857142857142; 0,032964505
669; 0,078125; 0,078125; 217,88095238095238; 0,033417325
670; 0,078125; 0,078125; 215,47619047619048; 0,033048492
671; 0,078125; 0,078125; 214,54761904761904; 0,032906078
672; 0,078125; 0,078125; 215,14285714285714; 0,032997366
673; 0,078125; 0,078125; 215,97619047619048; 0,03312518
674; 0,078125; 0,078125; 214,73809523809524; 0,03293529
675; 0,078125; 0,078125; 214,64285714285714; 0,03292068
676; 0,078125; 0,078125; 214,61904761904762; 0,03291703
677; 0,078125; 0,078125; 214,64285714285714; 0,03292068
678; 0,078125; 0,078125; 216,33333333333334; 0,033179957
679; 0,078125; 0,078125; 214,6904761904762; 0,032927983
680; 0,078125; 0,078125; 214,8095238095238; 0,032946248
681; 0,078125; 0,078125; 213,95238095238096; 0,032814782
682; 0,078125; 0,078125; 213,35714285714286; 0,032723486
683; 0,078125; 0,078125; 215,85714285714286; 0,03310692
684; 0,078125; 0,078125; 215,26190476190476; 0,033015627
685; 0,078125; 0,078125; 215,54761904761904; 0,033059448
686; 0,078125; 0,078125; 217,35714285714286; 0,033336982
687; 0,078125; 0,078125; 215,0952380952381; 0,032990064
688; 0,078125; 0,078125; 217,33333333333334; 0,03333333
689; 0,078125; 0,078125; 214,4047619047619; 0,032884162
690; 0,078125; 0,078125; 215,73809523809524; 0,03308866
691; 0,078125; 0,078125; 215,57142857142858; 0,0330631
692; 0,078125; 0,078125; 213,6904761904762; 0,03277461
693; 0,078125; 0,078125; 215,38095238095238; 0,03303389
694; 0,078125; 0,078125; 214,97619047619048; 0,032971807
695; 0,078125; 0,078125; 215,11904761904762; 0,03299372
696; 0,078125; 0,078125; 214,02380952380952; 0,03282574
697; 0,078125; 0,078125; 213,3095238095238; 0,032716185
698; 0,078125; 0,078125; 215,0952380952381; 0,03299007
699; 0,078125; 0,078125; 218,95238095238096; 0,033581655
700; 0,078125; 0,078125; 215,1904761904762; 0,033004675
701; 0,078125; 0,078125; 213,71428571428572; 0,032778263
702; 0,078125; 0,078125; 213,33333333333334; 0,032719836
703; 0,078125; 0,078125; 214,71428571428572; 0,032931637
704; 0,078125; 0,078125; 214,92857142857142; 0,032964505
705; 0,078125; 0,078125; 215,97619047619048; 0,03312518
706; 0,078125; 0,078125; 215,76190476190476; 0,03309232
707; 0,078125; 0,078125; 216,54761904761904; 0,033212822
708; 0,078125; 0,078125; 215,83333333333334; 0,033103272
709; 0,078125; 0,078125; 217,66666666666666; 0,033384454
710; 0,078125; 0,078125; 213,26190476190476; 0,032708883
711; 0,078125; 0,078125; 214,76190476190476; 0,03293894
712; 0,078125; 0,078125; 214,28571428571428; 0,032865904
713; 0,078125; 0,078125; 215,23809523809524; 0,033011977
714; 0,078125; 0,078125; 215,26190476190476; 0,033015627
715; 0,078125; 0,078125; 214,97619047619048; 0,032971807
716; 0,078125; 0,078125; 216,33333333333334; 0,03317996
717; 0,078125; 0,078125; 215,9047619047619; 0,03311423
718; 0,078125; 0,078125; 214,28571428571428; 0,032865908
719; 0,078125; 0,078125; 215,23809523809524; 0,033011977
720; 0,078125; 0,078125; 214,76190476190476; 0,032938942
721; 0,078125; 0,078125; 215,97619047619048; 0,03312518
722; 0,078125; 0,078125; 214,23809523809524; 0,032858603
723; 0,078125; 0,078125; 217,38095238095238; 0,033340633
724; 0,078125; 0,078125; 218,57142857142858; 0,033523224
725; 0,078125; 0,078125; 214,23809523809524; 0,032858603
726; 0,078125; 0,078125; 215,3095238095238; 0,033022933
727; 0,078125; 0,078125; 215,35714285714286; 0,033030234
728; 0,078125; 0,078125; 216,07142857142858; 0,033139784
729; 0,078125; 0,078125; 215,47619047619048; 0,033048496
730; 0,078125; 0,078125; 215,35714285714286; 0,033030234
731; 0,078125; 0,078125; 213,0952380952381; 0,03268332
732; 0,078125; 0,078125; 215,5952380952381; 0,033066757
733; 0,078125; 0,078125; 216,3095238095238; 0,03317631
734; 0,078125; 0,078125; 214,35714285714286; 0,03287686
735; 0,078125; 0,078125; 214,8095238095238; 0,032946248
736; 0,078125; 0,078125; 213,11904761904762; 0,032686967
737; 0,078125; 0,078125; 215,38095238095238; 0,03303389
738; 0,078125; 0,078125; 215,23809523809524; 0,03301198
739; 0,078125; 0,078125; 215,04761904761904; 0,03298276
740; 0,078125; 0,078125; 216,5; 0,033205517
741; 0,078125; 0,078125; 215,66666666666666; 0,03307771
742; 0,078125; 0,078125; 216,02380952380952; 0,033132486
743; 0,078125; 0,078125; 216,33333333333334; 0,033179957
744; 0,078125; 0,078125; 214,5; 0,032898773
745; 0,078125; 0,078125; 216,28571428571428; 0,033172652
746; 0,078125; 0,078125; 213,38095238095238; 0,03272714
747; 0,078125; 0,078125; 215,33333333333334; 0,033026583
748; 0,078125; 0,078125; 215,33333333333334; 0,033026587
749; 0,078125; 0,078125; 214,4047619047619; 0,032884162
750; 0,078125; 0,078125; 214,3095238095238; 0,03286956
751; 0,078125; 0,078125; 215,0952380952381; 0,03299007
752; 0,078125; 0,078125; 215,11904761904762; 0,032993715
753; 0,078125; 0,078125; 214,07142857142858; 0,03283304
754; 0,078125; 0,078125; 216,45238095238096; 0,03319822
755; 0,078125; 0,078125; 214,52380952380952; 0,032902423
756; 0,078125; 0,078125; 215,42857142857142; 0,033041187
757; 0,078125; 0,078125; 216,57142857142858; 0,033216473
758; 0,078125; 0,078125; 214,78571428571428; 0,03294259
759; 0,078125; 0,078125; 218,88095238095238; 0,033570696
760; 0,078125; 0,078125; 216,1904761904762; 0,033158045
761; 0,078125; 0,078125; 215,1904761904762; 0,03300467
762; 0,078125; 0,078125; 215,28571428571428; 0,033019282
763; 0,078125; 0,078125; 216,0; 0,03312883
764; 0,078125; 0,078125; 215,42857142857142; 0,03304119
765; 0,078125; 0,078125; 214,6904761904762; 0,032927983
766; 0,078125; 0,078125; 215,38095238095238; 0,03303389
767; 0,078125; 0,078125; 215,38095238095238; 0,033033885
768; 0,078125; 0,078125; 213,5952380952381; 0,032760005
769; 0,078125; 0,078125; 213,26190476190476; 0,03270888
770; 0,078125; 0,078125; 215,3095238095238; 0,03302293
771; 0,078125; 0,078125; 213,5952380952381; 0,032760005
772; 0,078125; 0,078125; 217,9047619047619; 0,033420973
773; 0,078125; 0,078125; 215,8095238095238; 0,03309962
774; 0,078125; 0,078125; 215,61904761904762; 0,033070404
775; 0,078125; 0,078125; 215,07142857142858; 0,03298641
776; 0,078125; 0,078125; 218,97619047619048; 0,033585303
777; 0,078125; 0,078125; 213,5952380952381; 0,032760005
778; 0,078125; 0,078125; 214,16666666666666; 0,03284765
779; 0,078125; 0,078125; 213,73809523809524; 0,032781914
780; 0,078125; 0,078125; 215,11904761904762; 0,03299372
781; 0,078125; 0,078125; 216,26190476190476; 0,033169
782; 0,078125; 0,078125; 215,95238095238096; 0,03312153
783; 0,078125; 0,078125; 214,14285714285714; 0,032843996
784; 0,078125; 0,078125; 216,02380952380952; 0,033132486
785; 0,078125; 0,078125; 219,61904761904762; 0,033683904
786; 0,078125; 0,078125; 215,28571428571428; 0,033019274
787; 0,078125; 0,078125; 215,33333333333334; 0,033026583
788; 0,078125; 0,078125; 216,9047619047619; 0,0332676
789; 0,078125; 0,078125; 213,0952380952381; 0,03268332
790; 0,078125; 0,0625; 216,45238095238096; 0,033198223
791; 0,0625; 0,0625; 214,5952380952381; 0,03291338
792; 0,0625; 0,0625; 213,5952380952381; 0,03276001
793; 0,0625; 0,0625; 214,33333333333334; 0,03287321
794; 0,0625; 0,0625; 215,47619047619048; 0,03304849
795; 0,0625; 0,0625; 215,66666666666666; 0,033077702
796; 0,0625; 0,0625; 216,97619047619048; 0,03327855
797; 0,0625; 0,0625; 217,02380952380952; 0,033285853
798; 0,0625; 0,0625; 216,21428571428572; 0,033161692
799; 0,0625; 0,0625; 217,57142857142858; 0,033369847
800; 0,0625; 0,0625; 215,61904761904762; 0,033070404
801; 0,0625; 0,0625; 216,45238095238096; 0,033198208
802; 0,0625; 0,0625; 217,78571428571428; 0,03340271
803; 0,0625; 0,0625; 222,73809523809524; 0,03416228
804; 0,0625; 0,0625; 218,21428571428572; 0,033468444
805; 0,0625; 0,0625; 217,5; 0,03335889
806; 0,0625; 0,0625; 216,35714285714286; 0,033183604
807; 0,0625; 0,0625; 217,0; 0,033282198
808; 0,0625; 0,0625; 217,5; 0,03335889
809; 0,0625; 0,0625; 216,61904761904762; 0,033223774
810; 0,0625; 0,0625; 218,57142857142858; 0,03352322
811; 0,0625; 0,0625; 218,14285714285714; 0,033457488
812; 0,0625; 0,0625; 217,26190476190476; 0,03332237
813; 0,0625; 0,0625; 218,54761904761904; 0,03351957
814; 0,0625; 0,0625; 214,54761904761904; 0,032906074
815; 0,0625; 0,0625; 217,1904761904762; 0,033311415
816; 0,0625; 0,0625; 219,11904761904762; 0,033607207
817; 0,0625; 0,0625; 217,42857142857142; 0,03334794
818; 0,0625; 0,0625; 216,6904761904762; 0,03323473
819; 0,0625; 0,0625; 218,3095238095238; 0,033483047
820; 0,0625; 0,0625; 216,45238095238096; 0,033198208
821; 0,0625; 0,0625; 217,8095238095238; 0,033406362
822; 0,0625; 0,0625; 216,5; 0,033205517
823; 0,0625; 0,0625; 216,85714285714286; 0,033260293
824; 0,0625; 0,0625; 216,64285714285714; 0,033227425
825; 0,0625; 0,0625; 216,42857142857142; 0,03319456
826; 0,0625; 0,0625; 218,11904761904762; 0,033453833
827; 0,0625; 0,0625; 216,66666666666666; 0,033231072
828; 0,0625; 0,0625; 217,5952380952381; 0,033373497
829; 0,0625; 0,0625; 217,3095238095238; 0,03332968
830; 0,0625; 0,0625; 217,04761904761904; 0,033289507
831; 0,0625; 0,0625; 218,04761904761904; 0,033442877
832; 0,0625; 0,0625; 217,5952380952381; 0,0333735
833; 0,0625; 0,0625; 217,04761904761904; 0,033289507
834; 0,0625; 0,0625; 217,28571428571428; 0,033326022
835; 0,0625; 0,0625; 218,1904761904762; 0,03346479
836; 0,0625; 0,0625; 216,9047619047619; 0,03326759
837; 0,0625; 0,0625; 216,9047619047619; 0,033267602
838; 0,0625; 0,0625; 214,71428571428572; 0,03293163
839; 0,0625; 0,0625; 216,66666666666666; 0,03323108
840; 0,0625; 0,0625; 217,47619047619048; 0,03335524
841; 0,0625; 0,0625; 217,54761904761904; 0,033366192
842; 0,0625; 0,0625; 217,14285714285714; 0,033304114
843; 0,0625; 0,0625; 215,6904761904762; 0,033081356
844; 0,0625; 0,0625; 216,76190476190476; 0,033245686
845; 0,0625; 0,0625; 216,73809523809524; 0,033242032
846; 0,0625; 0,0625; 216,5; 0,033205517
847; 0,0625; 0,0625; 217,54761904761904; 0,033366196
848; 0,0625; 0,0625; 217,14285714285714; 0,033304114
849; 0,0625; 0,0625; 217,57142857142858; 0,033369847
850; 0,0625; 0,0625; 216,1904761904762; 0,03315804
851; 0,0625; 0,0625; 216,95238095238096; 0,0332749
852; 0,0625; 0,0625; 216,64285714285714; 0,03322742
853; 0,0625; 0,0625; 217,54761904761904; 0,033366196
854; 0,0625; 0,0625; 216,76190476190476; 0,033245686
855; 0,0625; 0,0625; 215,71428571428572; 0,033085015
856; 0,0625; 0,0625; 216,45238095238096; 0,03319821
857; 0,0625; 0,0625; 216,73809523809524; 0,03324203
858; 0,0625; 0,0625; 217,0; 0,0332822
859; 0,0625; 0,0625; 217,21428571428572; 0,03331507
860; 0,0625; 0,0625; 218,16666666666666; 0,03346114
861; 0,0625; 0,0625; 217,8095238095238; 0,033406366
862; 0,0625; 0,046875; 215,78571428571428; 0,033095963
863; 0,046875; 0,046875; 224,42857142857142; 0,034421556
864; 0,046875; 0,046875; 230,45238095238096; 0,035345457
865; 0,046875; 0,046875; 219,38095238095238; 0,03364739
866; 0,046875; 0,046875; 216,92857142857142; 0,033271246
867; 0,046875; 0,046875; 220,6904761904762; 0,033848234
868; 0,046875; 0,046875; 218,07142857142858; 0,033446535
869; 0,046875; 0,046875; 219,9047619047619; 0,03372772
870; 0,046875; 0,046875; 220,11904761904762; 0,033760585
871; 0,046875; 0,046875; 217,97619047619048; 0,03343193
872; 0,046875; 0,046875; 217,88095238095238; 0,03341732
873; 0,046875; 0,046875; 215,61904761904762; 0,0330704
874; 0,046875; 0,046875; 219,4047619047619; 0,03365103
875; 0,046875; 0,046875; 217,97619047619048; 0,03343193
876; 0,046875; 0,046875; 215,95238095238096; 0,033121526
877; 0,046875; 0,046875; 218,71428571428572; 0,03354513
878; 0,046875; 0,046875; 216,54761904761904; 0,033212822
879; 0,046875; 0,046875; 213,95238095238096; 0,032814775
880; 0,046875; 0,046875; 218,14285714285714; 0,033457488
881; 0,046875; 0,046875; 217,6904761904762; 0,033388108
882; 0,046875; 0,046875; 220,57142857142858; 0,033829972
883; 0,046875; 0,046875; 219,5; 0,033665646
884; 0,046875; 0,046875; 218,28571428571428; 0,0334794
885; 0,046875; 0,046875; 222,97619047619048; 0,034198802
886; 0,046875; 0,046875; 220,38095238095238; 0,033800755
887; 0,046875; 0,046875; 219,78571428571428; 0,03370946
888; 0,046875; 0,046875; 217,6904761904762; 0,033388108
889; 0,046875; 0,046875; 221,42857142857142; 0,033961434
890; 0,046875; 0,046875; 216,33333333333334; 0,033179957
891; 0,046875; 0,046875; 217,16666666666666; 0,03330777
892; 0,046875; 0,046875; 215,71428571428572; 0,03308501
893; 0,046875; 0,046875; 217,07142857142858; 0,03329316
894; 0,046875; 0,046875; 216,85714285714286; 0,033260297
895; 0,046875; 0,046875; 220,8095238095238; 0,03386649
896; 0,046875; 0,046875; 215,76190476190476; 0,033092313
897; 0,046875; 0,046875; 218,5952380952381; 0,033526875
898; 0,046875; 0,046875; 219,38095238095238; 0,03364739
899; 0,046875; 0,046875; 216,9047619047619; 0,0332676
900; 0,046875; 0,046875; 218,92857142857142; 0,033577997
901; 0,046875; 0,046875; 217,23809523809524; 0,033318724
902; 0,046875; 0,046875; 214,85714285714286; 0,03295354
903; 0,046875; 0,046875; 217,16666666666666; 0,03330777
904; 0,046875; 0,046875; 219,02380952380952; 0,03359261
905; 0,046875; 0,046875; 220,42857142857142; 0,033808064
906; 0,046875; 0,046875; 215,52380952380952; 0,033055797
907; 0,046875; 0,046875; 217,0952380952381; 0,033296812
908; 0,046875; 0,03125; 221,6904761904762; 0,034001604
909; 0,03125; 0,03125; 216,97619047619048; 0,033278555
910; 0,03125; 0,03125; 207,3095238095238; 0,031795938
911; 0,03125; 0,03125; 208,78571428571428; 0,032022346
912; 0,03125; 0,03125; 209,14285714285714; 0,032077126
913; 0,03125; 0,03125; 209,6904761904762; 0,032161113
914; 0,03125; 0,03125; 210,1904761904762; 0,032237798
915; 0,03125; 0,03125; 210,3095238095238; 0,03225606
916; 0,03125; 0,03125; 209,52380952380952; 0,032135557
917; 0,03125; 0,03125; 214,0952380952381; 0,032836694
918; 0,03125; 0,03125; 211,0952380952381; 0,03237657
919; 0,03125; 0,03125; 213,73809523809524; 0,032781918
920; 0,03125; 0,03125; 211,9047619047619; 0,032500733
921; 0,03125; 0,03125; 210,61904761904762; 0,03230354
922; 0,03125; 0,03125; 211,26190476190476; 0,03240213
923; 0,03125; 0,03125; 213,66666666666666; 0,03277096
924; 0,03125; 0,03125; 211,3095238095238; 0,032409437
925; 0,03125; 0,03125; 209,57142857142858; 0,03214286
926; 0,03125; 0,03125; 210,26190476190476; 0,032248758
927; 0,03125; 0,03125; 210,11904761904762; 0,03222685
928; 0,03125; 0,03125; 210,33333333333334; 0,032259714
929; 0,03125; 0,03125; 213,14285714285714; 0,032690626
930; 0,03125; 0,03125; 211,04761904761904; 0,032369267
931; 0,03125; 0,03125; 211,16666666666666; 0,032387525
932; 0,03125; 0,03125; 209,76190476190476; 0,03217207
933; 0,03125; 0,03125; 214,88095238095238; 0,032957204
934; 0,03125; 0,03125; 210,28571428571428; 0,032252412
935; 0,03125; 0,03125; 214,76190476190476; 0,032938946
936; 0,03125; 0,03125; 211,0; 0,032361966
937; 0,03125; 0,03125; 211,97619047619048; 0,032511685
938; 0,03125; 0,03125; 211,38095238095238; 0,03242039
939; 0,03125; 0,03125; 211,47619047619048; 0,032435
940; 0,03125; 0,03125; 211,9047619047619; 0,032500725
941; 0,03125; 0,03125; 212,1904761904762; 0,032544557
942; 0,03125; 0,03125; 211,3095238095238; 0,03240944
943; 0,03125; 0,03125; 211,5952380952381; 0,032453258
944; 0,03125; 0,03125; 210,78571428571428; 0,0323291
945; 0,03125; 0,03125; 209,45238095238096; 0,0321246
946; 0,03125; 0,03125; 210,64285714285714; 0,03230719
947; 0,03125; 0,03125; 213,28571428571428; 0,032712538
948; 0,03125; 0,03125; 211,73809523809524; 0,032475166
949; 0,03125; 0,03125; 212,9047619047619; 0,032654107
950; 0,03125; 0,03125; 211,02380952380952; 0,032365616
951; 0,03125; 0,03125; 212,04761904761904; 0,032522645
952; 0,03125; 0,03125; 212,07142857142858; 0,032526296
953; 0,03125; 0,03125; 211,52380952380952; 0,0324423
954; 0,03125; 0,03125; 210,76190476190476; 0,03232545
955; 0,03125; 0,03125; 211,16666666666666; 0,032387525
956; 0,03125; 0,03125; 210,38095238095238; 0,032267015
957; 0,03125; 0,03125; 212,38095238095238; 0,032573767
958; 0,03125; 0,03125; 212,45238095238096; 0,03258472
959; 0,03125; 0,03125; 211,16666666666666; 0,032387525
960; 0,03125; 0,03125; 211,21428571428572; 0,03239483
961; 0,03125; 0,03125; 210,71428571428572; 0,032318145
962; 0,03125; 0,03125; 211,3095238095238; 0,03240944
963; 0,03125; 0,03125; 211,02380952380952; 0,032365613
964; 0,03125; 0,03125; 210,5952380952381; 0,032299884
965; 0,03125; 0,03125; 211,66666666666666; 0,032464214
966; 0,03125; 0,03125; 210,6904761904762; 0,032314487
967; 0,03125; 0,03125; 211,35714285714286; 0,03241674
968; 0,03125; 0,03125; 211,14285714285714; 0,03238387
969; 0,03125; 0,03125; 209,78571428571428; 0,032175727
970; 0,03125; 0,03125; 211,21428571428572; 0,03239483
971; 0,03125; 0,03125; 210,85714285714286; 0,032340053
972; 0,03125; 0,03125; 210,88095238095238; 0,032343704
973; 0,03125; 0,03125; 213,16666666666666; 0,032694273
974; 0,03125; 0,03125; 209,9047619047619; 0,03219398
975; 0,03125; 0,03125; 211,07142857142858; 0,03237292
976; 0,03125; 0,03125; 211,78571428571428; 0,03248247
977; 0,03125; 0,03125; 212,26190476190476; 0,032555506
978; 0,03125; 0,03125; 211,5; 0,032438647
979; 0,03125; 0,03125; 212,04761904761904; 0,032522637
980; 0,03125; 0,03125; 210,57142857142858; 0,032296233
981; 0,03125; 0,03125; 211,04761904761904; 0,03236927
982; 0,03125; 0,03125; 211,45238095238096; 0,03243135
983; 0,03125; 0,03125; 212,52380952380952; 0,032595675
984; 0,03125; 0,03125; 210,73809523809524; 0,032321792
985; 0,03125; 0,03125; 211,35714285714286; 0,032416742
986; 0,03125; 0,03125; 211,0; 0,032361962
987; 0,03125; 0,03125; 210,85714285714286; 0,032340057
988; 0,03125; 0,03125; 211,92857142857142; 0,032504383
989; 0,03125; 0,03125; 211,26190476190476; 0,032402135
990; 0,03125; 0,03125; 213,88095238095238; 0,032803826
991; 0,03125; 0,03125; 212,0952380952381; 0,032529943
992; 0,03125; 0,03125; 211,14285714285714; 0,032383878
993; 0,03125; 0,03125; 211,4047619047619; 0,032424044
994; 0,03125; 0,03125; 211,11904761904762; 0,032380227
995; 0,03125; 0,03125; 211,9047619047619; 0,03250073
996; 0,03125; 0,03125; 212,02380952380952; 0,03251899
997; 0,03125; 0,03125; 211,92857142857142; 0,032504383
998; 0,03125; 0,03125; 210,97619047619048; 0,03235831
999; 0,03125; 0,03125; 211,5952380952381; 0,032453258
1000; 0,03125; 0,03125; 211,83333333333334; 0,032489777
1001; 0,03125; 0,03125; 213,88095238095238; 0,032803826
1002; 0,03125; 0,03125; 211,26190476190476; 0,03240214
1003; 0,03125; 0,03125; 209,66666666666666; 0,032157466
1004; 0,03125; 0,03125; 211,0; 0,032361962
1005; 0,03125; 0,03125; 211,54761904761904; 0,032445952
1006; 0,03125; 0,03125; 211,47619047619048; 0,032435
1007; 0,03125; 0,03125; 211,16666666666666; 0,032387525
1008; 0,03125; 0,03125; 213,3095238095238; 0,032716185
1009; 0,03125; 0,03125; 211,28571428571428; 0,032405786
1010; 0,03125; 0,03125; 210,83333333333334; 0,0323364
1011; 0,03125; 0,03125; 211,04761904761904; 0,032369267
1012; 0,03125; 0,03125; 210,64285714285714; 0,03230719
1013; 0,03125; 0,03125; 211,1904761904762; 0,03239118
1014; 0,03125; 0,03125; 211,0952380952381; 0,03237657
1015; 0,03125; 0,03125; 212,57142857142858; 0,03260298
1016; 0,03125; 0,03125; 210,9047619047619; 0,032347355
1017; 0,03125; 0,03125; 210,28571428571428; 0,032252412
1018; 0,03125; 0,03125; 212,0; 0,03251534
1019; 0,03125; 0,03125; 213,11904761904762; 0,032686967
1020; 0,03125; 0,03125; 210,88095238095238; 0,032343704
1021; 0,03125; 0,03125; 210,97619047619048; 0,03235831
1022; 0,03125; 0,03125; 209,21428571428572; 0,032088082
1023; 0,03125; 0,03125; 209,35714285714286; 0,03210999
1024; 0,03125; 0,03125; 210,26190476190476; 0,032248758
1025; 0,03125; 0,03125; 211,73809523809524; 0,03247517
1026; 0,03125; 0,03125; 213,57142857142858; 0,032756355
1027; 0,03125; 0,03125; 212,1904761904762; 0,032544557
1028; 0,03125; 0,03125; 211,16666666666666; 0,032387525
1029; 0,03125; 0,03125; 211,5; 0,032438654
1030; 0,03125; 0,03125; 211,83333333333334; 0,032489773
1031; 0,03125; 0,03125; 214,26190476190476; 0,032862257
1032; 0,03125; 0,03125; 211,52380952380952; 0,0324423
1033; 0,03125; 0,03125; 210,57142857142858; 0,032296233
1034; 0,03125; 0,03125; 212,8095238095238; 0,032639496
1035; 0,03125; 0,03125; 211,14285714285714; 0,032383874
1036; 0,03125; 0,03125; 211,35714285714286; 0,032416742
1037; 0,03125; 0,03125; 211,0; 0,032361966
1038; 0,03125; 0,03125; 210,47619047619048; 0,032281626
1039; 0,03125; 0,03125; 210,95238095238096; 0,03235466
1040; 0,03125; 0,03125; 211,66666666666666; 0,032464214
1041; 0,03125; 0,03125; 210,64285714285714; 0,03230719
1042; 0,03125; 0,03125; 211,14285714285714; 0,032383878
1043; 0,03125; 0,03125; 210,1904761904762; 0,032237805
1044; 0,03125; 0,03125; 211,23809523809524; 0,03239848
1045; 0,03125; 0,03125; 211,21428571428572; 0,03239483
1046; 0,03125; 0,03125; 211,3095238095238; 0,032409437
1047; 0,03125; 0,03125; 212,0; 0,03251534
1048; 0,03125; 0,03125; 211,16666666666666; 0,03238753
1049; 0,03125; 0,03125; 213,5; 0,0327454
1050; 0,03125; 0,03125; 213,64285714285714; 0,032767307
1051; 0,03125; 0,03125; 211,11904761904762; 0,03238022
1052; 0,03125; 0,03125; 211,4047619047619; 0,032424044
1053; 0,03125; 0,03125; 210,47619047619048; 0,032281626
1054; 0,03125; 0,03125; 211,88095238095238; 0,032497082
1055; 0,03125; 0,03125; 211,14285714285714; 0,032383874
1056; 0,03125; 0,03125; 210,78571428571428; 0,0323291
1057; 0,03125; 0,015625; 211,71428571428572; 0,032471515
1058; 0,015625; 0,015625; 212,26190476190476; 0,032555506
1059; 0,015625; 0,015625; 212,0; 0,032515332
1060; 0,015625; 0,015625; 210,0; 0,032208584
1061; 0,015625; 0,015625; 212,66666666666666; 0,032617588
1062; 0,015625; 0,015625; 211,5; 0,032438654
1063; 0,015625; 0,015625; 212,0952380952381; 0,032529946
1064; 0,015625; 0,015625; 210,42857142857142; 0,03227432
1065; 0,015625; 0,015625; 210,07142857142858; 0,032219544
1066; 0,015625; 0,015625; 210,5; 0,03228528
1067; 0,015625; 0,015625; 212,54761904761904; 0,03259933
1068; 0,015625; 0,015625; 211,11904761904762; 0,03238022
1069; 0,015625; 0,015625; 211,02380952380952; 0,032365613
1070; 0,015625; 0,015625; 211,21428571428572; 0,032394834
1071; 0,015625; 0,015625; 211,66666666666666; 0,032464214
1072; 0,015625; 0,015625; 215,16666666666666; 0,033001028
1073; 0,015625; 0,015625; 211,6904761904762; 0,032467864
1074; 0,015625; 0,015625; 210,76190476190476; 0,032325447
1075; 0,015625; 0,015625; 209,8095238095238; 0,032179374
1076; 0,015625; 0,015625; 210,04761904761904; 0,032215893
1077; 0,015625; 0,015625; 211,85714285714286; 0,03249343
1078; 0,015625; 0,015625; 210,64285714285714; 0,032307185
1079; 0,015625; 0,015625; 211,02380952380952; 0,032365613
1080; 0,015625; 0,015625; 210,78571428571428; 0,0323291
1081; 0,015625; 0,015625; 212,14285714285714; 0,032537248
1082; 0,015625; 0,015625; 210,6904761904762; 0,032314487
1083; 0,015625; 0,015625; 211,85714285714286; 0,03249343
1084; 0,015625; 0,015625; 211,33333333333334; 0,03241309
1085; 0,015625; 0,015625; 212,0952380952381; 0,032529943
1086; 0,015625; 0,015625; 211,42857142857142; 0,0324277
1087; 0,015625; 0,015625; 210,5; 0,032285277
1088; 0,015625; 0,015625; 210,97619047619048; 0,03235831
1089; 0,015625; 0,015625; 211,54761904761904; 0,032445956
1090; 0,015625; 0,015625; 211,83333333333334; 0,032489777
1091; 0,015625; 0,015625; 211,02380952380952; 0,032365613
1092; 0,015625; 0,015625; 211,5952380952381; 0,032453258
1093; 0,015625; 0,015625; 212,6904761904762; 0,03262124
1094; 0,015625; 0,015625; 211,9047619047619; 0,032500733
1095; 0,015625; 0,015625; 213,3095238095238; 0,032716185
1096; 0,015625; 0,015625; 209,83333333333334; 0,03218303
1097; 0,015625; 0,015625; 210,54761904761904; 0,032292582
1098; 0,015625; 0,015625; 210,6904761904762; 0,03231449
1099; 0,015625; 0,015625; 213,4047619047619; 0,032730795
1100; 0,015625; 0,015625; 211,88095238095238; 0,03249708
1101; 0,015625; 0,015625; 210,88095238095238; 0,032343704
1102; 0,015625; 0,015625; 212,02380952380952; 0,03251899
1103; 0,015625; 0,015625; 210,78571428571428; 0,0323291
1104; 0,015625; 0,015625; 212,38095238095238; 0,032573767
1105; 0,015625; 0,015625; 212,07142857142858; 0,032526296
1106; 0,015625; 0,015625; 212,57142857142858; 0,032602984
1107; 0,015625; 0,015625; 210,95238095238096; 0,03235466
1108; 0,015625; 0,015625; 212,52380952380952; 0,03259568
1109; 0,015625; 0,015625; 210,71428571428572; 0,032318145
1110; 0,015625; 0,015625; 213,66666666666666; 0,03277096
1111; 0,015625; 0,015625; 211,85714285714286; 0,03249343
1112; 0,015625; 0,015625; 211,95238095238096; 0,032508034
1113; 0,015625; 0,015625; 212,9047619047619; 0,032654107
1114; 0,015625; 0,015625; 211,16666666666666; 0,03238753
1115; 0,015625; 0,0; 210,5952380952381; 0,032299884
